-2	-65	75	65	-37	55	33	-100	-42	-36	-5	-55	-73	41	39	37	-72	96	87	-72	-74	-78	60	-63	-10	-93	4	-43	7	1	73	99	90	55	-70	11	-10	19	-30	33	-43	-41	37	51	96	53	-60	-99	-14	71	71	60	64	60	-33	-52	-57	-84	-40	-84	32	-81	-39	25	47	85	-86	50	40	31	-8	-32	2	57	97	7	-18	65	78	-46	82	77	-74	52	28	-97	-86	-44	73	-22	-41	9	45	19	96	-91	99	28	-50	3
96	84	-100	24	-72	-44	42	-87	-68	91	21	51	-89	-91	-19	-68	-25	33	-30	-68	67	76	-93	-90	84	-33	-40	97	-13	3	69	-84	-27	32	85	88	76	27	83	-36	80	44	35	48	-90	-39	8	-18	31	-59	-90	-4	78	31	5	-22	91	57	39	-53	46	77	-27	-82	0	79	-45	20	-24	54	18	45	63	2	-89	92	60	-75	-82	90	26	-65	-6	57	30	83	16	-4	84	-57	-96	-46	-64	-21	50	71	-98	69	-4	-21
-13	-96	34	-23	65	48	95	0	79	-22	-33	24	-91	49	-44	-15	-88	82	44	-66	27	-97	-83	90	-85	-74	88	13	29	30	56	-98	-21	61	-5	11	-85	13	37	99	-26	76	-29	49	-65	27	-3	48	-19	-52	-86	100	-54	64	3	-37	-48	-30	27	-4	59	65	-94	3	23	-44	72	80	16	10	21	46	75	77	49	20	-73	-57	39	75	-17	-12	-24	-39	-38	57	17	22	61	7	42	-58	27	-42	61	88	92	-83	74	79
-56	2	7	-67	58	36	32	74	-66	-87	20	-20	-51	-8	41	88	4	27	-10	-44	62	81	9	-68	-66	85	43	87	86	59	51	-51	57	83	85	-96	87	18	-90	22	21	-7	-62	45	-41	56	-30	80	-91	17	66	-26	-57	2	-34	73	41	-40	80	5	39	64	-59	-31	-100	-100	-100	-10	-2	92	-54	41	74	47	95	-95	68	41	-92	-96	4	76	-74	36	-41	62	-15	-19	72	21	40	-86	-79	96	57	-85	23	35	-26	96
7	-99	-55	-63	52	-12	-25	-98	73	-15	2	38	-16	-97	22	65	77	95	37	12	22	15	53	-100	5	-12	10	-58	-68	-23	10	-3	-68	-14	-71	-100	-68	-56	-45	-79	6	33	-40	41	-59	-26	40	-61	41	95	16	36	-23	35	82	29	-49	-37	-9	-2	-85	-47	-54	-50	32	66	36	-32	24	62	-7	99	-99	6	64	-22	54	82	-95	-20	-93	-84	1	-11	-34	-13	11	-9	-76	-24	56	-74	-62	-20	-83	-95	-21	-36	78	48
-99	42	-51	81	-37	28	-83	-41	53	5	-27	12	51	-26	-59	-20	70	-99	69	-15	52	4	42	96	24	53	-7	17	81	-90	-87	42	23	36	42	4	65	31	-19	-5	-40	-60	43	-92	-22	-43	-58	-55	15	-37	57	-50	-13	98	57	-76	83	71	76	-1	-16	25	-81	27	-78	-73	16	74	98	49	68	-69	-97	-45	-51	45	-64	-33	92	22	-8	3	-19	42	-8	-48	36	-67	-33	-95	78	-89	39	-35	-10	-81	-7	93	-23	-19
80	89	-74	56	23	-66	-53	-24	1	-16	16	46	-61	-50	-63	-69	-26	-88	-30	37	-83	42	86	-80	49	-50	79	61	-13	-85	-69	98	26	85	49	-70	-88	73	28	63	-10	62	-51	-2	77	68	60	-8	89	-93	-90	33	13	83	31	-91	-92	98	-85	66	-59	-57	22	-53	-9	-70	6	61	-79	-5	1	-58	25	-79	35	38	-27	10	-69	-40	-89	-16	94	-97	25	48	32	20	62	-87	-86	-30	-68	-2	40	16	-83	48	40	-59
100	-49	-3	45	-19	80	74	69	-80	34	-42	37	88	-83	-76	-46	58	-8	-49	-33	-18	-45	42	91	54	47	-55	-5	3	21	-38	-77	-55	-7	46	49	30	18	-86	-57	22	-69	-11	-38	-82	39	98	-30	-98	-9	-64	11	74	-12	29	88	-31	35	96	-10	-39	-80	-36	-27	-48	-39	100	22	16	-19	-16	-92	-97	-40	84	94	50	94	24	-10	71	-72	-93	-98	-42	31	-75	-41	-13	2	-67	66	-80	72	-19	19	-90	-1	52	-76
4	-80	50	-61	-78	2	-32	40	24	6	-59	68	-76	-39	44	98	-45	10	-42	-84	-36	18	-29	53	87	-95	-3	-9	57	-59	43	-34	36	59	-45	49	34	83	23	95	-51	-50	71	-3	67	22	-14	-81	49	-42	0	-100	38	79	0	-85	63	92	-34	5	57	14	-33	-23	24	-62	-33	-97	3	-57	64	97	43	-64	-73	-13	-38	-83	-82	98	32	57	-34	-26	-10	91	41	50	4	-77	-64	-77	-14	-81	24	-44	-92	53	-57	99
96	-75	13	12	-100	-63	84	82	-48	-26	-18	7	-63	-22	23	-21	-61	2	14	-92	32	-96	5	-84	74	-18	73	100	82	69	-60	10	-54	38	3	-9	9	-23	-22	44	70	-88	56	-59	-25	73	-71	-52	71	-65	-8	99	-9	14	41	-70	-46	31	-20	-86	-99	29	45	-33	-99	90	-76	-79	-19	34	20	-7	48	41	-89	29	33	90	57	-67	-75	-64	-54	-7	-36	-1	-69	-4	61	-55	41	68	-78	-20	90	6	-41	87	-39	-73
-78	-75	-91	-59	58	-86	-67	-57	95	-36	66	54	61	-21	71	98	17	-7	-36	-89	-70	42	-14	73	64	55	25	-10	-51	68	52	6	-5	100	-98	-46	-67	13	20	8	-27	57	-21	11	-27	2	-93	48	-19	-21	-27	100	-88	-40	13	-43	-49	87	-60	64	70	-76	-93	-7	42	99	57	63	-81	47	87	-95	82	-59	65	-6	70	-76	-76	-2	100	-30	88	-46	-72	-3	98	63	-81	38	1	-39	99	-58	-39	-56	-92	-34	-54	-75
91	-67	-8	-56	-47	-50	-24	-59	55	-50	47	-77	55	-15	42	-59	12	-34	-78	79	59	45	-99	73	-100	-72	-95	-14	97	53	95	98	56	36	17	-75	45	89	3	0	94	-71	-39	-64	-16	-27	86	47	67	56	22	2	-79	-3	-58	79	36	-12	-41	50	94	-85	-28	-49	75	-17	-55	28	-71	-22	51	99	-30	-10	-95	-11	-61	48	-42	-69	-26	-71	20	-33	-96	38	-63	65	-79	16	38	100	-47	36	33	-39	-26	72	-55	30
-87	70	-36	98	-95	28	75	21	96	-44	-95	68	-94	49	-62	-1	-23	57	-55	66	64	44	-8	-23	-2	-30	-37	-32	-34	26	8	25	-23	68	-82	16	-79	-4	-63	84	85	60	19	-21	4	-11	23	45	31	-36	-64	-79	25	77	41	6	54	8	62	-46	-68	-53	-40	0	-76	91	75	-69	-1	67	-78	8	-38	-24	-46	5	89	-9	0	-68	77	-16	-35	-22	22	-79	-100	-12	-55	-65	38	-16	98	-87	-83	-5	27	-70	66	62
57	-8	39	61	70	41	-55	85	21	-14	30	-8	88	89	-6	37	-82	15	-33	-9	-83	21	-5	-70	8	97	-94	84	-90	-28	-77	-28	9	-32	-42	-90	-79	40	30	-84	-73	-49	74	74	77	79	89	-4	-22	85	-47	-29	31	-94	90	52	70	-75	-4	-100	-17	93	42	-72	-47	-51	22	-5	-37	-79	-41	-77	-99	-54	72	-10	-46	-26	97	94	-90	92	90	45	22	91	21	75	39	40	54	-17	-77	-14	-91	-48	79	26	94	-78
17	-99	27	-70	58	-81	21	-96	-12	75	-72	87	2	10	36	80	7	-23	-72	-58	49	74	-15	92	-11	-98	14	-82	-39	-20	21	99	-52	-39	-96	-78	56	88	-1	-34	-36	78	18	-59	-7	28	14	-97	30	61	-56	82	22	-82	-23	22	-21	45	-78	43	-85	-26	-57	63	-95	-92	-37	37	-14	13	-9	42	-18	-36	-40	-36	59	34	5	91	54	98	-68	16	40	-50	-48	-75	-70	52	66	5	-99	-88	39	44	-91	17	-3	46
-11	-14	28	34	-38	-37	-72	-26	48	63	-33	-21	-84	42	-6	72	-30	-53	-52	96	81	-68	82	-85	70	64	17	93	-76	24	15	48	21	70	85	53	-98	46	-79	-57	-76	-70	71	75	61	15	18	92	98	-55	62	-17	-92	60	34	-15	55	-82	-75	-40	-60	-54	11	-93	-7	60	-28	21	56	99	65	-37	-42	78	-3	-22	80	-56	17	-84	-42	95	-52	-83	28	-83	-3	-29	69	-79	-58	55	-62	64	29	-38	-67	77	39	71
-39	53	62	-44	50	-42	61	81	40	1	10	-68	-17	66	-52	68	48	-49	-91	75	-92	-43	-51	-7	70	76	-5	50	-17	-71	-7	39	98	48	15	45	11	-29	-57	41	-94	-9	65	21	16	-98	-83	47	90	-61	100	-11	-62	-7	8	-34	68	93	-86	94	44	-56	-5	50	67	42	-28	-32	-68	-49	-63	17	-57	-97	-37	-72	58	5	72	-14	-88	43	-85	79	-27	-97	-1	99	40	-71	-40	80	-81	-97	-5	77	13	57	62	-23
-25	-96	35	5	46	84	18	69	85	-73	-80	84	-88	-37	77	15	4	-8	60	63	-93	-56	73	49	-20	11	-26	38	-50	-47	-89	25	-67	79	31	-77	-94	-28	46	-27	-22	-24	69	51	1	79	56	-100	-69	-60	-94	-62	-63	-95	-22	28	33	-39	82	-36	15	30	100	78	-100	14	96	8	98	-15	-5	-79	-15	34	-59	-97	69	-43	-74	16	-98	99	-97	22	100	-26	44	-96	-2	34	95	-1	41	-94	-71	-54	-95	75	-98	74
-21	58	-25	83	44	-45	-72	-97	24	-83	-76	-12	-61	-81	12	-21	-6	-2	-55	56	47	75	-2	-66	-18	91	-98	86	71	-66	89	29	91	-9	55	35	54	43	90	88	-34	-48	16	-76	43	93	-65	-3	1	-22	98	-54	30	-66	-31	33	26	80	76	-83	-33	40	-10	56	-78	-62	-49	24	10	19	-69	84	-54	-79	-62	35	-92	0	60	-88	53	-31	-24	-61	-15	-91	-79	-81	78	-96	44	-26	-53	12	93	-17	-25	-56	33	53
-20	12	52	34	-74	-12	74	-91	93	69	-52	96	-90	-79	-37	96	0	6	76	71	46	23	57	28	-31	-24	71	-39	-66	54	-36	29	-5	42	71	76	22	-37	7	1	-29	8	10	-64	62	-100	-3	48	7	-7	-5	-91	56	33	35	-79	99	75	27	25	64	70	-26	-62	14	74	43	51	-42	64	62	8	34	66	-41	28	75	-59	34	-73	-75	-37	-68	51	-20	76	18	92	58	-68	1	54	-58	42	-33	-37	-23	94	52	39
65	-39	-56	-28	40	-44	-53	-72	6	-32	-16	-17	-23	41	-89	-91	7	40	7	27	78	-98	52	-38	62	26	-29	20	48	33	16	3	88	64	7	-24	17	-88	-41	4	-54	89	-71	73	-87	-62	56	-54	-83	-86	73	-41	-32	-34	70	37	82	43	-61	35	-13	76	-26	-97	32	22	-55	-47	-23	-58	-15	-69	-43	27	1	64	-25	-23	2	70	-88	-35	-19	9	9	70	-61	-19	-91	-18	84	52	-13	20	-62	16	-71	23	78	-81
-63	85	100	-49	-42	56	-18	52	-81	90	-12	59	14	44	-35	-14	-31	31	77	-67	60	-11	3	2	91	63	-85	-32	62	-47	19	-50	22	99	-11	5	-10	5	19	51	76	88	80	27	65	11	56	-7	81	-63	-31	16	-93	-55	30	-61	26	54	-45	-87	-89	-46	-23	41	-37	-53	6	-33	35	81	18	-96	-100	-37	-60	62	99	61	12	-76	54	-94	-19	-71	93	-93	-75	30	69	23	67	48	76	-31	28	29	-43	26	-94	-12
95	46	-58	84	-98	-48	84	-52	1	-35	-48	73	94	37	30	-97	3	-72	23	-53	-92	-37	-96	57	-61	82	-76	-4	-91	-88	-59	-55	-38	37	80	-80	22	82	-25	-87	-15	37	-6	23	98	15	-29	-14	99	1	-55	97	79	31	-35	-99	64	50	-5	20	96	-76	-8	-23	-19	99	93	-62	-39	79	-70	90	64	6	-92	70	-94	-80	-90	-29	-10	-97	-100	39	-70	-71	92	16	-40	36	-76	66	-20	-48	-85	56	4	-17	-47	9
63	9	-53	-95	-88	0	-97	81	-18	63	-56	-56	82	-28	66	-14	-93	-77	-66	-89	58	8	-72	16	83	-5	26	-20	12	-31	-16	35	-92	-63	-15	-41	-37	-71	-48	-82	70	-94	-6	-7	58	46	-57	-43	8	-54	-26	14	-68	96	-91	84	-30	46	-65	-40	99	21	-18	-5	19	52	-98	67	7	-28	-77	81	68	-63	-94	-74	8	-80	-70	-16	-49	-16	-87	83	-3	92	46	-30	21	91	59	-27	51	-84	48	21	-43	81	97	84
20	14	22	-1	-44	26	-82	-96	-26	-9	22	-85	-97	2	-38	-27	-80	-87	-92	33	42	-3	-98	38	-63	42	-69	29	-15	41	-49	-78	32	58	69	9	30	-10	-63	-70	-51	100	60	8	25	-91	-67	1	-60	-46	81	-95	86	16	88	-14	-14	8	34	-31	54	34	-98	17	-64	69	-1	-49	-22	-45	-88	25	-51	-95	-52	17	-81	4	-13	33	93	-5	29	54	-32	-99	-75	-14	-25	-5	-36	45	5	73	-14	-61	-2	86	-39	-49
100	37	-62	52	-82	-73	-13	-29	-74	16	-92	-20	-24	48	-88	68	-27	-27	62	-92	47	18	-66	27	-83	76	24	-1	-73	12	-50	67	17	46	87	-69	-40	-45	-24	-34	-29	-90	-72	2	-37	-59	30	3	-84	83	-53	-79	12	48	-17	-16	-17	89	-57	80	73	-24	62	38	60	-83	-18	-11	-33	-6	-25	-67	-68	-2	-59	26	-39	94	-94	-45	-6	54	-62	91	9	-13	-2	45	-96	76	29	71	-80	-58	-28	-74	59	-92	-22	48
86	-67	-57	-59	88	0	25	-55	-4	-100	-43	-68	-45	95	93	60	74	-46	-46	61	-50	83	51	79	-32	-83	-75	-24	-58	2	-41	-72	-23	-34	-98	-9	11	-38	66	-32	63	72	-28	15	30	-15	42	42	-20	-90	-18	-43	-93	-12	92	-8	-34	38	68	-62	70	-13	76	-94	-95	-26	-68	43	73	-92	91	-39	-46	-57	41	27	-12	65	89	-85	-89	-56	-99	-45	-44	41	17	-7	64	-25	-100	-69	52	-31	-47	-47	-40	10	-90	-21
-50	-47	-79	-7	-60	76	-60	-87	22	-13	64	-65	55	-48	-27	67	9	81	25	55	64	62	-32	59	54	-36	-42	73	-42	10	38	-73	100	60	2	-4	73	-45	-1	54	-90	-55	27	-81	6	-21	-98	-3	-46	-34	10	74	-61	-80	-76	60	59	-61	99	-26	-45	24	66	14	-55	39	66	5	-66	-39	-62	-80	44	42	-54	44	-84	-90	95	-59	71	-78	-45	-23	85	-43	-93	-87	52	77	-97	-98	-96	66	33	-65	-14	-63	37	11
-25	55	-87	88	13	95	-39	-70	-77	72	72	-5	-98	51	-11	87	96	89	-16	-83	-93	-8	-8	-62	69	92	-54	-40	-24	17	34	28	55	-12	63	-37	-49	37	-100	17	90	-19	-20	-77	0	-58	0	95	95	38	99	-5	-80	86	-45	-23	-67	4	-76	62	94	-3	11	21	82	5	-36	-31	-83	-79	-70	55	19	-32	55	73	-89	-27	-23	-89	0	79	85	72	-56	-96	81	-37	-62	-55	-19	22	-53	-54	2	34	14	14	-99	-71
64	59	99	63	64	62	11	-20	40	1	77	52	-55	53	22	82	-76	29	71	47	56	20	53	-98	79	89	-85	0	58	-87	-46	95	-83	-69	-69	-29	86	55	36	-69	-73	-83	-42	16	-71	-48	-86	-26	70	-78	-89	93	62	-14	84	-33	-55	16	12	77	-13	94	17	84	-8	-28	57	-58	-29	-51	78	-2	-74	-99	98	-57	-43	-36	-16	86	32	-43	94	56	62	21	37	1	-55	-18	69	93	-77	37	-19	4	-85	-75	40	89
90	24	-56	64	50	-42	-94	1	23	-89	93	-25	23	94	-66	55	-80	-80	6	-54	38	-54	-12	-84	-100	40	92	-46	-74	-8	12	-54	-27	18	-6	33	-24	-65	8	-95	12	-41	74	24	3	-13	73	-78	-99	100	19	18	69	-18	68	-65	95	-69	77	-40	-54	-64	-51	-56	5	-92	-67	59	7	27	98	41	31	18	82	21	74	-69	-96	66	66	-66	17	7	-51	-72	-29	65	78	-49	-37	48	-80	61	65	-78	70	-43	18	33
-30	-21	57	50	-25	73	-66	40	-85	-18	67	-1	-34	16	48	28	-36	-5	-43	-44	52	59	15	77	98	-82	91	-3	26	-94	-97	-33	-79	-57	1	-94	-76	31	-100	-56	-37	-69	63	88	-27	44	67	-46	-73	73	36	15	8	-91	-8	-71	97	-4	68	28	-27	51	45	50	-63	-91	27	-72	73	17	63	36	-54	-65	5	11	-90	-40	65	33	-57	-74	43	-84	39	-65	31	-100	42	-84	-30	15	-77	-50	-60	-66	46	21	23	85
49	36	-73	-28	22	98	37	12	85	20	13	-94	-67	6	44	-51	40	-57	-90	42	-79	10	-27	24	25	55	-17	50	-63	61	-6	-14	31	66	90	18	72	-26	22	-45	79	-71	19	39	4	-100	-47	-49	1	82	-55	-41	87	23	32	34	63	-58	-52	-2	58	-76	-60	-7	37	52	31	27	31	76	42	75	-73	10	-17	-67	75	-60	46	-11	-1	-45	70	-97	11	-64	-45	92	77	7	-28	-74	58	20	-70	0	11	13	88	-6
-74	96	35	34	-26	-78	-10	45	-41	-17	-93	-49	-92	71	75	99	40	-91	-6	33	-33	56	59	60	21	-58	-11	-63	-53	-33	-88	64	19	61	-45	47	2	-62	-14	-36	52	-72	20	-53	-11	39	-70	18	83	22	-76	-46	95	-19	-7	-27	-39	-79	-81	-31	64	85	-39	-82	56	94	56	54	-70	77	-59	-86	71	-94	35	40	90	-86	78	-70	-79	-18	90	79	-62	33	15	59	74	-14	42	92	5	-41	77	99	96	-80	70	-61
-16	-37	-48	75	68	19	18	60	-95	-7	44	-86	47	35	7	83	-62	49	-3	2	-77	20	1	-43	71	-63	86	-15	17	-32	-49	-49	80	-83	23	-78	26	53	89	-86	40	-55	-98	-94	40	18	-22	-65	-70	-19	97	2	88	85	64	31	-19	91	-24	-21	-11	97	52	-38	2	31	-79	14	2	99	-88	54	96	64	32	-38	94	-57	92	52	43	84	61	-77	-62	-87	32	36	-48	60	-76	7	-70	-90	19	-77	-60	-42	67	51
73	3	62	-52	-29	-24	49	74	-83	-48	91	-90	-35	75	29	34	82	-12	-90	-46	45	-23	-60	-31	-88	93	41	-52	-57	-21	48	56	-31	1	-26	11	-27	79	15	-96	-47	-16	99	-15	-4	-88	13	57	15	40	18	80	65	54	-87	87	17	74	72	-98	79	-52	-78	73	11	-42	10	-6	-21	65	-4	13	-20	-11	80	-88	18	31	-51	-32	41	-61	70	-44	33	83	87	17	14	-16	6	-96	35	46	6	10	84	42	-96	-57
-4	70	5	25	70	24	-73	68	2	-11	23	-4	-14	-55	-5	66	34	36	-55	-65	-62	-85	35	97	-14	20	0	-45	-51	-25	-31	45	-16	69	-14	50	-58	-33	-76	-5	-53	-85	46	13	-9	-99	61	24	28	-55	25	-69	-75	27	28	30	-77	32	-88	-74	-8	45	-92	39	77	48	-4	-28	71	-40	35	17	0	98	-11	51	-81	-97	-57	86	-86	-33	65	-59	82	-37	-54	22	-86	97	-55	9	-34	13	42	82	-24	-97	-58	67
-17	-77	-52	80	-4	-65	-2	-95	-37	-37	-4	45	-65	100	63	-24	47	-18	33	-44	-43	77	-84	52	-60	-90	-58	-95	-71	15	-45	98	-20	-60	27	-6	-63	30	-4	-67	-70	87	-13	-6	50	6	-43	4	-14	40	41	93	-5	37	63	29	15	-3	-54	-48	82	79	4	98	75	38	-30	30	-33	82	66	87	-59	80	35	14	13	71	-45	-8	-2	-47	-10	45	7	17	-47	-35	57	-88	-37	-23	77	14	-3	87	14	-84	-7	18
51	-82	-51	-78	-2	-53	-18	40	-2	39	49	-53	-14	-10	-49	-64	4	12	-59	-13	-3	9	58	92	-29	72	-18	-66	79	67	94	-90	19	10	91	-14	-82	77	-42	54	39	22	-94	31	17	-91	-13	22	59	56	-78	-27	77	92	49	48	20	-36	-51	15	16	-67	98	-15	94	-67	-26	-42	-33	61	-75	-63	-95	-72	-60	-72	-2	57	-61	7	7	-49	59	-6	61	74	-95	-94	-81	-32	71	78	42	-91	-35	-5	-23	-80	-22	66
-14	-68	75	19	92	-39	5	91	0	60	51	-98	39	39	-42	79	79	61	3	-38	-22	8	-29	8	1	37	-37	89	-57	-41	-28	-2	73	60	-17	76	30	56	44	-95	86	-49	-89	-28	-16	6	-17	23	-21	-3	-18	30	-92	-8	61	-14	78	-4	7	44	-24	74	57	3	-31	-13	95	-4	83	-12	4	23	-44	-39	-5	80	-99	68	-74	43	65	-80	-83	-81	88	-26	76	-77	28	24	-12	76	23	74	-89	-9	-23	82	-20	-5
2	-29	23	18	-96	-85	38	93	72	93	-6	14	-32	100	16	-33	-8	-63	-7	-33	-93	-50	-51	74	-32	31	-14	77	-88	41	8	11	-66	69	96	-80	51	24	-18	-25	61	-11	76	39	-75	-95	-9	21	-95	-86	68	-16	-90	-47	99	41	-5	57	39	86	-6	-43	-36	91	2	85	-24	62	30	92	80	2	-48	0	-57	63	35	72	-85	52	100	-43	-72	43	-25	-85	-84	-96	-2	19	26	-91	88	100	-51	71	-34	-68	90	0
-38	73	75	23	22	-50	78	-48	-49	-43	-63	77	-91	31	-77	-4	-4	70	34	-35	-9	50	-18	-29	39	92	-29	-91	9	54	-82	80	68	-33	60	-32	-81	-15	58	-39	-45	-36	53	-26	-90	-82	91	-24	-98	64	87	94	10	67	-54	-39	-77	71	-27	66	-18	-27	38	99	-24	-75	16	-39	-16	35	-55	85	97	-57	-97	-62	-98	5	-91	75	5	63	-82	-60	-95	-61	-52	-33	20	39	54	-25	15	-40	91	-99	98	-56	45	-74
-83	-69	-12	63	-84	1	-20	-94	32	19	1	-78	-100	64	-73	25	-60	51	-49	83	98	3	54	42	55	-29	71	63	-81	-19	-55	6	87	88	-73	92	98	-15	-42	-20	48	29	-74	-55	36	62	43	21	-93	17	-17	70	-24	75	100	-63	-59	-88	-80	-75	55	-34	44	14	-91	66	-46	-50	-66	10	-36	35	63	-4	-9	-3	0	14	-15	100	-28	6	-8	-31	-82	-22	-73	-28	-61	-12	-27	58	79	-81	23	11	67	-40	74	-12
86	4	50	86	25	-74	25	-36	40	-3	-52	-1	-58	-17	-71	-11	-78	16	-26	-46	10	-94	-58	80	-50	-87	48	34	-69	-81	8	29	-23	85	-25	-50	76	32	-31	1	-88	-86	85	38	-24	72	65	83	-47	26	-52	-77	-5	-2	84	-9	-5	71	70	33	35	-8	-15	-52	11	89	-45	-53	43	-31	-56	-15	-63	-49	29	73	46	69	-75	52	-16	32	62	35	34	-17	-39	8	17	35	15	-19	-35	-92	39	-62	84	19	-35	-56
55	11	-56	83	-32	-92	-75	-34	-54	89	-5	64	36	-60	-32	68	78	-61	-16	-15	-23	66	-29	-74	17	52	75	64	73	-61	38	9	-22	93	-84	18	34	88	-47	-89	78	44	31	89	-31	-83	82	-45	-80	-46	4	98	66	8	-33	-2	-25	-94	-37	-73	32	-54	-82	-30	-100	-15	10	-11	-90	93	-36	52	-30	85	-95	67	-46	-79	-86	69	-14	2	4	-83	-93	36	100	50	-40	5	85	0	-57	68	-7	97	70	-1	52	19
97	18	29	76	58	68	61	-24	-72	-37	-93	-34	52	-14	-61	13	-13	0	24	2	-95	-95	-89	57	8	-18	18	-5	53	61	99	4	45	77	53	-100	-65	-71	81	43	53	59	-62	-75	87	59	-8	97	76	-5	-93	92	70	-73	75	-35	-39	36	-79	77	-46	24	-39	4	34	27	86	25	-10	72	67	-61	-62	55	97	-99	40	97	92	-54	47	3	-42	57	54	-66	-69	79	-70	57	39	-50	45	-32	30	-27	81	99	-27	-19
16	-66	48	-63	83	-73	-80	-13	94	74	-90	-6	44	-73	-90	33	86	73	-54	-18	79	39	60	31	-14	88	81	62	80	24	-10	54	16	62	-58	-53	8	86	-34	-68	-52	-28	-71	23	26	64	-83	-23	18	26	-57	40	46	-69	62	44	35	18	54	-75	87	3	-92	46	87	51	-13	-76	-9	69	2	92	95	-52	-61	-54	57	58	-93	43	-8	-53	-96	49	8	36	-19	78	77	-22	-2	84	100	68	68	-54	-84	-23	12	48
22	82	51	72	10	71	-97	28	-11	-11	-22	-25	54	-99	46	-79	-71	-40	73	39	62	64	-53	-64	65	-29	-6	33	-58	-21	-90	-70	19	-11	80	-5	-33	15	63	88	13	-53	24	97	75	65	-14	-61	-54	21	99	24	-13	28	53	-97	-97	1	57	89	2	-41	-77	-44	8	-70	-5	31	-75	56	100	-34	-47	-74	-99	24	-90	86	74	49	-71	-67	-67	-54	8	-34	-37	38	4	84	-93	-54	-15	71	33	72	-62	-47	72	0
65	-16	-46	-73	64	76	-33	60	52	29	-19	-68	-48	81	-83	-53	-55	-96	-43	58	92	12	56	-32	-69	-47	-46	-22	-62	82	-98	-44	-71	17	79	84	84	98	94	42	-22	-53	-54	64	-82	59	-37	-54	-81	14	-48	62	95	86	-48	-48	-2	-75	-47	10	-54	42	-72	99	-58	-63	-81	-95	-74	-10	34	24	-21	-52	-88	-4	-34	-7	91	-30	82	-78	-31	-64	80	97	-90	73	80	47	67	39	-67	-3	98	15	-79	56	-88	-27
80	-81	-30	90	69	-42	7	13	37	19	76	97	1	-83	-79	10	-2	78	-98	-98	83	-28	51	-9	-54	81	-73	-58	-19	-100	-32	-42	-84	16	-38	23	-15	76	64	25	-86	74	-57	1	-45	-80	-9	-26	-88	-37	-90	45	18	70	-40	-6	50	4	-33	60	-90	-52	-72	-38	54	51	-38	69	4	60	73	93	6	-28	-19	65	-57	99	-48	-89	35	36	-5	8	0	66	-77	38	44	11	-13	-51	78	-84	18	-57	68	-56	77	-32
80	14	78	-81	-90	80	76	-72	4	65	90	-70	90	-14	92	62	-13	-1	-31	11	92	-12	12	36	22	22	-33	-29	53	47	-24	-57	-96	-79	-18	-13	55	-86	11	28	81	59	-60	54	-59	-54	99	-89	27	43	62	-25	51	13	82	33	-92	-56	72	79	56	-41	-64	82	25	-49	-87	58	-22	-24	-43	-59	91	17	13	60	66	86	25	-84	97	39	-65	7	16	34	80	-41	-32	3	1	10	-50	-30	56	-44	40	9	81	34
8	29	-5	-35	-40	99	52	-51	-51	49	83	-17	14	7	18	-22	28	66	53	-89	80	-8	-98	20	-86	-74	63	88	-100	-57	-76	-34	-29	35	71	-81	53	-36	-36	-38	2	87	54	58	-96	40	-81	-85	-53	86	-42	-42	-52	-99	-83	77	-100	-48	-51	81	30	-51	-74	92	-60	22	-25	38	-83	100	-97	-15	-16	35	9	20	18	70	-50	89	-24	-34	3	53	19	3	-67	-10	98	11	1	-21	87	71	-63	61	59	-100	-70	73
-63	48	-12	-38	-36	-27	57	-15	69	-82	72	74	44	33	41	-37	37	-81	79	14	93	42	-97	88	-44	-60	-50	-77	-1	60	-24	-37	80	-49	43	-85	-91	-98	47	-41	52	-67	-93	23	-29	20	83	-17	-71	-29	-35	-31	-10	-50	-53	56	-96	54	-1	48	39	-68	-18	-96	-4	-44	43	70	-95	-31	-29	79	-51	-6	-44	99	-68	10	100	43	-14	-64	-41	-7	46	-52	22	54	39	46	-75	-10	-2	-34	-17	77	-2	-56	-43	20
-42	85	-48	-59	-91	43	-44	-49	93	-2	-55	-3	-90	27	4	-40	-93	7	-71	94	55	62	53	33	-86	-29	-52	46	50	27	90	98	15	-4	89	55	64	-45	-48	18	11	77	-49	72	76	49	-63	41	67	90	-72	-75	-25	-9	-69	-17	87	73	62	-68	0	38	-35	84	68	92	-41	-77	40	1	53	-91	-58	58	58	-83	-14	34	35	-82	72	99	25	57	-62	-61	33	-14	93	9	46	90	49	57	-43	-40	88	-54	43	-88
8	45	16	67	-46	-5	-87	91	-22	-86	-73	-3	-4	-87	-8	0	-35	53	11	69	-67	77	-9	97	65	49	-28	66	-55	-89	2	74	-84	27	-33	-23	6	81	-44	-90	94	-6	-71	32	-31	-62	-19	-20	57	85	11	95	21	-84	17	-29	-19	-47	-21	-30	0	14	76	-51	-23	73	73	-49	53	-46	-51	-100	57	-94	6	78	12	-93	-17	-38	-46	21	-20	95	64	41	18	-86	-100	-63	-64	31	-99	49	96	46	-81	-37	37	-79
-84	93	-17	-57	-85	-13	40	52	-28	4	-4	-16	-24	60	27	50	59	30	-40	74	25	-42	-31	55	78	-5	-37	-8	33	-4	-12	95	-8	9	86	-44	-32	67	9	44	91	-59	-95	98	-71	72	64	58	-61	-90	-6	22	-11	93	32	-52	-18	19	-72	-14	81	-74	71	-6	-7	82	33	-10	17	-45	-39	-13	44	-73	27	90	53	-96	-91	-92	-76	-55	6	-54	100	25	80	71	28	39	-24	-70	72	-24	57	-24	54	-49	77	-18
96	-40	-37	10	-21	82	93	-15	50	-24	38	-36	-48	-53	59	79	88	89	-42	-34	60	98	-68	-73	-18	25	-79	-20	88	80	42	52	-61	39	-28	66	29	-91	-1	3	-61	47	-48	-49	-88	9	16	-9	39	77	-61	8	58	-62	4	60	74	23	-34	99	6	-53	12	37	58	-40	-50	86	-40	-74	62	2	58	99	70	-61	-81	97	35	-19	-49	58	61	99	-85	-18	-82	-86	-24	-46	79	48	32	-80	77	96	21	77	45	78
-25	60	-12	86	27	-51	-36	33	55	100	-76	-63	-10	-14	-30	-94	23	-64	-46	-68	79	50	9	97	72	37	-54	42	86	87	43	62	55	16	16	27	-53	72	35	72	-29	36	-37	4	-16	28	12	86	-98	52	7	-72	-24	-56	21	88	-73	43	78	67	62	-71	-16	87	-79	59	62	-67	37	-11	-88	77	37	77	50	-71	70	35	-76	17	82	75	84	0	-63	-63	75	-83	-30	39	99	86	26	87	55	-32	15	-77	-13	-70
28	24	4	12	53	95	32	-2	-62	79	26	-25	-90	88	92	-87	71	91	-20	36	-14	-85	-45	16	-4	-100	62	54	-68	-2	-73	-46	-78	52	-68	85	48	-74	45	-69	88	-84	-30	97	-46	-57	-95	60	61	-43	-48	87	62	-58	39	-81	-23	-41	-26	-96	15	11	-94	-73	8	85	-1	47	94	-79	90	-73	-94	0	25	37	11	-56	-67	-27	11	22	-30	100	-46	-69	70	36	92	-70	81	-37	31	-13	51	83	73	-76	-69	43
12	-11	-92	-21	-89	40	43	59	-12	-52	-85	4	97	-98	-51	70	-58	-6	94	22	49	51	-27	75	-50	-97	55	-8	34	53	-15	-69	-52	-58	89	-32	-66	-15	-93	-66	46	19	38	57	-96	-50	72	46	-55	-75	12	-69	-57	-5	-63	-56	-21	53	-18	-21	-97	96	92	18	33	-74	6	11	57	3	28	-20	-45	47	46	90	-48	38	23	-90	21	81	-64	72	76	59	-66	-98	83	-12	46	1	69	93	-39	-86	26	26	13	-28
43	27	0	-10	-83	99	-85	97	16	92	-17	-25	-47	54	6	-14	29	-84	-26	9	-67	71	-83	-78	-60	56	-8	56	-54	49	38	98	-71	6	-28	12	2	15	-17	-24	-77	-76	-67	-92	-94	-45	-52	-10	-20	22	3	8	-40	-67	12	35	-53	-83	-94	19	26	72	-49	3	51	40	-48	67	-79	18	-15	-94	-29	20	9	-62	75	87	52	29	-57	27	9	-20	98	-34	97	10	55	-48	99	-72	-21	2	-59	-21	63	10	-1	-34
-41	93	-47	7	94	-84	-91	-11	-15	-34	3	67	-18	35	-73	76	72	16	74	-67	24	-80	-90	-37	-31	-34	88	81	-77	-4	3	75	28	-13	89	-36	65	47	99	69	23	-16	14	-52	92	-39	-8	-5	-3	1	-82	40	-66	34	21	-71	98	-38	55	-62	99	-61	-5	-50	-2	5	-88	3	52	81	-66	-48	-55	6	-85	58	70	88	-97	-28	-40	20	-35	52	-82	95	67	-44	88	-59	-21	-97	-11	18	93	-2	11	60	82	20
88	80	-44	-78	-61	-40	-79	20	18	-28	-75	48	-44	-58	-63	62	-84	7	53	28	33	65	-34	15	-26	-77	60	-68	-86	98	28	55	7	1	-54	-82	61	-22	-63	32	31	50	88	89	37	-65	-11	-67	66	59	2	-54	12	-90	68	99	-35	55	-17	-22	73	55	78	-15	-45	-1	1	-27	-73	48	48	-5	-61	-12	-76	-89	-92	17	16	-69	-57	-68	-32	-94	-16	93	-3	18	97	-2	-45	-25	-53	-50	90	78	93	52	-11	50
-92	73	14	-46	-55	-8	91	57	19	74	-86	60	53	35	23	13	78	57	98	19	80	14	6	37	-37	32	66	92	28	79	-56	78	91	-98	-86	-31	100	0	13	62	68	-33	-41	88	-98	30	85	97	43	37	100	77	-50	79	32	20	84	-33	-16	-8	93	73	46	12	23	-81	17	-97	-81	-23	33	-75	-81	78	-92	61	-39	91	93	-41	-47	49	29	-74	65	-46	-39	36	96	22	-98	-54	-27	10	-80	64	-16	-64	-28	-21
-11	-30	-58	89	72	93	76	98	-100	-3	86	-38	-89	-24	75	-15	-94	59	41	-36	-74	-69	53	83	80	-74	34	34	23	13	63	-3	33	87	-52	10	-29	29	-82	-77	77	30	-5	93	-28	74	80	-17	73	-16	76	-75	-54	4	91	20	-2	15	83	28	53	-27	100	-9	79	-35	-77	-73	52	-36	22	-93	-70	73	-63	-57	57	73	-73	52	-46	90	-56	-61	-47	-76	90	-56	-49	95	-3	42	-69	-1	4	26	-33	-47	61	-74
73	86	45	76	-90	66	-83	37	61	-62	77	32	48	-95	-5	-38	94	-12	96	29	25	66	-35	58	86	-99	92	-18	-51	-17	79	53	-47	54	54	27	50	-24	96	-38	-24	-58	-42	60	-49	98	50	55	26	29	-84	-52	-24	-49	-54	-100	-85	76	60	60	53	11	-39	40	-85	-64	97	-37	-92	52	0	-70	97	50	-46	-51	85	-14	34	38	84	-57	51	-83	15	40	0	-2	40	-60	87	-90	7	-21	59	-32	-70	95	27	-69
-12	65	37	-85	-37	98	25	97	94	50	48	-30	11	39	37	29	62	75	-30	39	93	54	-73	-80	97	-27	-47	-85	31	44	-41	96	65	-80	35	66	-8	55	67	-35	64	3	-85	78	-33	85	87	-94	-82	100	18	-79	33	-59	95	-79	-25	-65	-75	-14	-42	-77	-12	-27	-80	16	39	100	-81	5	-75	-58	-44	52	52	39	47	17	-38	88	76	55	-33	39	51	19	50	88	-42	79	-7	-21	43	5	48	43	-25	-54	-52	76
-45	23	49	99	-96	76	48	-89	-87	-12	50	-49	-96	25	-49	-35	-68	97	-73	-86	99	90	-12	100	7	-73	68	-1	9	48	-27	-28	-27	10	97	-22	17	96	30	42	-78	-77	59	-47	56	1	16	61	-36	7	24	15	-35	-36	21	-18	-35	-46	-37	44	37	-78	-2	29	82	41	31	23	-85	62	23	52	-81	-83	52	23	-70	36	56	92	67	-27	-5	-36	34	82	25	-5	66	40	37	-100	69	67	48	-20	-9	-87	31	-68
64	3	-52	22	-17	74	4	88	-26	11	-19	47	-59	29	-85	10	-32	51	-47	-60	39	-89	-9	-10	-98	77	-12	49	-13	-44	27	-71	-56	-98	80	-89	-82	45	64	-44	32	-50	-70	-13	59	-98	39	-86	3	-80	-19	62	83	93	-60	78	9	-87	-59	-54	51	66	-82	-99	-31	68	54	-89	-43	1	77	-79	-78	6	-67	13	16	74	97	19	47	-92	-73	56	42	-72	-74	-47	48	42	79	-5	75	-99	49	52	-97	55	85	77
-41	32	-34	62	-9	-84	76	58	-35	-55	-41	44	-48	-23	-7	80	83	-50	-26	-44	-54	81	-53	15	95	90	14	91	38	-59	16	-42	63	-54	92	-32	-85	-7	52	-8	100	-45	98	-90	-78	-16	-75	72	-96	94	-47	7	93	95	-81	-75	54	36	-20	5	-97	24	63	35	-62	-22	-46	-9	100	89	37	15	18	-93	-8	-85	-44	-74	-24	-99	10	-50	60	99	-36	-48	-1	-1	74	-89	48	-99	-96	42	31	29	92	91	-78	21
5	-49	-24	69	38	75	6	-54	-54	91	39	-77	91	-48	6	-67	56	52	-31	-93	-84	-96	-72	85	-96	-75	-65	-11	20	-63	-1	60	94	90	-78	-15	-1	86	83	-51	70	-43	47	23	-61	-94	-51	-70	-12	-5	36	-97	15	-87	-65	42	-20	-57	-48	-85	71	-4	-63	-1	-64	-94	38	-51	-78	25	98	41	68	-46	79	-73	27	-15	-80	-87	59	33	72	-82	60	-82	67	55	80	29	38	-36	54	15	59	8	51	-86	-57	-41
-5	89	-83	15	-22	65	-40	50	53	64	12	59	-60	54	77	-26	-75	-26	94	-61	-8	60	-21	-62	49	100	-65	-24	34	-70	-72	85	-26	-64	-16	-39	-6	71	-54	64	-55	97	-60	-95	-39	-76	-98	65	45	52	-27	-23	-76	-45	26	-85	9	100	-45	64	3	25	-13	46	66	-13	-68	-76	-65	67	51	13	50	-74	-47	-19	-27	58	80	-100	-76	52	2	9	-90	-36	-78	6	-15	63	5	-38	60	4	-94	28	52	96	76	20
19	-68	48	56	32	71	-72	21	94	-60	-54	28	39	-35	27	2	-91	45	-23	2	62	40	28	57	-54	-85	61	53	-81	4	-69	-98	-76	67	37	-25	40	18	84	12	99	14	-19	-44	7	-11	59	-5	-47	22	-1	-80	-58	-9	-66	20	50	-39	64	-68	-70	-78	17	-89	-99	78	-81	90	0	-51	69	46	71	-45	27	-30	10	-27	-47	-95	-69	72	-50	68	-86	-18	-95	-27	-40	-88	100	-27	-17	-98	-32	79	90	53	-4	-66
14	-100	-86	38	61	85	29	50	63	93	30	35	-57	44	27	-19	74	80	-85	38	-70	-49	-99	-9	-60	-47	-78	-79	28	-63	-51	-22	-70	-50	-26	23	49	73	-55	9	51	91	15	-8	-60	44	40	29	-63	37	-46	-72	-36	10	13	80	-41	-6	-75	-77	67	-94	26	-22	-34	26	-43	-19	-55	82	6	47	-74	1	-53	-83	56	-74	39	-71	-50	83	87	-99	59	72	-72	1	-24	69	44	88	19	54	-75	-43	55	-82	41	32
-24	-78	-34	-68	-8	7	25	-11	10	-22	52	35	-29	65	-27	-9	-74	77	20	44	-83	-65	-64	-17	22	30	-23	-86	-29	21	62	51	100	-98	-85	39	61	1	7	-73	-28	21	28	8	-7	-56	26	-37	26	8	89	7	-49	9	18	-64	83	-95	21	27	47	73	21	-71	38	6	-24	-50	-46	56	-97	-28	-4	-76	-41	-13	16	-23	26	-57	29	54	10	-67	-74	71	-55	-33	70	-2	-16	-91	98	-13	-57	-92	-14	59	-56	-43
-73	-5	-53	31	-69	-3	-92	53	94	57	-32	-36	30	25	93	-22	-13	-91	-88	-27	20	-71	-84	-37	80	-34	22	30	37	39	-22	-77	-74	-68	-7	-13	-99	-7	-63	-51	90	100	13	-41	-13	41	72	-52	0	92	77	-20	-28	-53	18	41	28	-66	-62	-47	-46	-31	13	-6	-76	-96	69	-17	69	-58	77	-12	-49	54	6	49	-94	-100	4	76	-85	33	-65	92	-35	63	72	-31	-37	94	-17	-98	57	-78	0	-26	44	55	42	40
46	-99	-34	2	-92	-5	-30	-100	-2	34	-82	63	88	7	-82	2	78	89	12	26	-41	-56	32	-59	-45	-12	-29	53	-40	-33	-12	45	34	46	3	34	-22	56	-84	-93	73	-21	-36	-92	96	-98	68	54	72	-90	87	1	-14	-98	-45	-85	-69	-56	-67	45	2	80	32	-13	15	69	-32	-27	-88	96	28	-68	79	-22	55	-1	25	-93	59	60	6	37	-17	53	-81	18	-54	34	-41	82	66	98	62	-27	91	-28	-9	96	-1	11
-97	59	-91	73	57	-96	45	98	-31	-72	-84	-78	33	70	100	89	-56	95	32	57	-4	36	-28	-90	66	47	26	98	-8	17	-31	77	-24	-9	-13	-26	-56	-28	-69	36	-73	92	25	-7	-99	30	24	93	-42	74	-1	-68	59	-30	78	10	-89	31	-96	-56	64	10	-48	-94	38	61	58	-35	10	5	84	-42	25	87	-25	-35	15	85	45	-58	-58	-52	63	62	-69	31	30	25	46	28	-42	-13	-48	92	93	94	29	16	10	-31
20	52	-37	69	31	92	-17	-14	97	54	-98	-30	80	48	69	100	63	45	-30	57	-67	2	-96	-61	-97	72	-50	8	32	52	-77	86	-73	30	-98	-83	46	69	-11	67	-19	-91	62	-37	-71	-65	-47	72	38	76	49	-63	0	-66	-9	34	-67	74	-77	-94	-63	-26	-90	-31	-65	84	-29	-19	-25	23	-6	94	34	-95	-53	-36	-53	-57	-59	65	-4	11	-90	43	3	-43	64	-65	-26	-83	-91	-52	-15	1	-35	-82	56	93	-47	-14
-49	18	-7	55	11	-23	-74	-33	92	84	-90	61	-93	-28	17	11	-40	61	90	11	89	77	33	-20	-5	-35	35	-33	-32	56	89	13	45	8	30	-92	60	97	41	-1	-22	-21	80	-54	70	-10	38	47	-50	-28	-25	54	-31	-43	-91	74	-91	5	53	64	-21	12	-22	-28	-78	-71	87	-43	13	-44	74	24	-13	90	41	22	87	-50	5	49	-59	46	40	76	94	59	70	55	71	30	-57	-39	73	21	-88	-55	99	36	57	-59
20	92	91	45	24	8	95	0	48	-44	85	5	93	-58	91	-10	-21	-59	60	14	-72	31	8	10	-92	-11	-52	-65	44	-90	-79	21	73	-14	88	5	-6	16	-86	-61	-53	79	59	-81	-19	-44	-43	-84	-68	98	2	-63	-15	-86	-14	47	10	-33	93	-88	50	-40	97	-45	-61	-71	-3	49	-51	55	-30	-80	28	64	-60	-23	-27	98	-82	62	-29	-2	96	-86	40	81	60	64	65	70	87	-3	17	48	-43	64	76	-50	99	-6
1	51	86	-12	-71	-60	95	88	70	82	-54	79	-83	-69	8	-73	58	34	-71	85	91	-71	-9	-44	-58	-9	60	25	-76	33	-59	26	-82	88	-28	35	-16	-29	-65	-34	2	90	79	72	23	-21	-31	93	41	-13	27	-33	34	38	-91	28	-80	2	66	-63	-69	-88	-30	-5	20	-94	-10	-42	72	68	-25	-76	-18	-12	-51	-35	-59	96	-78	-64	91	75	-43	-34	-90	-85	-55	-13	-52	-52	-75	-98	-81	67	68	-57	-12	-31	45	-42
-69	2	-57	-81	46	-77	-59	-39	-71	-34	-19	1	66	-38	19	-5	34	-52	-47	33	25	98	93	43	8	-82	-6	24	84	58	71	16	12	92	-34	22	-20	-49	-61	-81	92	8	0	-42	-45	-73	68	-38	58	-10	93	-3	72	19	-80	56	-40	76	3	-57	61	33	-83	30	-60	64	-77	-36	60	-7	-9	70	-58	-7	96	-12	6	65	-17	-66	46	2	-86	-48	11	76	-51	-29	62	-57	-29	-20	-59	-22	-95	88	5	-1	25	-69
49	64	36	49	-88	68	57	83	-84	-35	-79	-22	-19	37	91	-49	-8	-4	57	89	-90	-82	-17	-22	82	79	-63	17	21	-38	86	7	18	9	52	13	43	71	-35	31	-3	-20	28	91	89	2	88	-43	-28	64	-61	-28	-30	23	92	-23	92	31	45	-66	84	-24	20	-9	22	68	88	43	-22	45	74	-72	-48	-72	96	-38	23	-33	-72	14	17	-71	39	-99	-29	-97	-90	-44	23	-89	50	17	83	-1	-62	48	14	-67	19	28
-63	-23	-55	9	-16	-95	70	-28	28	-52	20	-83	-24	90	-40	-60	11	-25	29	-9	-16	-90	-56	10	-9	-45	-80	79	39	18	-86	-89	-51	60	-49	53	-95	-93	3	-50	80	-7	30	1	5	-87	32	-35	8	-46	82	-15	16	83	32	15	-27	80	84	-54	-88	95	-2	20	-84	-53	-88	-83	-97	-66	35	63	-5	-46	-43	-33	36	-30	-13	34	-24	28	99	5	24	48	20	88	18	0	28	9	71	35	2	29	54	15	-50	-79
78	-97	48	-28	-75	-50	-92	41	-8	87	-34	-70	74	42	-24	-95	70	-36	-29	-69	49	65	-71	-94	50	-72	52	72	21	-29	43	-94	-79	-48	-4	54	70	-48	-50	-44	-29	-86	46	-59	-32	69	40	94	-35	-13	78	2	-65	-38	26	76	17	-26	51	46	-32	-19	-62	-90	-78	-61	-85	47	41	85	-40	-44	-25	-53	-21	41	-22	75	99	88	91	-55	-5	74	43	11	50	26	-31	-14	-36	-90	99	-76	17	32	-32	60	-50	85
-23	-71	-3	-19	49	62	61	-16	29	89	40	-40	-18	51	69	52	-34	100	-83	-12	-6	50	59	41	-77	47	26	44	59	-31	-29	23	-57	45	1	14	3	-49	86	73	91	70	78	42	92	-53	-10	30	-16	85	-58	-68	55	7	-8	-14	-26	-86	-18	32	-56	16	-61	61	-20	-31	-17	77	-78	-29	-46	-96	-2	38	16	78	-51	9	-70	-24	49	35	78	-69	-6	-56	-24	83	-38	90	44	3	-3	49	96	-20	69	-22	-88	-26
-87	28	29	-91	75	31	2	-78	-37	95	-1	71	48	-94	57	61	75	-2	36	-83	-20	77	75	-6	-20	80	52	60	22	0	28	-66	-72	100	89	-9	59	20	8	1	79	6	86	-51	-86	47	-20	73	98	60	19	-75	-80	76	-62	-64	78	-1	-9	-95	67	16	-34	-94	-7	94	-28	-63	82	67	-19	-52	93	-28	-79	-58	-7	97	-67	-41	61	-42	-11	48	-93	29	36	-38	-88	-24	-37	62	99	-53	40	43	18	40	99	-2
-60	21	-70	6	-7	20	4	56	45	47	59	49	-15	3	-21	22	43	-74	-29	11	28	86	-89	82	-5	-75	94	58	-86	-40	86	61	6	-30	-88	21	-6	-85	-59	-14	-73	-42	35	13	-93	15	47	-34	94	-54	-73	-37	58	-55	-60	-11	12	78	51	-30	8	-99	-9	88	-60	-52	-36	-39	-20	48	-30	81	-32	-78	50	8	-84	-60	19	77	20	55	-69	-49	-96	-24	-7	-25	-61	-29	-59	-80	58	45	-3	-68	64	-66	-50	-98
11	43	53	49	98	-69	-44	-19	6	53	-91	-58	86	-50	27	-100	-99	71	31	-46	-59	78	97	-38	-54	-92	-51	94	-11	-81	8	-81	56	-100	-15	24	-32	-100	-26	-47	43	9	44	40	-46	-71	68	-73	-2	4	-49	-91	-64	27	24	90	1	29	32	40	18	0	-92	-38	48	-68	32	-60	40	-62	16	70	67	-92	25	48	-48	-14	99	-89	3	-9	-49	-80	77	72	30	65	2	25	40	-67	-43	5	68	-42	-70	-86	-75	-15
11	32	39	36	57	78	14	68	94	-76	84	50	-92	31	-88	-15	16	83	-1	-58	0	-8	83	1	-20	-58	-44	-58	60	-37	98	57	30	-96	-12	55	-15	96	-60	-17	63	84	10	-16	26	78	83	-76	-74	55	25	36	80	-31	-79	88	-24	-81	65	-7	-72	52	78	48	-22	85	20	66	-38	-14	49	22	-81	-63	57	83	-56	-80	-30	-91	67	35	-23	10	-66	4	42	-17	-94	68	30	87	-61	-72	71	32	-9	90	63	-21
99	-31	72	62	62	77	83	21	57	-10	-70	-76	-26	2	-16	-52	-58	18	-75	3	54	-92	3	98	-34	95	73	-98	19	-5	53	80	-56	71	5	28	41	-21	79	15	40	-19	-75	-75	12	-92	-27	-54	70	-86	57	33	45	-46	59	-53	-65	-68	72	79	20	-34	-99	30	-84	-78	55	29	-66	-81	6	-7	-22	82	-96	-100	-40	-77	58	-5	-5	19	16	-93	21	3	46	40	-38	-3	78	75	-100	-73	-78	83	93	8	-86	-25
-74	24	30	12	-62	-72	-33	92	33	-97	9	23	89	86	57	-12	5	-40	54	67	71	-7	95	37	9	-38	83	-20	85	23	-59	-38	-74	51	-60	18	38	-13	-30	5	10	16	-20	-73	100	-100	58	-69	-76	-73	-96	72	75	93	-80	-94	-79	85	-50	-70	-36	-9	-28	71	79	28	-72	-55	95	-43	36	95	-88	-73	41	60	-76	-49	92	-81	90	42	-42	1	-61	-3	46	60	78	4	-77	72	-14	1	-96	-19	67	-34	95	-40
-43	-66	-78	-15	-28	-97	-7	-73	57	74	-1	22	-69	0	9	-69	-16	-65	-62	44	40	56	39	-68	-52	59	55	-60	6	-73	79	-80	16	4	78	2	-62	46	-31	-40	-80	36	74	-44	92	33	-76	52	58	35	41	-99	-31	87	30	76	92	17	99	18	46	44	-44	-40	-99	39	33	-64	18	-47	-61	77	84	28	-19	-27	-48	-68	30	12	-100	45	-1	-63	78	-55	-39	60	-32	-69	46	-33	-62	-20	-55	2	7	35	-28	-18
-60	85	-82	-12	82	-65	12	-18	-75	47	68	-59	75	24	-90	99	-40	12	36	-5	-100	-95	-24	-81	55	46	55	-8	-63	4	61	-36	-51	-97	90	-16	52	64	-42	35	22	-15	-55	90	96	85	36	71	-28	-87	-25	-13	59	-55	-93	-98	59	13	-53	-20	35	76	67	91	39	13	49	-43	-21	91	18	57	-55	-25	-69	9	51	80	41	-56	99	14	-13	81	-30	-22	-54	-61	63	-9	-82	-25	95	77	-65	-9	-27	-1	-55	11
32	49	-93	54	-6	-44	-67	53	-47	94	76	-93	-5	92	-71	1	4	-97	94	-49	43	-15	-90	-87	68	41	-100	-16	71	82	32	-88	-12	84	37	-41	15	-45	-36	-92	70	12	10	-72	7	6	-68	82	95	-38	-9	99	-82	52	99	-65	-30	-56	-36	-16	-95	28	-85	23	-97	-76	96	-76	76	13	-30	-68	88	-5	-84	49	7	82	43	-81	44	43	-66	56	20	-14	73	-37	-97	73	15	1	0	-58	-81	17	-79	96	55	7
-49	32	-49	81	-77	76	-80	-100	-48	-74	-90	1	100	85	-38	-97	-63	89	23	40	20	2	-4	60	-53	67	31	16	-66	22	-26	-25	-89	-100	31	2	-79	30	-98	47	-12	23	-63	75	-93	-44	-98	-99	58	-50	-23	-48	-93	-47	99	26	-7	-50	54	-41	-97	2	-19	-19	18	17	56	-47	-71	-52	-33	6	-51	28	52	67	-81	5	-95	-12	73	-56	72	65	96	-48	-53	-4	-98	19	-49	-50	44	-94	49	-43	55	86	37	22
33	8	-91	-12	23	9	-66	98	-48	53	-78	77	91	-44	62	-49	-28	34	43	36	-42	-77	-45	-89	69	29	45	-8	32	-21	22	-52	33	-41	19	19	-18	-23	-75	1	37	-99	59	-58	90	12	92	59	2	76	-70	-36	3	66	2	-49	-86	-17	64	-86	1	24	63	-96	-55	-33	-100	51	86	-34	-76	18	23	68	-96	90	40	56	6	-62	85	-59	-32	7	-8	32	97	57	-95	-98	37	-65	-32	-73	65	28	38	1	-76	89
-59	-5	-17	30	94	33	-53	73	27	-20	-78	-76	-54	93	93	67	86	87	-91	-47	-76	-77	-63	40	50	-100	58	75	32	-40	91	38	40	-30	93	-2	-52	-30	-16	-38	-6	-66	-34	-99	22	-96	-13	-25	-82	-22	-49	43	-73	-34	20	-63	-33	-4	76	-96	9	-87	-90	65	56	23	52	74	-23	-62	6	-44	79	10	-66	42	10	56	28	-68	14	75	-12	-98	-78	69	3	-71	17	0	27	-10	-2	40	19	-94	-96	-75	68	95
-78	-23	89	-5	37	-78	70	16	-81	28	57	-30	-17	45	-30	32	41	35	-90	-76	13	-64	42	-85	76	-74	-33	-65	-81	83	-76	92	-43	-29	27	36	-49	-2	-22	-71	70	-78	54	83	19	32	74	-66	-16	40	8	23	21	41	-37	45	89	-39	-15	75	-75	-10	-80	65	42	-63	71	-54	-78	33	-35	-50	-28	-92	-54	29	49	-59	-15	-19	-31	-18	40	-34	-40	-69	64	69	85	82	-39	-29	22	-44	-22	-10	-52	74	-49	51
