67	1	38	67	87	29	-12	-13	-66	-58	-36	54	-76	-44	64	35	66	-53	96	-63	63	-17	61	78	88	-7	-53	-76	-76	90	61	11	98	-53	-25	-60	19	32	-35	3	49	74	66	86	-84	71	26	-38	51	-23	-78	26	-52	82	3	83	-34	-37	-22	-48	18	-54	44	-98	-3	-94	-27	-19	82	71	-52	75	89	-68	82	-32	-39	-61	-79	4	33	-92	-3	16	-75	-85	77	-46	33	-86	47	-75	-8	91	-52	-80	-34	-72	85	-7
-25	-94	-83	-45	15	90	97	30	1	81	-69	62	72	53	-93	-55	-57	83	-20	-76	10	-47	-96	29	32	20	-71	31	-27	87	13	90	80	-26	-39	43	33	54	-23	70	71	-7	97	-57	79	-99	-35	82	86	53	7	37	-77	-13	78	68	37	84	-52	-74	-83	9	64	-49	39	11	-35	-80	31	-38	-28	8	-57	87	35	-58	89	-18	95	49	-53	-61	86	98	-75	-19	-44	37	-99	-90	-86	-81	-16	31	76	78	90	43	-69	48
74	95	-87	-100	63	-3	-54	47	35	53	-53	-78	46	-83	-31	-48	26	-25	-86	-3	10	68	-63	-60	55	-42	-65	-62	90	-38	21	33	75	-19	66	-12	86	44	11	91	34	49	31	86	-88	20	-58	100	-35	26	16	74	-33	-84	36	-83	-77	87	64	96	-21	62	56	16	31	14	-74	34	-100	39	96	27	-83	-91	-5	-13	-57	18	-71	-55	-24	-7	-75	-57	-23	54	10	36	9	-46	66	71	-85	24	-81	26	41	-9	55	-52
-8	73	-52	64	-76	-38	-26	32	-99	72	-7	60	78	-39	71	-19	85	84	12	10	64	7	79	50	86	-65	16	-47	-88	-63	-18	-16	-9	32	-87	-61	-74	1	15	-32	83	71	92	84	45	95	3	73	94	-34	84	79	-18	-44	-58	-40	-17	-94	-45	-20	58	63	-3	-93	-79	-43	95	-12	85	-29	49	-41	-49	-5	51	36	-54	6	67	-59	95	-52	33	-25	17	-64	-38	-17	2	17	-23	-23	-25	-11	5	-28	-39	-37	4	-81
-67	54	64	36	93	-10	-42	-35	81	84	-51	-22	66	-84	-85	96	19	-10	71	-84	35	95	-43	-95	-53	-82	-52	-90	95	-51	38	89	-16	15	-86	-5	-26	70	63	-45	-13	27	83	30	87	87	57	-84	-81	37	1	-54	1	7	77	92	20	22	-76	41	91	12	-31	39	-81	1	67	87	-41	12	-20	-57	75	58	71	-15	-28	-1	-90	80	-83	42	-53	82	85	-33	-95	83	66	-11	34	-49	6	29	59	26	99	-35	83	8
46	68	-12	44	-36	13	35	-95	1	97	47	17	85	-60	-90	-84	-36	-12	83	-83	-98	92	-21	-44	-88	0	39	-18	-79	5	70	-71	-3	38	17	80	67	-55	44	63	26	95	-41	46	-92	73	15	-84	-44	-18	58	-5	-71	-85	-6	48	-33	-96	-46	-72	-82	31	-74	-98	-57	-28	39	-85	-90	71	-69	73	-29	30	2	-26	-70	-6	-18	-56	-91	-80	-25	12	13	-76	-53	35	73	20	80	88	-17	-5	-30	8	37	13	-63	40
-48	50	-42	-82	15	-21	63	93	-33	86	-91	-59	-6	88	-93	-95	-71	93	46	-12	-48	98	-82	-82	58	-40	-58	-70	97	34	70	-33	-8	72	-62	-28	-40	-42	-5	90	-2	13	12	100	61	46	58	-69	-87	6	-10	-88	-49	-72	-26	88	56	19	54	-45	41	38	-85	-66	97	26	-52	-41	2	-71	100	-26	-100	-73	8	-83	26	-39	73	-10	63	-76	82	9	85	-70	-29	74	26	-54	-61	9	77	5	-70	71	63	30	89	-79
98	81	5	-28	-60	-37	-84	57	87	-1	-86	31	-95	74	15	-85	-75	-52	55	-3	59	83	-84	-76	-96	92	58	-10	-49	-70	27	17	-68	-28	-58	-30	82	-81	62	-27	-81	40	-21	36	46	46	-39	-17	-92	0	-34	-67	-21	-14	-11	0	-70	36	-71	63	62	-19	-40	15	42	7	-94	-77	86	90	54	30	70	-14	26	17	-67	-95	26	6	32	-59	44	-44	19	69	-76	-66	0	-56	21	40	31	32	33	16	69	-20	-92	-5
-33	60	11	-29	10	-37	9	-8	-21	25	61	-13	-43	-59	-83	93	59	17	-60	81	20	63	23	50	-88	-99	53	-97	52	-85	66	-86	31	-19	-33	79	78	-73	12	38	-80	-58	-12	-11	5	-3	15	37	71	-58	31	17	64	40	-13	57	-6	97	-18	-33	68	-87	54	94	24	-54	33	-43	-9	-18	-23	-55	-65	94	63	91	-52	-1	-57	54	-53	21	2	83	25	99	-99	-27	-29	-76	-34	-7	92	-15	60	-60	-26	47	82	-12
-31	-88	-10	-73	-68	-17	83	80	-47	-31	19	97	80	31	-47	38	-77	-74	79	-89	-71	43	-10	65	44	-70	-33	80	7	18	78	-48	-61	-44	48	-71	86	9	-77	35	-34	61	94	-90	-25	75	27	100	-79	73	86	-46	33	-55	86	26	-34	-74	12	29	31	16	-78	36	-30	5	7	89	-68	2	-42	62	-52	11	-99	57	65	3	-79	17	-76	-36	41	-26	-94	-4	69	-99	9	84	-25	77	20	-95	-20	-80	-97	4	-71	-71
-42	-99	-32	100	15	52	48	0	0	22	42	-46	52	-40	-99	64	27	-47	-23	-17	1	-87	-72	-36	100	-36	83	-94	-48	45	-61	-19	-73	76	-35	-79	54	65	-32	68	-73	-13	-90	19	44	-63	96	75	28	4	97	-11	71	-67	-59	21	74	-80	27	-34	28	1	-61	-8	-67	81	16	23	97	3	52	-27	42	89	58	-90	-64	-13	-17	72	73	90	-70	-14	-19	42	17	-11	-88	-26	-39	-13	19	-98	-35	-34	24	-95	-36	-47
90	6	46	-64	55	-55	-6	-17	79	-29	-11	75	-68	16	-22	-41	17	-36	-79	71	72	-36	68	-100	65	-10	-52	-81	-78	-31	33	-6	-10	-91	-98	95	3	-55	24	-2	36	5	-54	75	0	-98	29	-96	63	48	22	13	-95	77	-65	55	-74	-48	38	-34	-100	-38	3	13	86	54	18	-85	14	-43	-45	-85	54	3	33	100	-94	56	-76	-63	-14	-95	-71	-46	79	16	-90	81	90	75	-68	10	34	31	-99	-25	-19	-20	-50	-100
-88	91	87	-47	-73	-20	93	-93	74	21	29	-33	-2	20	42	95	51	49	-72	-28	-7	64	83	-40	46	94	-77	78	65	0	-43	-86	20	50	-35	-88	63	-31	-87	-33	-56	75	-55	-22	7	56	-4	-3	96	-82	-99	-76	-78	-40	-16	18	-29	-57	-44	26	-41	-71	-38	46	-82	9	-63	-98	50	62	-71	30	100	60	28	47	31	-19	-74	-58	12	-2	-26	78	30	25	12	69	-15	78	72	-9	7	88	87	5	-8	-7	-91	86
-42	43	45	-25	70	-81	-8	27	79	75	92	78	17	-31	1	-84	8	46	-3	-65	99	27	-97	57	-95	22	-20	88	0	16	-3	91	-11	-68	-8	-93	36	42	98	14	96	63	-63	16	81	-46	-92	-95	5	83	-20	-46	31	33	24	48	-40	-23	85	-59	-25	-63	-63	-52	92	-79	98	-38	-81	24	-5	-65	-85	18	40	-42	-88	-31	-99	-13	-27	-55	26	22	-51	75	82	42	-59	-88	-92	37	36	-94	39	99	92	-30	-77	94
93	-41	-78	42	28	-40	-76	-40	-89	-86	38	22	-100	91	9	-86	80	-53	40	92	74	-51	87	37	84	25	-86	-19	85	33	93	77	-30	97	-23	-56	-71	99	-64	64	-89	-44	-8	72	-14	-3	-68	-89	-87	-88	100	-35	-21	-32	33	2	13	43	73	-93	-20	-40	-69	71	-58	15	89	-43	44	-46	50	-59	-51	85	-61	29	96	82	21	-12	71	-26	-33	31	27	53	36	28	-73	-35	-100	-2	-80	-7	-42	-69	-29	77	-66	90
-43	-1	-38	-30	16	-81	47	-87	-58	-22	-42	73	28	94	37	33	-100	-2	-47	72	-1	-17	59	54	49	75	-96	71	16	-28	-25	65	-41	0	-60	-8	-73	28	-23	25	94	-25	62	-12	-77	-21	-48	38	42	-87	-10	86	-100	-82	-17	-20	61	73	-83	-63	-41	81	-37	-88	-9	76	25	43	-13	-25	87	46	74	39	21	-12	90	2	65	-69	-60	-24	26	-25	-97	-84	40	-33	16	43	67	44	-15	6	-99	1	32	-93	5	-87
-53	68	56	-99	47	26	-55	76	65	42	94	25	60	-37	-98	-11	0	87	43	-32	-79	-68	77	55	1	27	-51	-39	-97	-43	45	-74	83	-70	58	-92	-45	67	43	71	50	78	25	15	32	66	25	-9	-15	60	-66	-76	-70	33	-75	14	-78	67	30	-52	-6	35	71	17	-52	25	47	21	30	-18	-13	-35	9	97	-92	61	12	-22	52	-16	-29	-21	-41	-50	-11	53	68	-12	74	-49	100	-45	16	-38	-38	96	8	-17	-80	-68
5	80	75	-40	62	82	-78	-46	25	7	-60	-18	48	53	56	-24	53	42	-5	-4	99	-66	28	7	32	66	-86	-56	63	-88	91	30	-69	52	19	-25	15	-54	-37	3	79	-71	-23	77	61	81	-13	-94	99	94	-26	-23	-59	-79	45	35	-47	-40	88	41	-17	2	96	2	-30	-94	54	82	-33	4	12	85	91	-53	88	34	6	75	72	60	53	-82	93	-90	-21	93	16	-16	-18	-31	-93	-3	19	-80	29	85	31	-30	-29	-87
8	-62	5	34	24	-58	33	47	48	-99	90	16	-28	77	-56	95	71	93	48	93	47	73	1	0	-47	-71	51	-43	-17	-64	3	-24	-83	-84	-5	77	-60	47	-20	29	40	-8	-80	-90	47	41	-93	46	9	-93	78	-79	-12	1	88	-95	-86	6	-82	28	-68	-82	75	-3	43	-85	-33	-47	-77	74	6	46	35	-40	-70	54	61	-62	-42	-8	-17	-84	-61	-95	48	76	14	69	-50	28	-7	-85	-85	-25	-78	-51	-79	-71	-93	-90
72	74	85	30	-38	38	-50	-98	-4	37	37	59	-30	-54	70	49	-86	-82	-9	8	22	3	98	39	-6	-37	-14	47	100	12	80	33	-28	56	73	-34	-13	87	99	51	-36	-47	-100	-32	-63	-53	-68	54	66	18	90	39	28	70	-80	29	-81	50	-90	-45	20	82	100	-69	-86	100	55	-6	-60	-58	-14	41	-74	31	-58	12	-10	100	10	-55	-19	-85	-47	0	-86	37	-89	24	58	57	-18	83	-4	-80	43	-18	-85	42	-74	-47
37	-68	21	20	83	-73	56	23	41	48	59	-41	-70	12	-91	7	-44	71	40	-59	24	-78	-93	-93	62	20	32	-16	2	-86	-90	14	-88	-57	37	-15	-97	40	-39	59	35	43	49	58	-14	-6	-62	-31	93	56	49	-95	17	71	69	-89	-56	6	-25	98	43	-80	-74	-40	18	-57	55	-35	-48	25	-52	-90	-96	-24	35	0	12	20	60	-95	-64	-38	-69	-75	79	-16	70	25	18	-52	-58	46	-28	-31	87	-9	28	10	39	-100
-61	-32	70	-53	16	93	14	24	43	-100	75	72	53	-54	-66	-86	56	-20	80	-30	-67	-43	28	-19	44	-95	7	-78	-46	-8	7	99	-32	-26	32	-31	-65	-47	-41	34	99	-44	-65	-90	-54	48	7	50	36	45	43	-100	29	84	-69	83	12	-19	18	-40	-37	3	-72	-90	-72	-89	-79	-18	-92	93	-96	23	-29	-16	-36	2	-7	-9	-72	61	7	-28	69	-10	95	45	100	58	94	-97	86	-83	-36	-45	-11	-31	-78	81	30	73
-2	42	-46	39	-56	-43	68	-64	31	23	-91	-9	-81	50	-17	-24	27	97	-66	12	-18	53	-89	66	31	59	-38	81	-25	-55	32	97	-19	26	34	15	-61	71	-18	-76	-57	-44	80	-29	-94	66	-48	-91	-6	-5	-12	7	54	-26	59	-45	68	-1	-89	-4	-29	62	-52	-98	-56	25	85	-7	73	0	3	62	29	-89	26	-77	-28	-33	-65	-57	-6	60	-81	-71	89	93	-81	-23	-22	-70	81	20	-69	26	48	76	95	58	56	-91
94	-38	77	71	-2	76	38	-17	66	-20	-17	-56	62	42	-94	88	-66	-86	-58	-33	2	31	-59	-89	58	72	-100	-23	-73	90	-9	53	-38	4	28	-41	79	-62	-24	90	49	-69	30	-26	16	44	-92	-10	-25	-85	48	35	98	-60	58	-18	3	-35	-49	-62	61	-22	-29	-37	23	68	-42	7	-34	-9	-60	-94	27	90	76	76	15	-26	-96	19	57	-53	11	-82	-30	-52	63	-10	-80	33	8	-74	63	-5	-90	72	-13	7	-69	7
-10	-37	-82	-15	67	-15	-54	-86	1	19	-6	-66	83	72	-42	-85	24	42	10	-72	100	-18	-65	88	-41	-65	69	-41	54	-7	-71	34	48	73	57	-82	-73	15	95	37	-36	23	-11	-94	30	33	59	-93	13	-40	40	37	7	0	-63	-35	37	44	-54	51	-74	64	12	70	-62	3	-58	9	-9	-8	-81	37	13	-80	4	15	38	-89	61	-96	-4	36	84	-58	2	56	97	82	-37	92	31	38	-55	71	-28	-69	63	-20	-54	1
53	95	87	52	43	31	-57	-29	86	32	65	93	37	-35	-89	-93	43	-16	-84	-32	-70	71	-69	82	55	21	93	-2	-100	-60	-80	78	-82	-100	-92	25	22	22	-51	62	29	7	85	57	85	-100	-19	-72	-49	-50	44	43	-12	37	-50	-3	-100	-83	-20	-16	46	-51	65	-97	41	92	-92	2	-3	-48	97	-58	-52	-58	-51	-51	-33	5	34	-22	17	81	-20	-27	18	45	71	-47	60	-51	-2	-41	-71	74	94	90	-90	21	-62	53
-16	-78	43	-5	4	-14	-91	-97	-98	44	90	60	56	91	43	62	58	-92	-88	51	93	34	27	62	38	-95	96	52	69	-42	-88	52	99	2	-50	-72	-92	22	34	-28	-41	-47	13	-74	92	99	51	-3	17	-62	29	49	-45	-73	27	21	47	-12	-81	-71	64	-25	65	-40	60	-76	-85	23	99	-97	-37	33	-16	-39	16	-12	86	80	73	-49	-39	4	89	-89	-75	-61	-54	12	-18	-78	-51	-83	-59	31	-58	-41	-48	-79	14	-78
68	35	82	-23	-7	33	-57	-2	80	67	49	-93	-10	9	-66	63	-70	78	-70	31	59	51	-27	-19	-91	-44	-79	-65	26	-5	91	-73	34	-43	42	80	68	85	-45	-64	81	-34	-11	-79	-70	42	-81	-13	-62	0	57	18	95	73	-6	6	-63	95	-16	-26	-35	-64	-91	-23	-100	-85	-54	2	-64	95	37	93	-31	-69	-3	-23	-57	-68	-18	79	-70	66	-30	-38	-6	59	-47	-59	-34	24	86	57	-34	29	-14	-48	5	-87	-79	-3
45	-34	73	-7	-10	-7	99	-50	-46	20	56	93	12	81	-100	-65	57	77	-83	81	59	91	-45	-17	-67	48	-31	76	94	84	-8	-47	45	51	-79	-33	71	-83	-19	44	5	68	-59	-25	-16	-85	98	16	-82	33	-65	-87	60	-99	28	67	53	47	19	-92	-59	-86	21	86	21	97	10	67	-79	-50	-52	49	3	-90	88	9	34	-5	27	-4	-55	-3	69	20	-67	40	-53	-67	44	6	99	59	-60	55	-83	82	27	15	65	25
-39	-92	28	-95	-51	93	-12	73	-17	-59	-79	78	-26	19	79	0	37	-22	-87	-30	-1	-50	55	7	72	49	26	30	4	68	-29	-2	80	-90	-83	49	-35	-45	-93	4	-20	23	26	-88	61	13	-18	-5	-66	66	48	-50	50	-31	62	-54	-66	-45	0	17	44	24	92	60	-30	-79	-85	-20	-45	98	-8	-17	78	-50	-39	60	85	-78	-53	-54	34	-87	-93	-23	-41	-20	-35	-34	-42	24	-75	21	86	93	-83	54	-65	12	21	69
-83	26	38	33	46	-62	-21	62	-60	-20	43	98	98	74	97	-24	52	14	-52	77	-64	-9	43	-100	-8	42	40	-10	43	64	-87	-67	-14	-11	5	23	-58	33	-33	-75	-94	-70	-64	69	-14	6	25	29	-71	16	-26	26	-14	-74	34	-27	48	-73	-25	98	-57	-22	-49	44	11	94	-77	-46	19	-33	-85	-99	-5	77	75	-62	-75	-23	5	-16	52	92	13	-57	-10	-91	-76	56	48	-37	48	27	-28	71	-13	-23	-100	-16	-78	-98
-47	-53	-45	-92	45	28	13	-88	46	-85	-70	-77	-89	-95	91	79	66	61	8	-79	38	67	-86	24	-48	-67	38	12	-52	35	-54	91	-32	-28	-9	63	-36	18	80	80	24	-99	-66	56	-57	-59	-85	31	2	-61	-87	-6	87	38	49	49	72	-9	-22	58	-32	58	-9	-30	-96	-24	78	95	-63	-94	-88	-27	63	-50	66	100	11	-94	-64	8	79	44	-43	9	22	79	-53	-88	3	30	-10	11	97	48	-79	-6	18	-17	-79	35
-25	-94	-93	96	51	14	12	-52	93	75	-87	-94	57	-85	-65	75	88	-42	-9	-67	27	-76	81	-45	4	20	-71	60	-88	7	46	-83	-92	26	-57	100	-27	-49	8	16	-4	-49	12	27	100	14	84	-14	-25	31	-83	8	-81	-22	67	13	25	57	-41	36	-27	-49	-85	-52	-39	-13	1	35	11	-46	64	-77	2	34	-97	-75	-20	48	38	-81	-90	22	68	5	-96	34	74	60	-81	-88	55	82	0	-76	92	91	-29	-48	100	-83
41	-19	-92	37	22	25	75	4	-60	63	-72	-40	43	98	-93	-4	67	53	8	75	-91	58	-61	39	-26	-57	18	57	-60	79	-19	-57	69	-97	80	17	-63	-51	-73	40	-99	-96	-78	81	59	-28	-36	-100	2	9	-54	83	98	63	-50	-47	80	-62	92	82	74	-32	-52	95	-95	61	64	46	25	-45	65	8	53	82	-94	24	-27	56	96	-82	-5	0	-97	87	-85	46	-62	-32	-84	10	-10	70	21	1	8	92	57	-41	92	63
42	77	52	91	-51	64	-56	-56	23	15	13	-78	-99	41	-20	-96	14	15	-80	-39	-66	-93	98	77	-18	3	68	15	-74	7	34	-70	2	-32	-86	9	24	-41	-15	-23	-6	40	49	53	-61	95	76	94	38	-67	26	-98	37	-68	19	29	-2	85	-92	73	42	-36	7	61	81	-21	-37	-69	89	68	35	-58	14	53	-12	30	-38	-15	-67	-90	-70	45	-22	-76	-95	-87	20	-53	-30	86	-50	-24	-96	-88	83	-99	9	-2	-14	100
-11	-17	-65	17	72	67	-59	45	4	73	-27	-55	-32	-68	-62	26	83	28	-39	-49	85	7	63	-4	47	-51	59	-1	26	19	-32	22	-14	-53	-14	-2	-10	-30	-65	55	19	-100	29	-9	8	71	-87	-99	-20	-39	-76	88	33	-6	-78	30	88	-69	95	94	81	5	-88	-59	-97	90	91	91	-5	-40	69	-41	-78	75	-4	12	-21	8	-44	38	-98	43	-47	95	-33	-89	-23	99	-67	-79	70	100	-10	-86	-20	44	7	34	98	8
-76	-26	-52	-58	-51	-100	27	-43	-8	-73	100	-13	7	-26	8	-96	67	75	73	-70	100	-4	-42	56	-27	70	15	46	76	-43	-26	-92	9	-80	-67	99	36	-86	92	-1	6	-57	41	76	89	31	54	-32	57	50	-82	-93	-29	-63	-97	-38	-98	29	-53	35	16	40	-38	-61	-49	50	81	17	71	34	-92	-15	-43	1	-12	91	49	-85	-84	-55	-88	-26	92	-9	-57	28	-65	-72	19	-45	-59	-30	-19	-21	33	81	-87	-52	-25	-21
-2	59	59	-41	-12	-87	-13	17	-11	-96	-55	45	-80	-19	45	-31	39	95	6	-74	-89	84	49	7	-65	68	22	1	8	-83	89	-93	25	66	-86	50	-56	46	19	-85	79	6	84	-39	34	-30	63	-64	9	91	-7	-97	-59	39	11	78	46	60	-90	1	17	-18	1	49	18	-74	65	17	-36	7	9	-44	39	29	-34	-67	-69	-22	-100	-46	-5	-93	66	-72	-62	14	87	91	28	80	19	-89	28	38	-52	-7	-92	-69	6	95
-82	-41	67	46	-65	-11	-37	78	-21	67	31	51	-67	-6	-25	87	44	-97	-15	94	-56	69	91	-26	0	-9	-72	-33	1	9	25	59	-4	33	-1	-58	43	-3	-40	45	-10	67	49	82	73	16	-99	-29	77	-67	-6	58	87	-80	-99	-2	-30	-5	-60	-23	-100	5	14	46	59	61	-60	48	88	17	-64	-94	-77	48	47	-66	-53	43	-3	22	-80	31	-93	33	78	71	-97	77	-13	87	-29	-3	-50	27	-4	-75	-30	-70	-62	-29
42	3	26	14	74	64	-35	75	71	49	-89	-24	-58	-77	88	99	5	51	19	54	-73	68	-45	98	91	-72	77	87	77	-86	-88	65	-36	-31	-69	-75	-86	18	36	70	-9	-1	12	-24	13	-6	-74	-52	88	8	93	90	-40	55	-43	-87	11	61	15	10	-43	-7	-62	-6	17	78	-95	76	48	68	11	-4	1	-63	26	96	44	-47	32	-88	-12	-87	-39	-21	-1	40	-82	56	-48	56	-78	23	-34	-27	92	-57	-65	25	-3	-67
-19	-19	-48	6	-41	81	92	10	70	-29	-26	-63	44	-33	26	-22	-1	95	-18	23	-55	-96	-46	2	48	-92	-76	61	-84	-96	45	83	16	26	-8	-61	-26	-98	75	70	-76	-15	91	94	-4	31	10	71	-48	58	76	97	-100	-65	-8	50	-99	78	-56	-45	48	46	90	-11	-36	-53	37	-36	-12	-45	15	-75	-7	-69	-51	-45	23	-1	-59	80	12	-10	-95	17	7	71	59	-86	69	54	78	-7	20	-89	-61	-1	-31	-62	-82	-21
66	94	-22	-42	-56	-81	73	-2	-41	-9	86	-94	-71	20	52	-21	-33	-72	100	64	67	52	80	-63	10	35	89	-24	-44	9	69	17	-1	69	87	49	21	18	-35	15	-15	-32	48	-37	39	16	-8	46	89	97	-78	56	57	73	46	-11	-10	46	-56	-42	-61	-81	72	98	-83	-34	74	76	77	-84	0	91	57	29	19	-7	-53	30	-84	79	41	49	-1	32	5	19	-94	81	85	40	86	46	-9	91	-7	-87	-54	16	41	4
-64	-16	-97	56	3	65	-6	23	61	-4	41	49	-70	-95	-22	-70	63	-71	23	92	93	91	77	34	50	-85	-71	81	-61	54	3	66	91	82	-41	71	-27	83	9	-100	66	-51	65	84	29	-39	-95	-67	-79	36	-70	-55	-83	52	54	98	17	16	19	-65	49	21	16	94	-25	24	-12	28	-87	85	-38	-46	-93	-77	-96	-63	-85	78	-67	-1	57	76	-16	-1	31	100	4	-85	-19	-77	37	-87	-26	-15	-65	89	89	19	-98	-37
9	75	-83	70	-27	-68	-84	-25	49	23	70	96	-96	79	70	-14	-3	17	82	-79	-50	88	73	-15	26	5	25	-30	-53	-40	-31	68	-80	44	-41	1	-85	14	88	46	-26	-22	-17	19	-72	-14	1	-77	61	50	34	-91	-35	7	70	81	-67	21	36	-97	54	-68	16	-55	13	42	-13	-87	70	-96	-91	44	65	58	57	2	-51	96	24	-55	34	-97	68	61	37	85	-95	76	-31	30	-89	56	-81	7	39	23	17	36	-25	-46
-82	-71	84	76	-57	36	74	90	-1	49	-45	12	72	82	-66	-5	-9	-42	-53	-66	53	-40	-77	76	-24	-51	79	-90	25	-96	-74	-33	-30	63	11	9	-65	-83	7	-11	56	28	-46	-52	1	-73	23	-72	45	-53	100	-8	29	-62	96	-36	-61	-39	15	-8	57	-42	-69	71	2	-62	62	-80	88	4	-56	32	-78	73	65	-95	57	23	52	2	-84	79	-100	7	82	45	-82	-90	55	-80	-52	62	77	-2	41	-6	-77	-49	18	66
-90	73	-66	80	57	43	-64	67	30	70	-60	-88	2	-94	90	99	63	-89	74	10	-85	91	48	-47	94	71	-4	64	-66	-12	-6	-40	94	-35	-64	95	82	-47	-53	24	12	-42	-79	-56	43	57	-69	74	28	-60	-28	34	23	74	15	-75	-14	3	-95	-59	19	-29	41	-41	33	-70	-54	-100	10	27	-1	43	40	-16	49	97	-56	69	78	-92	-24	82	-7	-79	-93	12	-76	-20	70	-41	-37	-81	-5	49	16	16	-54	-33	78	15
-58	-83	100	66	-71	63	49	-5	9	53	50	44	-79	39	-26	33	6	3	-65	-99	-64	51	6	32	-38	20	-68	-74	46	-50	88	-83	15	-19	6	29	-3	18	-68	100	-5	-92	71	91	-32	-40	-39	85	29	39	-58	50	-77	-50	-3	16	-77	76	-10	-100	60	-95	2	20	34	-5	10	-82	-49	-50	60	94	33	33	-67	92	-80	-54	-3	29	73	92	25	70	8	-45	0	30	17	63	14	30	85	-8	-90	15	-49	-49	-3	-67
-25	74	57	-62	43	74	-18	-39	-89	-3	22	88	88	4	80	-31	97	40	-29	-90	9	-50	-49	-25	-81	2	64	-32	-17	-21	-95	71	56	85	-75	-86	49	-100	66	5	85	-87	77	-55	85	90	-24	-39	60	95	47	85	51	-7	-46	-9	52	9	88	-28	2	-14	70	24	18	27	66	-87	65	-26	-86	7	-49	94	51	-81	-84	43	1	26	84	-2	-71	-26	-49	-77	15	77	42	16	-12	-14	-58	40	19	23	62	-3	28	-54
-28	39	-100	-22	-23	-56	16	94	81	-53	-46	55	-52	-48	23	36	-95	33	76	16	-36	7	-33	-89	50	8	60	-81	21	-17	79	-50	-92	47	65	-33	-50	75	52	-8	-88	-78	-66	-78	62	29	-25	-82	-75	-33	-11	14	47	-83	59	-52	56	64	-86	-72	27	38	66	40	-55	-68	23	-70	-9	-99	18	10	8	67	-75	-78	-65	-78	-73	-56	59	15	-22	74	-39	91	-83	-95	-96	-71	36	-20	-24	-14	-43	80	86	98	-47	37
46	-26	80	-46	-54	45	-77	-14	-68	-21	63	-19	-41	-37	37	-2	-68	80	29	25	96	-70	-28	45	71	-9	24	-48	85	-82	54	-37	-65	-37	-96	6	-14	-30	17	44	60	89	6	84	-69	65	-13	78	46	-57	-16	46	-56	45	-46	-53	-85	77	36	94	30	-83	-67	48	30	-95	-75	56	8	72	-55	95	25	6	-58	13	-75	-23	-67	11	25	16	82	15	-13	-41	-53	100	75	31	65	47	-8	-51	1	93	-38	-97	-100	-77
37	-98	8	56	-84	57	3	30	34	57	14	-66	10	78	29	62	38	61	13	-9	-19	-76	-47	-85	8	83	72	82	22	-59	-2	-86	27	16	-15	67	-50	-98	-85	83	-42	-95	-38	-82	-38	-39	-61	-99	-99	-75	-31	-15	-59	-59	66	9	12	-29	-87	-63	-62	-6	-48	-15	-69	15	86	-6	56	-70	25	-44	-26	-51	-75	-28	-27	-12	20	90	-21	1	-97	-10	97	-34	35	95	17	42	92	90	57	78	-65	85	41	65	-99	-51
21	36	-95	-80	-4	37	-45	-98	83	92	47	-94	74	75	31	87	9	31	-92	57	31	43	-45	-1	-50	70	74	39	61	25	-98	-100	19	-88	-79	24	73	33	41	-10	90	-72	-40	7	-2	-23	-98	-82	-88	94	4	-92	-35	-59	-52	29	81	-71	91	99	44	33	39	-54	82	-87	6	-17	58	12	99	-50	17	-36	-91	55	46	-69	31	-48	-88	-61	85	83	44	32	52	-92	36	51	-73	-55	55	-43	-13	-2	46	-63	-54	-73
98	-48	-100	13	-65	-46	-46	-98	14	6	-21	-71	-97	-51	-39	-52	3	-39	-13	-48	-75	-96	78	-6	-73	39	-31	23	69	-35	9	-4	-72	-72	-52	-12	3	-81	50	14	57	-41	84	-45	81	79	75	-23	97	-37	74	-97	-59	66	-27	-14	22	37	-25	19	-1	-12	-69	-60	-43	-67	-35	-87	94	99	-23	-95	-70	11	51	-39	78	72	-14	-58	89	-44	-74	77	77	-52	-5	-99	91	-65	-19	35	86	95	54	30	64	-34	-81	9
63	-47	64	-83	59	-47	-50	-87	-26	27	81	93	-30	-69	77	54	36	10	-25	26	78	79	-93	17	-22	-17	19	40	-74	-38	-22	39	16	79	43	26	61	25	-78	23	-90	93	-14	71	-47	55	-68	-2	-94	-1	10	2	79	-74	28	10	50	-28	27	37	-75	-10	19	14	73	-88	-89	95	-35	-80	68	62	37	-40	-64	-58	8	-45	-71	69	-68	55	68	-42	-50	3	-3	-69	56	-21	28	-29	66	84	-46	60	-91	5	-58	-76
-67	-82	32	-69	-37	-64	87	-60	-80	32	35	-32	52	77	-6	23	-38	-82	34	-100	42	7	71	94	-66	94	-84	-1	33	-11	61	-43	28	-61	100	-58	-44	-30	-32	8	74	75	-97	53	-10	-75	-30	38	4	-14	-90	23	-97	-66	57	81	66	-79	29	-10	-21	51	69	-64	36	98	-61	-52	-34	29	-100	-57	-82	7	-73	-74	-23	-69	-2	46	73	63	-42	-31	-89	72	93	-30	5	95	-15	26	-16	-64	7	-92	-49	-5	-83	57
2	84	57	53	-76	-39	14	32	98	83	-86	-32	95	37	44	-91	-50	-98	-75	-22	-66	-65	-50	-70	42	-54	-88	31	-23	3	43	-5	-1	-65	21	-32	-53	21	66	42	-22	12	-76	-16	22	92	-25	-69	40	-85	33	-49	89	-51	17	15	-31	42	-8	-22	-71	-40	76	47	18	-32	-79	93	-74	-40	-2	3	-61	16	86	62	67	60	0	-51	11	-21	99	-50	-32	14	2	-77	-65	84	-36	-58	7	-91	4	-86	0	-48	-37	-66
-15	-38	28	30	45	2	91	93	-60	-37	-93	25	-74	-4	67	52	47	9	6	36	-69	27	78	64	80	-16	-55	-13	-31	-17	-22	-100	68	71	-9	89	19	-42	76	55	-56	49	79	21	-82	30	11	52	-51	-39	1	23	48	-26	-39	88	38	-44	16	54	71	30	-70	46	85	3	65	-24	45	-55	-55	40	59	-44	22	66	-90	89	-91	-55	-27	-69	6	-13	73	52	-38	67	72	-98	27	49	-84	100	-53	65	19	-91	27	-34
-2	-82	-81	-88	-54	-26	25	-20	-96	-21	-16	16	37	-100	-35	-38	72	-70	27	-17	-99	-13	-60	18	4	-44	-11	-37	20	-94	78	-36	38	28	90	-6	-17	73	72	56	36	-38	84	-2	5	53	-50	19	48	-95	-23	-12	100	-75	17	74	-35	34	46	-100	10	-7	75	-70	-88	-22	-18	-13	22	-90	-9	-42	81	-20	52	14	89	-28	46	37	18	16	25	79	2	-80	-43	70	-28	-79	80	55	-15	30	-79	87	21	-92	-64	-65
94	-28	42	48	-79	16	60	-88	70	-60	-86	-64	-56	-43	-82	-90	91	23	18	-6	48	-69	-88	72	88	-4	-65	-55	67	-26	-79	8	89	-58	-39	95	79	59	-81	26	6	-90	-90	57	34	50	13	14	94	-44	70	5	-80	0	83	49	-47	52	-35	-79	-5	-96	-79	-42	16	-38	1	-11	80	7	63	-42	-28	-70	22	-35	-36	-3	-36	-73	-86	-13	-75	96	32	19	7	0	-15	-88	-86	74	14	-20	35	67	39	-26	54	-62
-82	11	20	84	78	78	-31	-24	64	42	13	79	43	5	-8	70	-56	-71	12	-84	16	-4	54	13	-93	30	80	-2	26	79	-74	6	68	1	72	-42	-24	75	-8	-100	14	88	-42	98	-32	-94	-98	-42	-34	-89	17	-47	4	86	53	-69	-40	-25	-1	37	-8	-83	-60	43	-30	-51	-65	-75	87	51	65	-25	-42	-53	20	5	-30	69	44	14	-14	38	-29	-52	-32	13	-67	90	40	60	20	-21	7	-56	89	13	33	-24	-54	45
1	-89	39	39	-47	-82	-90	-53	-9	15	-65	41	-34	-10	14	87	52	-25	33	-22	35	-82	66	25	-67	15	-96	4	-68	-78	-83	-84	-100	-70	36	66	-54	47	84	39	39	-19	-16	65	-47	-76	-87	-21	3	-63	56	-75	-25	37	-10	21	4	-28	45	-25	-69	-25	-58	-38	86	-82	-52	-19	94	-19	-74	66	57	4	-17	-97	28	-11	-2	-74	96	73	-76	0	73	-75	28	18	15	73	45	-89	-94	21	45	-88	12	-45	-25	28
-87	66	26	-77	32	-62	-3	51	43	32	8	-99	96	11	-100	87	-94	-37	-69	12	63	73	-50	91	-52	4	-78	76	-82	60	-16	-51	-39	-32	91	-85	52	-83	86	-50	50	19	-26	44	62	-84	42	41	11	79	-66	36	67	-44	-1	-11	82	-35	-55	19	9	87	51	-96	-16	-28	-92	-10	-74	82	-27	78	70	-31	-84	-60	-34	-52	-5	-62	-79	9	62	-57	-79	-52	-10	79	65	74	-9	-55	-97	-28	-14	-32	92	9	-72	-51
-4	96	43	-13	-30	-36	1	-4	5	69	86	-99	-35	76	-69	27	-29	64	50	-55	71	-46	88	54	52	-51	-97	28	-72	69	57	-19	9	35	31	40	9	-20	-78	63	-20	-83	-88	-48	-34	-37	-98	49	35	26	-97	90	-84	-47	54	76	-66	48	-48	2	-16	9	41	100	-68	-9	-90	-96	92	-83	48	-34	53	-49	-5	-72	83	33	-86	36	6	19	-65	-73	-92	9	6	-92	-57	-65	92	38	18	-43	-98	23	-70	0	83	64
99	64	-54	-13	20	57	-96	-92	-45	-58	-20	-99	-78	74	81	63	9	66	68	-20	29	-64	75	-7	-82	-37	-76	-42	29	4	66	-3	-78	32	67	-58	-33	86	58	-57	-5	-80	-22	-85	99	58	-98	-49	94	38	-19	-85	34	-24	41	-51	6	-78	-41	61	2	77	93	5	-54	3	-51	-16	87	-72	50	85	98	34	-100	-8	-4	-7	79	33	-18	-7	-67	-37	-92	-33	97	35	-23	-88	-78	93	69	-6	58	-77	83	-49	14	-5
90	-72	-42	-58	-68	-82	20	17	36	27	-17	-79	-16	76	-25	36	-65	99	-57	-95	72	45	64	-31	73	34	17	-96	-66	-54	-93	-97	57	-93	90	73	-21	-96	-66	-74	19	19	-29	-35	-97	75	-34	98	34	78	87	30	28	-25	-5	9	-72	-47	58	67	-20	-16	-61	-75	-95	-6	76	1	-6	-12	-68	51	-56	58	-24	84	57	-62	99	50	15	-24	17	10	-91	61	-2	16	15	34	-50	84	-85	-27	-38	-8	44	15	54	-49
-14	50	-45	6	95	94	-66	-38	-22	68	91	-17	28	89	-48	86	-75	-44	51	32	59	25	32	92	-59	15	-61	-20	84	-75	52	8	-73	-26	20	-40	-56	66	80	3	36	1	77	57	76	-79	-39	74	19	-70	-29	100	-83	82	63	-77	44	72	68	18	-9	52	-91	-40	7	21	61	19	18	-48	1	-29	74	-77	-41	-96	70	59	-26	-70	59	-65	67	21	-3	84	-52	31	-49	-81	22	-46	15	15	-13	53	-63	12	-29	70
43	-24	-41	88	54	-26	-84	-65	-54	-43	96	77	23	-68	-27	-35	58	62	97	8	-25	18	-73	-37	-35	17	71	-40	5	-72	3	-30	-71	43	65	67	-17	-4	-66	-42	96	-64	-7	-83	94	77	-38	81	98	-4	97	-12	24	45	59	72	-11	-61	-14	38	20	-93	28	74	83	15	33	-10	55	40	-59	81	-90	96	-46	94	68	-89	-57	-77	25	-64	46	-10	88	60	-72	-76	-35	51	-2	-13	77	-27	85	10	-42	24	10	48
45	60	29	-83	28	-22	78	83	-57	23	-22	-53	-90	-22	-72	22	8	26	-99	74	53	58	4	34	-31	39	-90	-78	22	-48	72	6	9	12	74	-80	100	-37	-44	-10	14	34	5	98	87	-57	-72	23	39	-72	-33	33	90	-91	-76	31	15	-98	-40	9	59	69	24	-85	50	43	-69	-92	93	82	76	31	89	43	14	48	77	22	-1	-69	99	-82	72	69	-27	73	92	32	40	-36	-97	-19	98	-25	-1	-23	-20	96	-23	-14
40	24	-95	54	-16	24	-19	95	49	-72	-89	25	-10	-28	-82	-96	34	77	13	-63	-52	76	-99	69	-26	-41	-17	-47	-38	88	99	-25	18	-93	17	13	-7	-19	-12	33	55	-5	99	-93	-97	41	-38	-95	60	26	-40	38	10	-54	1	58	74	16	73	-97	19	-7	-91	29	-3	-58	78	-80	-4	-11	-49	-22	17	2	-68	89	58	98	-52	27	-19	-64	85	-11	-63	-74	-13	17	-89	-86	86	-22	79	-16	-82	23	-11	58	25	-63
-43	-60	25	63	-23	-100	-70	84	42	-58	-44	-49	-90	98	56	72	-35	15	3	-88	-61	-43	-77	61	62	67	-82	-49	-12	-83	96	-22	-94	21	58	66	78	-27	-37	91	-72	66	4	76	-48	100	-48	32	95	3	56	54	73	46	-34	-33	-34	-8	78	81	-70	-38	26	-12	33	71	-84	-42	73	-78	-78	30	-11	79	92	53	-32	-66	82	64	-41	61	-99	64	7	37	88	1	41	-67	-24	23	-78	-86	82	95	-99	-51	-60	67
12	-86	-14	-5	45	-72	98	58	-53	1	68	97	2	37	-67	-25	47	70	-48	-22	-59	-54	-98	91	8	37	-14	-9	-98	24	68	78	71	65	24	2	76	69	-9	-100	78	40	-36	79	-9	30	-84	29	-89	21	-80	-1	60	56	-19	27	-56	-100	20	66	53	-97	40	39	73	30	-72	13	-99	52	61	-60	54	-99	-61	-6	-87	-39	61	37	-7	34	-90	-8	49	-29	84	42	45	14	19	30	77	56	-29	-91	23	-45	-83	44
27	68	100	-83	-36	-20	7	66	-63	93	-80	71	-46	-34	28	-74	-67	41	-94	45	53	-13	98	10	10	27	15	-4	18	65	-66	-91	72	28	-51	82	-29	-96	-87	-73	38	-63	-10	-68	-92	12	-28	18	-40	56	27	-77	4	98	-39	-69	66	74	-54	-43	73	52	6	-15	-32	-19	27	29	46	-15	53	74	-30	-95	-57	-71	-83	63	-59	-38	-42	-57	-50	87	80	10	61	-66	47	14	34	-32	55	-88	35	-74	58	40	-86	-73
-64	-66	-72	36	100	2	-64	71	-65	-72	88	83	94	75	-49	12	27	-17	-39	-40	14	-58	19	25	-49	-22	98	-55	-56	-2	-83	92	-92	-12	83	-40	26	-77	-97	26	52	69	73	-65	44	46	-20	-72	100	-98	79	-25	-41	-49	31	-22	-41	-26	72	-49	-18	-71	81	49	-88	-77	52	19	-23	2	52	15	22	-17	-17	-26	-8	-88	37	-62	-25	-96	92	-46	-94	-91	-37	82	-2	-53	-73	56	89	48	-24	-5	-46	74	-57	-60
34	49	18	17	-2	18	-44	69	100	-62	31	40	-70	57	-49	-66	-79	51	98	36	-83	-10	-20	-34	69	65	-96	-98	57	-47	-42	-59	79	91	45	-97	-76	80	80	-21	-86	99	31	74	-13	30	-10	71	-91	40	-69	-90	-43	-26	-93	84	-81	-62	-63	-3	-67	100	47	-94	-68	84	34	61	-43	-45	87	-79	-22	-47	13	12	79	81	-97	-63	-100	9	19	73	67	69	13	30	79	-11	-66	79	-79	-14	-48	93	-56	26	53	54
75	-73	59	-50	48	42	94	-56	-8	-14	50	26	-14	-77	-37	-18	29	44	-18	83	-98	22	96	96	24	50	-36	-23	9	-81	-92	-79	-91	14	70	90	-86	-83	-77	62	4	29	41	-80	-35	69	8	-44	73	-87	98	15	-46	49	-70	-55	51	28	-75	79	-5	80	76	66	-66	45	3	-15	38	-64	6	-51	-92	-90	15	84	-54	19	97	94	85	57	-62	81	-45	-68	79	-73	23	6	-61	52	45	11	-51	23	-8	-84	35	-97
-79	-15	15	-56	2	-63	23	47	88	-41	-20	69	-43	-12	81	-16	96	68	-33	-37	-2	45	46	53	-53	2	29	-100	-19	-32	-53	26	-49	-66	-15	-74	-63	-81	-89	64	-59	-98	30	-10	59	-41	-76	44	21	-24	22	5	-82	41	-85	-39	-48	-94	9	-50	-93	19	-15	-68	49	-88	-64	-14	-66	-6	-49	72	18	-50	40	-22	94	-12	87	-89	-95	-55	97	-79	-13	-64	92	-54	-47	-78	45	-91	19	-82	26	17	52	47	-5	37
16	9	-86	6	8	26	56	87	-75	-97	-73	-33	6	-62	-90	20	69	-71	87	-46	55	-10	-41	61	86	-81	73	-88	-11	-2	32	89	-17	-66	-91	-21	44	63	45	65	37	-98	-44	1	-57	-80	66	91	74	-60	98	36	83	36	54	-99	33	-60	-85	33	-6	58	-59	36	-28	-73	-21	-70	-12	89	-56	7	-74	63	40	-73	-48	57	-34	25	49	-30	-72	-51	88	-3	88	67	56	-24	-69	22	-47	-23	-58	-56	57	-75	-40	87
48	32	26	27	-11	-28	78	27	-72	85	24	3	62	-88	58	67	66	-14	-82	0	94	-72	-43	60	99	99	74	70	-32	55	97	-86	-1	-21	-94	-60	-72	82	-36	48	21	-23	29	-88	14	29	34	73	-15	81	-45	11	-31	69	35	-84	60	-69	-91	91	-57	44	-26	40	-38	89	-29	-22	36	-4	44	17	-92	42	-70	-79	-88	-68	-98	-86	66	18	16	55	99	3	98	-33	-39	98	97	9	-4	-71	51	-6	-24	63	-64	85
-59	32	12	-45	-36	-40	-4	-73	80	-86	87	87	57	7	66	47	-10	59	-60	-81	38	100	23	-26	-80	45	-38	94	35	71	-51	50	-44	74	-57	2	-75	62	-54	-91	23	30	-47	42	65	-92	-57	33	-23	-84	93	10	-61	-86	-71	-91	13	-44	32	60	-74	-77	-16	73	-95	26	-97	-60	-99	-65	-93	68	89	-89	-45	-91	-51	47	-93	80	-96	-68	82	-17	-87	7	-76	67	54	16	56	-8	27	-60	38	-87	-39	-64	33	-49
2	-71	100	77	80	-31	9	-5	81	40	-13	2	-9	-32	96	10	62	-2	23	17	25	56	-1	88	-90	19	-30	-15	22	49	-70	81	88	-10	20	30	44	-13	-52	-26	-24	-57	-85	-53	-74	68	25	100	15	-23	67	91	-81	25	35	-80	55	-56	-54	50	-78	-8	97	-42	99	26	58	31	-84	-11	3	-97	14	26	-25	24	12	80	-40	82	42	-19	47	-12	-18	-36	100	-81	-83	13	-75	96	20	-33	16	88	-54	77	-95	77
62	77	-7	8	58	-71	-29	-99	9	42	-73	-79	89	85	-30	96	-97	-31	-26	50	-6	-83	-66	-99	60	1	11	-62	46	90	8	-18	-66	61	-89	50	52	-72	-41	-68	20	-16	48	72	-2	91	-72	-94	-96	-24	1	87	-42	1	-43	-98	-57	78	57	-81	44	73	16	-58	-96	82	-17	-17	-37	64	-41	89	3	49	65	-54	37	-16	-51	-20	57	77	-78	59	9	-67	-30	73	90	34	71	55	-51	-84	-37	-46	56	-40	53	64
92	94	28	-59	-33	50	27	67	46	59	-54	-86	-62	-43	-31	-45	68	64	57	71	76	-95	-73	11	16	86	-86	28	-41	-19	54	99	5	12	-81	90	43	33	-40	-6	-53	30	56	-94	90	-37	-26	-40	-88	98	-52	-45	13	2	-43	70	34	-6	-23	-36	82	-4	95	-31	-61	52	92	-80	25	41	-36	73	-85	60	99	-34	-70	32	-35	-94	35	-74	-48	94	-46	-84	-64	60	-7	-89	-26	95	6	88	-25	66	-9	-53	13	-62
-37	-14	14	-98	14	-70	68	-27	70	-93	64	97	26	65	-23	-27	85	20	-65	-99	40	12	-63	-50	-53	-2	63	53	-91	89	82	16	-93	-20	-55	-89	-99	89	36	-75	17	-51	32	-98	-62	88	-29	-8	-84	38	2	-65	32	-49	-68	-37	-36	-82	96	-93	38	-88	45	45	-69	62	66	-83	77	-83	35	54	74	-86	64	-87	34	45	-44	-19	22	42	33	31	-2	73	13	-72	16	44	-63	17	-30	-76	-9	95	78	-52	5	-88
100	54	-1	-71	63	-49	-90	59	-6	65	76	47	31	5	74	67	-99	-66	67	43	-3	93	-67	-41	-14	56	-25	-96	53	-61	-15	19	-43	98	-96	89	-96	-86	73	-98	-56	-25	63	-21	-95	-55	58	72	-63	-83	-2	-84	-78	77	75	20	-32	-5	-37	-5	33	78	23	-87	-55	-47	-3	-9	87	-9	-33	39	-95	49	-9	58	-64	-48	-67	-46	21	-59	-5	28	2	94	-5	19	-51	-70	32	-43	49	16	-80	60	97	28	-87	52
-79	81	22	79	-39	-42	66	-39	-4	55	87	-84	71	-90	78	78	-78	-44	-8	-88	-36	53	-76	-80	-31	37	-32	-11	-61	-72	33	56	-67	28	72	-22	-21	-24	-37	23	-2	-98	86	53	-56	-23	6	-53	-31	76	-32	-5	-37	-24	-60	42	-56	88	25	-36	38	-83	-85	79	-6	63	96	59	-18	-51	38	61	-22	-99	-81	-75	29	-4	35	-6	42	21	-98	-69	39	75	-46	79	76	1	-25	-65	-3	12	40	23	81	-50	-78	-21
61	95	100	-13	87	30	-49	-43	48	-95	78	-1	-94	-50	-17	-14	-29	42	36	-63	28	52	-92	-5	71	-42	99	57	18	88	-25	4	84	-98	-37	82	35	65	-94	36	-89	44	61	42	-70	-21	-73	-40	-2	40	14	-53	21	-20	40	2	48	-84	83	-88	-55	-23	-18	-53	64	39	-23	-11	16	-11	8	-82	86	42	63	15	-13	-18	-57	-41	88	-59	31	96	-37	57	78	37	-63	-63	-43	-15	-58	88	29	-84	-8	-1	-16	-13
-92	65	51	-5	-87	6	91	-76	-51	99	-100	-47	100	28	36	-100	66	-30	-94	-11	-1	21	39	-25	-99	-40	-24	14	-49	74	51	-48	80	-41	70	59	5	98	-80	37	86	-41	46	68	-24	-37	-34	-17	-93	26	53	12	-80	-44	75	-12	-97	49	82	47	44	-61	-67	21	74	69	91	-52	-57	42	-2	-66	-84	46	15	-31	60	-18	-44	36	-53	-83	30	-88	-100	-20	14	86	-21	-29	55	-46	-61	77	-22	27	98	62	53	85
8	61	-46	-68	-8	-75	96	-94	-79	-96	-28	-5	-75	96	-3	92	-21	56	-96	62	15	-82	-20	52	-14	-38	-95	11	90	68	-92	-57	92	-93	62	100	49	30	-15	16	96	-75	-80	-25	60	76	-22	10	-94	63	86	63	58	-97	-27	-44	69	4	5	-46	80	51	-66	53	62	-40	65	98	-75	-75	-42	-14	96	2	65	-80	65	7	-44	80	-30	-24	23	-34	-89	-6	49	31	-82	-58	-57	78	-54	15	31	-82	11	55	11	9
90	74	88	-74	100	-13	-71	-78	-60	78	-10	1	33	88	-7	60	-5	-2	-56	-76	87	31	40	-74	79	17	-96	-28	17	82	53	-86	-59	-33	25	-97	-64	8	-67	70	29	-38	-15	-85	99	72	59	-97	57	-58	81	-63	87	-87	-46	-44	-25	-73	1	24	-27	-9	84	-33	-4	68	-85	-99	73	95	18	37	76	59	3	-10	-39	57	17	17	3	7	-59	20	77	-89	83	12	-81	-34	75	-20	-14	-35	-8	24	95	-7	-100	95
-83	-39	90	-21	-39	13	10	68	52	-47	-55	77	-88	-18	87	-78	-45	-67	-6	29	-28	-54	8	3	47	43	-30	-20	-76	-77	-1	84	49	-50	90	-76	-22	-94	45	-22	100	75	-39	85	50	-26	-52	37	46	61	-91	-72	-16	-12	-24	-37	77	37	-37	-83	19	-37	-69	-81	-82	-38	81	5	40	-66	-33	-69	2	-6	26	-44	-30	60	94	87	22	-51	26	-21	28	-32	-57	52	65	32	-19	-24	-43	68	-13	-48	-31	41	-63	-89
16	-25	-26	-20	84	69	-12	4	43	64	6	-50	11	25	9	-29	-13	20	84	1	-1	-13	20	30	69	11	48	86	41	85	-60	-70	-12	72	0	15	32	20	-52	52	73	-25	11	56	30	32	37	68	-75	55	10	74	47	-12	-98	3	-59	35	26	64	10	-20	-5	59	14	-49	53	87	-73	-65	-59	58	4	98	91	-67	49	-1	55	49	93	-31	-22	75	-5	-17	36	93	-81	-74	-30	-30	85	72	32	-35	75	-96	-98	10
-26	73	81	-35	90	-71	-34	-68	-5	35	54	59	-95	-35	52	63	35	-31	-57	-20	-93	-92	67	32	100	35	-5	-37	1	90	74	-80	33	28	65	-44	11	-83	-92	-34	65	-66	-71	49	-1	44	27	-73	-78	-39	96	44	83	26	-24	-26	11	-91	-54	82	88	-9	-11	-48	16	-15	-30	-50	69	32	-2	-85	-50	-82	-48	-84	95	-38	-53	-74	60	61	31	43	-61	-66	36	-94	-73	-51	-43	28	-85	-84	-28	11	94	36	-54	-39
2	28	-73	-53	86	95	44	67	-60	-83	33	-60	-74	57	-50	-81	23	57	96	-80	60	24	38	-55	-34	-28	68	-91	61	-68	20	15	52	54	72	-40	40	1	13	48	24	-32	-31	-62	-61	63	-93	-11	-90	-76	-98	37	98	37	-2	13	64	82	-66	-74	88	8	58	91	34	43	21	-13	-13	-21	-22	-92	-4	-57	41	27	-72	85	-65	-18	75	59	54	-91	71	-87	-39	21	-84	-60	88	-37	32	-54	-6	-58	-2	-66	-31	5
82	95	-49	-84	70	-15	64	28	-51	-64	-13	45	-59	74	86	-71	5	-3	72	48	-15	-56	12	2	-8	-70	-79	-19	-74	89	81	28	8	2	-95	-32	-25	-93	31	39	-84	-65	57	95	77	-16	-69	84	-28	52	-53	11	82	-38	90	4	-21	100	15	-43	43	82	96	-88	40	41	21	-27	-72	-91	14	62	82	-99	-16	-97	-54	91	35	1	37	-79	10	61	-14	-66	-65	-10	-79	38	-61	40	3	83	-44	55	-48	-17	-44	94
58	-93	20	-3	-57	-79	-40	49	86	-67	-19	-61	88	66	75	-98	10	27	-94	-35	72	-5	-2	-17	16	78	89	-46	99	-74	-25	10	-66	56	-18	-73	-14	70	-45	-74	42	69	-7	-61	-16	73	-31	-4	71	80	66	54	65	78	-50	4	90	-39	74	-36	-23	-85	-22	-84	-62	75	60	12	72	-4	-10	-4	-40	42	58	-98	-72	31	-5	69	5	21	47	39	-97	5	-51	91	-12	-93	39	-91	75	9	70	-50	-12	45	9	-69
90	21	-98	-55	-70	12	94	16	-34	13	52	-1	23	38	-82	81	-78	-48	43	-80	54	63	-23	-5	100	72	14	-81	37	-64	-47	23	-15	73	-93	41	41	23	-86	-20	-23	1	46	27	-33	7	-86	56	-59	-95	77	62	-85	-31	-56	33	-75	-41	16	-53	-98	-84	29	66	-66	-54	-73	16	38	-91	-2	-37	37	30	89	16	-37	-96	21	-65	-46	90	-1	-10	15	30	81	-6	-69	0	-46	5	-10	37	45	78	-97	44	-94	-62
49	2	94	-89	-19	-17	0	15	-13	-65	-82	55	-65	-88	-92	-30	87	75	-76	-74	-83	-78	20	-1	81	-55	-49	16	-69	-49	2	100	-20	-90	75	-10	-42	-87	41	-55	-65	-20	9	-89	-100	-8	-98	96	-37	-12	-62	-100	49	96	-86	-12	39	-45	-63	77	13	-100	83	4	-78	-81	70	66	45	21	40	-24	93	-74	-39	28	52	12	-30	-59	-53	17	-82	-58	-28	2	75	45	13	45	70	38	-27	-98	41	45	-6	32	-52	29
12	50	-40	-35	-89	-79	44	-11	74	-100	-86	-17	-7	-57	24	52	32	41	-85	-36	74	-68	74	-34	71	-56	-65	-13	75	-54	81	4	-23	1	-59	-36	-48	-16	-22	10	-67	-17	-70	-89	-89	-79	-1	95	49	31	-28	24	66	-50	57	57	-14	23	74	54	-64	32	-64	-24	-44	-51	-20	34	-63	-81	-35	-83	36	30	-31	-41	-35	-70	-49	32	-68	-50	-2	-66	39	-96	-21	-44	-39	38	65	24	21	-98	-65	8	0	-57	-40	85
55	-30	-7	78	19	-26	-14	83	25	-72	36	-94	-23	-54	76	34	-31	-48	57	-84	34	44	99	35	100	85	-80	25	14	30	-9	-28	30	82	4	37	-46	-37	23	98	92	95	-8	1	-15	56	81	35	-64	-7	41	15	-40	-99	52	-16	68	33	10	-71	23	17	62	-44	-5	56	0	20	44	-13	-7	79	-80	33	-35	43	-59	79	-3	-41	23	63	-18	-78	-49	36	-88	45	-9	84	-48	4	46	-4	-17	-56	32	-37	-24	-32
-15	38	-97	-55	77	-51	98	-91	-57	60	-22	-44	-1	-52	-3	5	90	-96	4	44	-31	17	26	61	-86	-45	84	-99	7	25	-31	52	53	42	51	-35	7	91	3	-63	12	-70	29	82	57	43	70	-99	-81	-13	49	-22	58	-70	-49	43	-22	63	-50	-89	77	-10	16	53	46	-47	39	54	30	85	-30	64	37	-30	-64	-9	-1	-86	24	-3	7	69	-10	27	19	-97	-53	-47	55	-73	-90	60	-50	35	-79	71	-97	90	84	26
