-59	-17	52	-100	61	66	33	-35	-51	-14	-23	-71	35	-43	97	77	-12	2	-62	13	-90	98	71	8	100	6	96	63	23	-61	70	96	100	-65	92	-87	-27	-20	31	7	58	76	73	-17	-93	-32	-17	98	55	3	71	-82	82	54	30	36	50	63	58	-79	-64	44	-1	-2	14	-70	-87	-25	70	13	-49	-93	-77	-51	-91	28	-13	-93	-20	65	13	57	95	54	46	71	-78	10	-44	42	-82	36	-25	-24	41	-74	96	-54	23	-69
47	74	-54	39	33	-51	-51	-80	40	-25	92	-25	78	63	-22	-47	57	55	-83	3	-66	-7	-81	-26	72	-86	87	-51	31	-46	-8	-16	-75	26	-11	74	27	95	21	-80	53	19	-13	-44	-66	52	23	-10	8	63	-22	27	60	-57	-73	37	-46	52	15	39	75	47	-78	16	-91	-17	-28	50	-3	4	70	33	51	59	32	6	27	-79	-17	67	57	-50	-23	-70	75	-26	-62	67	78	-2	70	38	18	-86	-95	87	69	9	-32	1
5	90	-15	68	24	22	-62	48	28	57	23	-2	4	42	59	-1	27	5	-32	16	66	75	-23	-43	95	-51	40	8	-97	-25	36	-51	-29	62	-76	29	-63	-84	-22	-42	49	-1	-47	-61	-80	45	-46	16	-58	40	-98	-82	60	86	54	-77	-22	18	58	-37	-10	61	-21	67	-2	-17	-90	-44	-70	71	44	-67	-85	85	90	22	23	-76	-27	-63	-78	-99	-59	-10	72	29	60	-100	-11	-44	-77	-4	-22	25	-89	-48	-29	7	96	44
35	-51	-32	-63	98	75	-87	-13	-46	2	-83	80	-92	84	-65	-83	-34	20	-39	84	-57	-7	39	97	-9	95	2	4	9	80	82	33	-35	3	82	-18	-69	-96	18	-32	30	45	49	65	-3	-79	14	82	58	-91	58	93	-95	-64	75	-69	85	-24	79	-13	-8	-37	-17	69	-83	11	75	-63	-98	-51	-68	15	25	73	73	-83	-88	-16	-96	-69	23	14	-14	-52	-16	78	28	-74	-31	-38	88	92	-53	-92	-36	-23	-78	-1	-15	-98
84	-16	-9	-46	-46	59	45	36	52	11	-33	-19	-87	18	-69	-99	10	-5	-11	-37	-49	75	-30	-89	-83	48	-29	8	-81	48	-50	77	96	-54	-84	99	-35	60	28	97	-62	-89	-2	3	-85	76	93	43	70	-9	79	21	-52	24	55	-8	-57	-99	90	23	-20	60	-4	78	-82	-93	23	-8	46	-24	27	-83	-91	-49	-17	-26	-87	-93	-53	-33	30	96	-97	49	45	61	2	74	-95	22	-33	18	49	55	-59	90	-78	-52	94	21
-98	19	-99	-51	16	12	-23	2	-77	-88	-47	37	-43	60	-55	-64	82	-97	80	60	39	-82	-63	-85	-99	98	2	-27	11	77	98	3	29	83	60	-81	90	-71	53	-39	-6	55	-36	-74	47	45	-47	58	-51	-49	-98	-71	-47	-87	-81	34	1	78	89	-65	-55	-41	65	75	80	-57	-68	-43	3	54	-100	-50	98	-94	12	19	93	2	33	-93	-67	65	62	-42	66	15	9	-33	96	-39	-37	84	-33	34	58	-7	72	-78	40	84
-37	-52	26	-33	-4	-35	62	-81	-69	-3	-99	-12	-4	-66	6	38	42	-21	28	48	78	71	81	2	-22	-5	-18	-46	-26	-18	-78	-100	30	-53	-64	-53	-100	-25	-47	32	78	67	98	69	14	-9	-82	12	9	-26	-53	-83	97	-49	64	-4	79	56	48	45	-1	-91	-58	-58	19	-6	-84	5	3	-46	54	-95	2	90	72	49	-35	97	-7	57	8	71	72	-12	-64	-21	6	65	63	-26	79	-11	-58	90	-99	-43	92	86	-69	-74
-90	37	-56	90	-7	10	1	-50	-68	-28	-35	-70	2	-25	-16	-11	-11	39	-93	43	-90	82	-32	57	59	38	86	16	50	-71	8	52	73	67	59	-35	1	89	-75	-97	84	-51	6	-4	-74	67	37	-44	93	88	-42	27	0	10	-80	47	-41	-27	-94	-29	21	56	36	76	-94	43	-25	-38	68	100	-92	36	-41	73	-68	-26	-92	76	-64	53	82	71	-43	55	-90	5	78	86	35	-4	-80	73	-27	84	-75	-25	-21	-35	79	69
3	47	-40	-51	47	88	26	-81	-92	59	-7	-42	-53	90	-89	39	-22	-37	52	77	-54	-74	-43	91	71	58	50	-76	3	95	79	-83	-99	-85	40	-50	-75	-71	-22	-54	17	69	0	-13	-48	33	6	-94	95	71	-11	-50	-91	54	-14	27	-64	13	73	-94	-38	75	-47	44	-17	58	-90	-64	12	31	76	-59	-34	83	-57	-87	94	-5	25	91	76	-97	-14	9	-37	-38	-73	94	-85	-33	-77	-37	-76	-23	-61	-31	76	52	-67	-24
96	-40	-63	-36	-90	-15	-90	42	-35	-19	54	64	33	-36	44	93	28	66	-63	-61	-83	-2	91	-31	-14	-26	3	21	-63	-93	-89	47	22	-97	0	2	-83	3	44	25	43	100	97	63	-10	11	-32	-59	13	-97	14	-56	41	-31	9	88	-26	71	96	-4	79	18	-36	-62	-18	-27	-65	81	-46	8	59	-15	-43	-3	-20	83	-82	96	54	94	-51	33	85	-80	25	-7	55	37	-64	-53	-79	85	-80	-51	-71	-88	-85	34	-47	29
-54	-66	69	50	90	75	-82	10	-94	10	-19	63	16	60	-89	-79	-75	20	76	-59	60	-97	-28	73	-81	-13	-26	68	78	-2	-35	-11	73	36	44	-23	93	-78	-42	-78	31	-50	-57	-58	47	-55	7	-8	24	61	51	-2	-93	89	20	-65	43	62	63	-22	26	49	-89	-72	-64	-47	-37	9	-14	-24	78	9	51	-27	-25	-12	-43	55	-13	11	-83	-56	89	-19	-98	-16	12	-26	16	-62	2	-86	17	-34	-41	-25	-42	-34	-71	-8
72	19	-62	75	68	-41	-86	77	-15	-24	43	92	97	20	52	56	36	-12	-7	-48	-13	77	-62	43	-94	-76	-44	-67	78	-44	25	61	8	-92	76	-75	98	-50	41	-36	-44	-66	13	28	81	38	38	-54	-34	64	74	79	-40	-85	-55	80	-18	-31	-17	-57	-60	-51	-14	-14	51	10	-13	83	0	-43	-79	71	-76	88	14	-24	-3	-61	-18	20	11	87	69	-59	-22	-31	-44	62	-5	-15	83	-69	64	56	1	-54	-33	17	95	36
-84	-16	-90	92	57	-64	57	-41	0	94	-11	-25	90	-25	2	-4	75	-80	21	-59	-21	46	12	-17	-41	43	-45	67	18	48	-32	89	94	-13	32	-1	-47	26	-81	-7	95	-26	49	-84	98	84	15	-27	88	-94	100	-32	-54	51	-4	45	-52	94	-83	-12	-53	-84	41	80	-23	-3	16	19	54	-88	23	-22	-85	84	-54	-13	32	71	-46	59	99	-4	38	37	-63	15	-4	-98	-99	4	82	-61	43	-11	4	28	-94	82	64	9
52	74	65	-4	-64	-76	-43	88	68	-13	-2	21	-32	89	-37	97	-49	-24	-73	74	-13	48	93	34	70	-57	50	-46	-40	50	60	77	-52	-53	-41	99	-14	-59	54	-45	60	1	46	8	-16	-84	-8	74	-14	-15	-60	-10	-53	69	-96	89	60	-50	97	36	-97	-63	-20	-25	94	-61	-83	28	-7	-2	-55	-53	36	73	-37	-71	-18	84	77	63	72	-62	92	42	-78	47	-8	-28	-58	-22	19	96	31	66	-2	-95	47	-8	-50	-75
-27	4	-65	45	-57	51	-57	54	-33	10	-71	-70	-74	-87	-28	32	-71	1	67	-84	18	-68	-93	-69	-23	-51	-2	-64	-35	7	-97	-86	86	-63	21	20	74	-89	-87	-58	-10	-86	-17	25	-10	-62	-15	69	20	-65	-23	-72	43	-99	-92	14	-79	53	-13	-78	-98	17	2	-41	-67	48	49	71	64	65	-10	9	-36	31	-8	40	30	23	-51	73	61	-92	-87	-71	-4	80	24	79	-94	8	69	-43	95	-13	-85	-43	89	32	20	37
-56	16	23	-49	56	67	-5	10	1	50	-28	25	-14	-12	-66	-90	3	76	-70	-34	-64	26	-75	-20	71	8	25	43	-31	-72	-42	-57	11	-8	-98	-77	61	-94	-55	81	9	-5	22	-8	-78	67	-13	-8	3	42	7	-71	-78	23	47	0	-57	-24	43	77	13	-98	56	-61	-3	-76	-5	65	-9	94	-97	-11	25	-97	67	60	40	80	-75	-84	33	64	72	-69	35	-67	44	68	36	-13	58	-63	-65	74	-7	-65	24	0	17	-88
-45	-81	38	37	82	6	83	-98	51	-14	-34	-18	54	-62	-31	-21	84	23	-65	-1	3	54	-81	-61	-4	82	58	-78	25	35	-79	0	63	-3	-30	49	3	34	89	-73	34	74	-43	-45	-84	46	-24	22	-89	77	-39	-66	-5	13	45	37	7	-81	91	-12	32	18	51	-81	-56	85	85	-59	-12	17	-11	-46	40	79	-1	23	-32	-98	-48	-60	38	-37	-26	51	78	-58	-71	10	2	-70	-21	54	34	-5	72	6	-19	44	-78	35
-45	-15	94	-41	-89	-84	2	-62	-72	90	82	77	-31	33	-83	8	34	7	-26	60	-16	7	48	-57	-14	-69	-20	63	13	80	77	-4	38	-53	-9	-42	-88	60	-74	29	-64	6	80	-29	3	3	22	29	-69	51	19	51	-19	81	1	97	93	-95	-31	-24	82	8	39	61	27	56	-92	-68	50	-79	-42	61	-81	27	-73	80	-55	91	12	-7	80	-30	94	36	-67	-10	-57	96	-3	94	-68	30	82	-86	44	-18	42	-13	97	96
-47	10	8	99	41	56	56	-57	49	7	-2	-94	-36	70	45	86	-82	54	-31	37	-47	-52	79	-32	-34	-56	66	-99	10	-92	-90	-46	69	72	-36	68	-35	86	49	-36	7	-58	78	41	48	83	26	-94	70	97	-66	-86	-4	-26	72	-67	-79	0	-94	25	-66	-27	40	79	-93	-5	-29	-45	-80	63	-51	81	-86	-61	-19	46	-14	58	77	2	-77	80	-74	-47	4	-82	-28	-64	45	-28	-67	-85	-70	38	57	17	-74	99	65	97
24	33	-56	-45	82	77	-66	-85	79	17	86	38	21	-71	86	98	-2	94	69	90	-5	42	18	-45	-94	-76	14	68	2	48	80	51	-8	11	44	10	-99	72	2	-57	-33	18	-83	-38	22	-45	-9	66	36	-42	5	14	-68	-18	79	-36	-12	30	53	-4	-76	-10	-7	12	89	78	-72	-37	-64	-49	82	31	-35	-93	-27	-11	-58	-28	-37	54	-19	56	-66	-53	3	9	29	34	42	29	43	-36	36	-99	28	62	79	64	92	-82
-57	-75	-84	14	97	-54	34	-41	-46	53	37	-87	-19	27	61	-90	97	71	-34	82	31	-42	80	21	55	63	-23	-98	88	38	66	35	43	69	88	-98	27	24	72	92	-54	89	72	-60	-12	95	-3	-35	40	93	31	98	-20	-84	22	92	58	26	92	55	9	89	-17	8	4	1	-100	-83	-42	72	-18	-42	-37	78	54	20	-33	-80	89	-49	90	-73	-65	-47	-49	55	92	-69	62	64	-71	43	60	53	64	36	78	-45	-57	82
-67	-63	-13	-27	33	8	55	4	64	-32	7	-79	-72	12	51	43	93	-79	86	-18	65	37	-97	19	-62	-15	-47	22	77	53	-17	-60	30	-54	-43	33	-49	90	-59	-97	-46	-74	-74	35	19	47	8	-71	84	8	-65	-21	92	-24	-36	93	88	-93	54	57	55	-63	46	67	35	41	-30	72	-85	9	45	16	-2	37	-70	-81	-71	61	21	-83	-50	-90	-68	-25	-51	96	51	-36	8	73	-26	72	-45	84	-49	-71	50	83	-76	-63
-65	-23	52	-45	21	-82	78	36	99	-58	-52	83	-26	56	-12	-80	-83	-25	-38	98	-2	-21	17	92	-12	75	67	53	45	92	-99	-80	6	69	83	86	-97	-96	-39	84	16	85	-63	-73	85	-31	-99	32	7	30	-42	11	-11	40	86	-47	-57	59	44	-79	-84	5	43	-7	66	-24	79	65	-12	51	-90	-86	-23	-30	26	90	-64	80	-57	-2	97	9	-32	69	92	8	82	97	28	50	-79	59	-96	-35	-65	-60	-99	-21	-10	100
41	34	-38	62	96	-55	71	24	-86	71	40	-13	-91	-70	26	-58	-89	0	-63	76	-53	7	46	-85	86	-33	68	11	-62	69	-85	-99	72	97	87	29	88	-57	81	75	-92	4	85	8	44	-21	-79	46	-38	-14	44	36	-59	-34	-87	15	18	70	27	-86	-60	23	-56	-29	-46	-10	-98	40	-14	-72	15	87	-20	87	-1	30	-20	-8	-18	-39	37	-46	94	-60	75	-43	-81	40	8	-94	27	-31	-4	-16	47	-11	77	92	-75	-5
73	-74	-43	30	28	-98	-39	-67	4	-98	30	14	56	-26	93	97	-55	-85	-63	40	74	24	-42	-79	-78	-48	49	-80	41	-46	-70	-11	55	1	57	43	5	-47	-80	-11	-83	79	65	-76	-15	-29	10	-95	40	-59	-79	40	-24	1	-15	-24	74	34	55	14	10	-20	-69	32	36	71	-19	13	-16	-55	-30	-78	-56	85	8	32	87	-6	-42	-13	-33	9	27	-81	-39	17	-38	37	41	54	-39	-10	63	-76	-94	-77	12	-52	-72	18
-80	-22	-18	88	90	42	-66	-4	19	-95	-6	-11	93	2	60	-33	-65	20	38	50	-57	-88	-92	-26	82	87	-97	-54	20	-60	-9	-88	92	-35	-93	-13	91	-85	-55	-12	-98	49	79	36	-20	36	87	-42	-83	80	41	-71	-62	-25	-54	66	69	-4	-37	-10	39	0	95	-51	-73	100	-83	59	-89	22	79	-28	92	-20	-59	66	-20	-52	60	-9	11	41	18	71	9	-13	98	-5	-52	50	-82	63	-3	55	-77	80	52	-39	-11	62
-95	-72	-52	17	11	45	54	-69	-82	70	-70	21	-13	-33	-67	4	-74	16	-31	87	43	-20	-93	70	95	-91	40	-92	-49	62	-14	-36	-31	-94	94	83	40	-88	-1	22	-36	-5	5	-79	-66	-37	-27	-19	44	-49	97	-15	-83	-29	-18	86	56	23	66	100	-22	67	89	-13	-66	-31	44	11	34	15	55	-96	79	-60	1	-92	-13	4	-1	17	-27	90	-95	80	72	-51	99	-39	-31	-29	-98	82	91	64	4	-8	6	50	-12	-41
89	36	4	-63	-67	52	-100	-22	-93	45	-61	-70	-6	-25	92	-94	-69	71	9	62	72	46	42	-42	22	56	-97	-30	-97	11	62	-8	1	33	6	80	-38	11	-44	73	-31	-19	-50	94	-58	-94	88	32	78	-16	45	-20	-81	23	-98	-91	-1	-100	-4	31	-38	-16	2	-33	-78	-90	-63	-15	37	91	28	57	32	-44	-1	-12	-25	18	-15	93	43	17	-18	-82	68	76	94	22	-6	-55	-5	81	90	41	25	26	-50	-39	79	-49
14	72	40	-91	75	44	49	-29	60	-66	-57	-52	-15	-36	-96	3	0	-38	-7	-19	-98	-20	39	-34	-30	-83	53	-40	96	-45	11	22	-84	-31	61	-69	-23	-65	-83	36	10	-34	27	-68	63	-55	-60	15	56	-67	-4	-84	-49	79	48	-52	93	-14	-22	-6	63	19	52	-14	43	-10	73	66	-56	30	-60	29	-51	46	-46	97	5	21	-55	74	34	-53	-71	59	-7	-7	16	31	51	-74	-62	-59	9	54	11	-49	1	26	-8	-37
32	37	-16	39	75	-97	-32	-52	79	-10	34	-38	-100	-23	73	-31	-79	-19	6	50	-78	-38	81	-94	8	-61	-12	-14	-75	-38	51	5	-21	-17	-88	-90	7	100	56	53	24	-3	-66	36	-85	6	-99	7	89	6	93	85	26	78	-66	-42	78	78	46	62	-35	78	-10	50	-49	49	41	-74	-56	-24	-34	71	57	-91	-87	-36	8	-44	75	99	34	-74	16	-20	-58	99	-8	43	36	-84	39	-43	-2	9	-100	6	-63	-1	-27	-48
10	57	-49	44	16	37	-55	71	-70	95	57	-95	-92	-55	-96	81	-53	-45	42	22	51	-43	55	3	32	-80	46	46	-87	-6	59	-39	89	49	30	42	50	67	84	2	-97	26	-70	81	-94	91	-73	-84	52	95	-78	-65	44	-78	98	-47	-13	36	4	-99	-16	6	-39	61	-87	-71	-76	26	59	-39	10	43	95	18	22	-65	67	-14	-61	81	74	32	-93	-21	57	-84	-74	29	53	-8	-48	40	-49	71	80	-61	1	-42	-87	82
54	-55	72	-39	-64	64	-9	-11	-21	0	-32	69	-31	5	-85	21	19	-72	-99	-43	-62	19	-96	-48	40	37	99	-40	-47	48	-93	11	46	-53	-2	-67	-16	54	-91	20	-9	27	-29	57	-51	-79	90	-61	-21	-29	85	-58	72	44	79	-98	71	54	-73	52	-87	59	61	71	-4	6	-87	28	-33	-67	99	56	61	-52	-95	-35	21	33	-72	26	19	-38	-79	-4	47	94	10	-45	18	-98	-99	-45	73	26	38	-18	-68	-31	44	80
8	49	-30	-96	-2	-85	-7	-43	63	-7	42	91	62	24	70	-43	-19	95	8	-33	4	-50	59	64	49	60	-46	59	-90	-75	36	36	-77	-1	-77	80	32	-16	-33	-75	58	66	-31	75	84	-41	32	1	12	55	-47	-68	-2	-45	80	59	84	80	-25	85	5	64	100	51	-26	-50	-6	-31	27	-72	70	-99	-57	82	79	53	24	-65	-57	79	78	8	-75	-99	-59	95	-77	46	10	-93	-82	22	-83	-58	-72	33	5	74	-57	39
95	-25	85	-2	26	6	-98	-14	-68	-82	-87	52	-4	-81	2	45	-86	53	98	85	54	56	-66	-35	67	-18	-30	-64	-9	72	28	-2	9	56	12	-21	-35	77	49	-59	-48	-46	-27	4	-62	52	3	40	42	-86	-6	74	33	25	-65	-87	77	-75	59	0	-60	-42	-5	-16	28	59	55	-75	28	64	-17	-11	-54	-34	8	-79	-23	-60	43	28	-20	8	-64	84	-59	-30	-28	-55	-85	35	16	-96	84	-75	89	69	-21	79	80	-1
88	52	-30	97	-41	9	46	-12	-26	28	86	42	1	-71	68	86	57	-92	85	-1	-90	62	53	75	90	-20	-25	61	6	-58	63	-3	95	-61	6	51	-76	-22	-15	62	76	78	-14	-90	-73	-86	8	-25	56	-94	-14	48	19	75	95	-32	-73	66	100	-48	-11	-12	47	27	94	-51	-82	-17	40	-17	50	-86	43	62	-79	58	50	-92	3	-11	-16	-50	69	30	97	-35	46	98	-15	33	67	18	-13	16	92	100	47	-41	-16	-29
8	15	6	-73	-17	-2	1	-44	28	34	-71	76	-55	-13	-13	-23	-59	80	32	-7	-84	-58	-62	-86	68	32	-21	-66	-72	19	86	-70	-25	-20	63	61	55	87	52	-35	-5	30	17	-38	22	-25	91	-40	1	-76	-22	-55	-1	68	71	50	17	48	11	51	-24	6	-63	32	-45	-10	-71	70	-90	-53	33	-93	48	21	48	-14	-83	-43	-75	79	85	-67	-100	16	69	-61	56	-47	12	37	89	44	14	27	-12	100	-72	-14	11	-98
10	32	97	-48	5	-35	-13	91	-88	35	-45	-43	46	57	-33	76	-52	-46	-15	94	-15	33	80	-3	18	82	-25	-85	-16	-82	97	-70	29	65	40	80	2	-23	86	-29	21	-7	38	-77	69	-8	36	58	-41	-24	87	-23	-59	26	95	-3	-34	-63	-15	65	-47	47	-6	36	-15	-85	84	-81	54	-81	74	73	-99	-76	-89	-8	-42	8	68	-69	-41	-84	-91	31	-64	89	45	-76	77	85	-46	-12	14	-86	65	-10	-79	56	-61	-7
-13	0	-10	-81	-12	26	67	-5	0	17	-15	58	21	-43	46	-76	9	36	-84	1	-47	-68	-40	50	-30	96	-12	11	68	57	-28	84	-3	43	-12	-84	-65	54	55	-3	-73	-42	39	-24	-29	-77	41	22	-9	-88	68	33	14	81	-92	13	14	86	23	21	-67	32	67	36	-52	11	-47	-68	78	51	-98	6	-74	-68	-92	-22	-73	-21	-100	41	46	17	23	-15	13	64	-26	31	79	-85	36	54	25	-86	32	27	35	-75	-98	33
-36	-72	-33	22	37	14	-50	-94	44	-41	-78	25	-59	-93	-22	-36	79	-47	40	62	25	-48	-17	73	87	-47	9	-56	63	30	-92	-27	84	-51	-4	-86	-2	-55	42	-56	-92	-88	8	3	-23	-56	-18	72	-57	-52	34	-34	8	64	20	30	16	-78	50	19	-72	56	6	89	48	-12	-69	29	90	45	-67	64	-15	61	61	67	71	51	12	-70	-41	2	-24	41	-86	-71	-94	57	-42	-32	47	42	38	29	-31	-61	-17	66	21	-19
79	28	10	-88	2	20	-39	68	-56	4	7	74	-3	10	-24	-56	28	-34	-21	-88	-47	32	-5	-12	43	50	-13	73	-64	-14	17	-48	-97	-94	36	-26	48	-25	100	-10	77	-83	-81	95	-76	15	-50	91	64	86	-54	-33	-58	9	5	52	-52	15	-55	11	-86	-6	7	70	-3	-73	24	63	55	-81	-80	-6	-61	27	30	-4	96	-65	-100	-28	57	3	-58	62	-69	-48	-56	69	23	64	70	91	-91	-79	-43	11	28	82	-26	68
-77	77	-32	64	32	-13	93	-91	-52	35	-55	-42	94	-23	55	-40	-20	-14	39	60	-82	74	-29	36	48	-35	-32	-44	32	-55	-64	-14	-72	-100	37	-93	-90	27	-25	81	65	-50	-85	9	-89	82	42	-80	86	-68	-77	-81	92	44	-21	-67	39	85	10	-92	34	87	58	-52	-83	-1	-80	77	76	80	32	-45	-60	-100	-50	34	17	-75	-13	-42	-85	75	73	-100	26	27	68	14	29	-71	-16	-85	-48	85	-63	-49	-67	80	71	82
14	-86	37	35	-90	1	-24	65	74	-76	-39	35	12	14	-45	-46	32	35	3	-52	-1	34	51	89	-85	-86	-53	-24	68	38	-85	10	34	-42	-42	52	-48	11	-56	-3	80	-5	-33	-73	68	81	-37	-7	54	-38	-42	52	10	-67	-94	-62	3	-58	-33	29	-16	45	15	82	95	25	24	0	-34	100	-80	2	20	98	44	79	57	-29	55	62	82	-77	-95	-81	33	59	-9	42	-20	11	-23	77	1	86	-82	32	91	7	-31	-57
-63	58	15	-45	91	-43	-2	-51	-10	65	75	96	-94	27	-49	-82	-50	-71	-47	-72	81	-71	56	-25	-8	-44	-8	66	77	42	-23	-68	7	-39	93	0	38	94	75	-62	27	-10	32	-74	19	-79	17	-56	64	81	30	21	29	85	-70	-54	-4	98	18	79	45	-60	33	-35	44	-51	-74	-13	29	6	-16	-16	72	12	86	-71	-69	16	60	-21	-26	-37	-92	69	19	-17	43	-16	33	41	32	13	2	59	-80	-21	-16	-96	-25	-31
84	58	-18	-58	93	-81	73	-81	-73	-65	-32	-10	9	-88	60	17	9	-66	41	-8	24	-37	-36	74	-73	66	30	-29	83	-16	-46	34	19	-55	-64	-84	91	-41	18	-1	-52	-16	-12	-4	87	-62	6	89	42	-31	-98	76	30	-86	-93	88	31	-57	57	44	89	90	-35	-61	89	-15	-88	35	-58	7	37	2	68	-4	-58	-90	-69	9	7	12	69	42	65	-75	88	-31	-85	69	-90	31	16	68	-60	92	44	77	-33	15	98	78
88	84	-22	-10	-26	78	-71	-82	-50	92	-87	-66	-36	-63	-63	52	54	61	6	-18	-87	37	87	-64	52	4	-94	50	-79	-47	-51	-7	-100	-71	61	64	-95	-88	-87	-30	-50	-69	51	66	-100	36	41	-48	-51	85	97	77	96	-59	16	-36	-66	50	1	44	93	18	-24	-99	13	-9	88	-98	-75	6	65	-61	12	-11	-31	-71	-69	71	88	-9	76	-8	10	50	-88	21	54	-26	62	-23	17	-89	29	-45	-63	-73	36	-80	-43	-98
-43	9	0	-82	-66	-93	67	86	21	-33	-88	0	69	79	78	29	-92	-73	57	-25	22	60	-87	28	77	8	20	2	-97	-35	8	-24	49	-28	-74	-44	33	-90	98	12	-43	-93	66	-46	64	-97	0	-56	33	53	57	77	-94	-99	43	-59	-32	-50	-50	20	-84	-13	21	-6	0	71	99	90	-40	40	91	-55	37	-40	-33	75	23	19	50	31	68	-73	-20	3	-28	6	-100	-41	-22	-55	-26	53	-70	96	0	-48	-99	63	-36	-68
-56	-51	-5	77	-88	-36	-30	41	-44	-59	-91	12	-48	20	-67	56	-90	9	12	-55	86	29	45	10	-60	91	83	-70	-79	-45	-51	54	26	72	-31	16	65	70	-96	51	97	-19	-3	37	8	-17	27	-97	20	-8	-41	-36	-78	-43	-52	26	21	-54	41	-73	48	-7	52	-7	-15	-74	-25	-91	-59	90	55	-3	12	-77	-32	91	-42	68	3	-35	35	63	-10	5	-50	77	62	47	0	35	93	-40	67	-53	88	-5	-86	81	5	-84
-23	19	-14	56	75	63	23	-45	-99	7	14	30	-37	26	-21	-79	-56	25	67	62	98	-91	19	-1	43	-59	92	95	-21	50	61	-16	78	71	-35	97	-84	2	78	-16	69	-61	77	39	-19	56	65	35	-83	-61	21	-17	-44	-31	84	50	47	74	-95	-3	-92	9	36	-23	90	-7	79	10	-13	20	9	-52	97	-16	-53	-2	51	85	26	17	93	-35	13	-85	29	21	-37	33	-62	-67	-72	-17	-17	-71	91	-79	20	-75	-84	-66
68	-18	-32	-49	-32	67	-59	67	-96	-22	-57	-27	-56	-99	-33	-47	70	-27	-90	75	33	29	60	-48	98	94	4	-49	76	-45	78	-28	-32	23	-100	-9	-48	-94	41	60	73	58	29	89	88	-84	-71	99	44	96	6	-77	-46	42	-31	-41	-4	-12	-90	92	82	-68	80	46	-50	92	74	-81	74	21	-19	34	80	-57	-85	-66	45	-35	-76	22	-85	6	60	50	22	-5	-56	-57	-31	-20	14	1	-45	45	11	-27	-92	-23	63	-85
-94	-42	-78	-3	-41	-10	-40	-59	-9	98	-13	42	87	17	16	62	46	-20	0	-46	48	-100	-32	-3	77	-32	72	76	48	52	-51	-60	62	92	53	36	45	-12	94	-31	-6	-76	-9	96	76	-98	94	69	69	52	0	-80	14	87	70	-26	-97	14	-19	78	-21	-64	88	0	9	-1	-48	-37	-4	61	26	-2	9	51	-57	-65	-92	54	49	-10	-17	51	90	-5	4	53	-23	0	-77	25	-71	-89	82	-44	-19	-45	43	69	69	-86
-76	-7	65	-88	-9	-22	7	-86	-92	-6	64	-81	-97	-93	-2	73	47	-86	92	25	16	65	-77	26	-95	43	-3	-22	59	27	-6	-46	-82	71	-27	-82	-42	46	41	43	99	28	99	-86	-78	17	-66	-13	-77	39	68	54	-4	25	64	-63	93	-30	-16	71	-44	38	-21	49	39	92	28	-83	-48	-52	-56	100	91	-24	12	12	-74	85	35	27	31	20	60	-40	-66	-33	-15	98	97	79	70	-59	62	80	35	-55	85	2	97	-12
69	-15	93	-74	-32	-82	-7	85	-73	-29	63	-9	-73	8	61	-4	-8	-31	-25	-85	-64	73	-35	58	0	-40	61	-36	71	-31	-16	-38	-87	-91	91	-44	0	-57	-34	45	-67	15	53	-39	40	-4	63	-30	-37	-99	23	32	-47	-61	-92	87	77	24	-35	-6	21	-3	47	-10	99	84	73	-95	92	5	-78	-39	-16	-25	-77	-40	73	-36	-20	-31	21	-98	67	85	22	-81	18	-13	-9	-9	23	74	-25	-12	-4	59	19	-52	-36	33
-36	-31	-50	-22	-85	-32	69	-60	-16	33	-47	57	95	94	-65	-58	75	-78	-89	7	-45	3	-10	81	99	59	-6	-77	10	-44	-3	-98	1	-16	-61	-2	62	29	-45	-78	68	33	-34	46	85	87	18	-31	100	-41	-99	69	-10	-63	-35	57	-8	-80	9	6	1	-81	30	-92	29	-70	63	68	4	33	40	-34	68	-69	-34	0	70	66	-18	-45	-35	-99	-30	-48	29	-46	20	-33	63	14	-38	96	-52	57	-40	20	24	-51	-81	-31
-36	35	86	-24	-43	-10	-58	-42	66	36	-48	-97	64	-46	62	36	-6	-90	10	61	42	31	-17	81	-78	72	-33	-21	-68	29	2	-42	-70	-29	-19	29	22	-89	66	-87	88	-86	20	80	55	28	51	70	74	-67	44	-77	-89	-81	-84	-27	-82	93	59	-61	14	-79	-73	-35	-23	-9	-16	31	97	78	18	-52	-99	24	18	69	37	38	96	23	-18	26	-22	55	-28	-79	63	20	59	16	13	18	87	43	-35	77	70	22	-93	43
30	-41	-9	77	-12	43	-5	-11	0	-81	79	-59	0	-51	-91	-23	70	-48	-23	52	-25	-8	-63	-75	-94	34	-20	-86	-76	94	77	-34	59	-7	-81	-70	50	-97	48	33	72	15	13	65	-14	-1	40	-1	92	-85	-79	34	79	65	-27	77	-97	66	36	65	52	6	67	3	2	74	-85	-16	31	-6	-79	35	-41	-39	70	-9	30	-80	-60	98	47	8	49	89	-90	98	13	-86	19	-55	-49	-71	65	22	94	8	-91	-53	75	33
18	-61	-58	78	26	-13	-79	56	24	45	36	-86	62	-11	-58	26	-31	-12	-55	-84	-82	-90	51	88	-50	15	17	73	19	-9	-35	22	47	80	70	-92	-34	-76	-95	28	37	36	9	4	-81	93	-77	-66	-96	17	-3	-30	34	-1	-52	-69	30	74	93	58	73	80	-30	-93	63	-35	-49	29	-56	59	92	51	-75	-67	-99	29	89	-33	-55	62	99	-42	-54	-69	-9	38	-80	94	-97	11	72	-91	42	21	36	57	35	-18	-83	-75
-92	-23	-85	-87	80	18	-62	-52	100	-4	-81	56	26	54	81	81	-50	-62	-17	-17	77	-17	-77	-34	32	22	20	-6	30	34	-28	92	-48	28	90	14	-8	-68	-34	-10	86	-54	98	98	99	-1	-53	2	64	77	-72	50	-22	-72	41	5	39	-95	0	-26	-36	-55	35	-83	-23	-87	49	-97	-56	94	-58	95	-7	-85	37	89	8	-78	11	-44	-28	10	66	8	-51	-56	-70	91	98	29	82	-15	52	41	-52	-9	54	-11	-79	-62
-67	42	-54	-72	-19	-30	-64	-79	95	80	24	-4	-64	89	-17	46	-89	7	15	-71	-18	-81	-77	-88	-11	5	26	-26	83	-19	82	-45	71	74	-67	-10	-41	83	60	-43	87	45	-22	-82	-82	73	-91	39	25	-26	46	-74	91	-8	-30	39	21	-36	20	-56	-35	78	54	-72	62	87	79	70	-100	-5	-96	-30	-85	1	89	-90	15	-51	-59	99	4	-22	74	20	-45	84	-48	-54	57	-73	41	-19	-75	19	-65	-61	14	41	-27	72
-72	30	9	-29	-95	-59	-81	63	-21	-31	71	36	49	-34	74	-30	43	-97	76	91	-70	3	38	89	-60	14	-55	12	67	22	-95	83	61	41	-72	13	77	-84	-67	71	-96	-56	-51	32	68	57	-94	-15	39	47	-11	68	78	-51	37	52	-67	21	94	-73	78	80	72	84	60	-6	-59	-88	8	-85	66	-46	48	83	94	-73	58	4	21	-59	-9	31	52	-77	-84	-3	-96	-11	1	70	42	54	82	-16	-2	-82	-9	98	0	98
73	-67	-9	-33	6	14	72	95	66	76	3	38	-5	32	-46	-98	2	18	32	-58	-58	-55	61	78	65	-81	-67	75	58	-21	-69	22	7	-24	3	-84	-66	2	-85	99	-44	24	24	-58	8	22	3	8	-51	4	-42	14	-73	-57	30	49	-67	-17	-2	-8	75	-5	42	-35	2	66	87	-88	-13	21	-26	-30	91	-26	5	-16	76	-71	40	-86	96	-68	-6	43	-57	-13	90	-40	29	-66	-76	-28	69	96	55	88	-7	-50	-2	-48
-9	-22	25	62	47	-34	23	9	-29	54	-82	-6	10	73	55	16	27	-70	81	47	-40	-24	46	49	71	30	-36	-93	-46	-96	85	-66	64	64	34	-50	5	54	10	35	-60	96	-69	81	-45	-92	-49	-90	92	27	-66	-93	-75	-100	12	-61	-27	32	48	60	-63	77	-92	66	-92	-58	-91	-67	-26	35	-97	-33	-44	-69	-11	-64	-67	61	-38	100	92	58	-6	-61	-20	-44	-61	-72	-80	-93	58	80	9	-31	15	0	6	-59	-81	-64
-30	-28	10	12	-66	98	20	49	25	-61	-96	-61	-16	17	51	41	-54	40	-68	-5	-22	82	14	-51	-43	-52	-54	75	-32	69	-87	-95	-56	-1	-7	49	58	-12	-73	91	95	58	-37	-51	-16	-68	-96	79	-69	-37	11	-14	31	96	-97	47	-23	87	94	-50	-6	71	88	46	-12	-41	86	38	45	79	12	45	22	77	60	95	-83	90	9	-45	58	-51	-90	31	15	-51	39	-12	79	37	-68	-4	-38	-37	35	75	52	-69	-67	-20
9	-41	-99	-37	-34	-3	-17	93	56	10	53	-73	-100	-31	57	-54	75	-98	17	33	-57	41	74	44	39	80	49	-98	-29	-95	-40	39	26	-20	-77	5	69	-33	93	-21	-89	-67	-41	-62	-55	-54	65	-11	-29	99	20	5	-87	89	-7	-49	74	97	15	86	76	-62	43	5	-51	90	-91	85	54	-30	-38	-36	29	24	75	53	-30	68	88	-95	-65	18	29	-89	51	67	-42	-22	-69	-25	58	98	-29	31	12	-58	-79	-23	97	-86
48	50	-3	-29	63	-29	-21	39	71	-2	-17	76	-95	-55	44	94	-82	-27	81	16	-28	28	-4	-71	20	28	4	65	-31	79	40	-8	-87	2	51	53	77	-64	-20	17	-10	21	80	85	-96	-91	75	-27	81	-76	75	30	-58	-6	72	1	21	1	18	-99	0	-49	95	-17	23	-41	-70	22	11	-72	59	13	-19	49	-73	-79	-39	73	-25	-40	-31	-58	-9	-66	72	74	-19	-58	56	86	-67	-2	-87	-24	19	89	51	28	66	-73
-83	1	74	65	28	27	59	-37	51	-70	73	-96	29	-86	-89	71	68	90	80	3	97	43	2	32	-47	-65	70	-62	-47	-66	81	46	46	-76	-30	-33	78	84	80	46	-16	-40	83	33	34	48	73	32	13	66	59	-58	-65	-1	72	17	-79	-22	29	-77	86	-89	-26	28	79	73	-55	67	-26	50	-88	-61	41	-48	-41	14	-20	78	-6	10	-55	88	-67	-24	-34	-5	-25	-46	48	-41	61	-17	-100	62	96	94	37	-56	75	84
-37	-72	40	-74	-9	71	-43	-30	46	-16	-40	66	8	75	-26	10	25	-62	-5	-85	-50	0	45	-23	81	36	40	94	-67	-13	-53	-47	92	-1	-89	-58	57	-13	-1	32	-38	-53	-52	-94	-79	97	39	-33	-87	-93	-52	-22	-20	95	-63	-58	-78	-48	-12	-89	-64	-75	0	-99	21	45	28	45	-62	20	26	-30	4	16	-43	-34	-57	84	-52	88	-39	51	67	-77	-17	49	-10	91	42	-90	-9	-97	93	-48	63	62	-12	51	89	-26
95	40	21	44	1	78	71	-42	60	63	85	-85	-31	1	-79	78	73	-16	-60	-91	-2	11	52	-20	-33	-62	25	15	64	-99	-86	60	-54	-76	8	-97	-40	26	-94	6	35	19	-91	60	-15	-22	37	53	-90	-78	19	-69	-82	-69	-92	79	86	11	99	-100	56	-71	-81	28	18	-84	-3	66	-58	46	-85	32	87	-69	-89	33	-11	25	11	-74	18	-98	40	-31	-67	-4	-42	56	41	-3	-82	49	71	-22	12	-62	34	-19	-99	-73
-89	3	-11	-86	50	33	-79	-70	61	-21	-68	-39	75	95	-37	54	-49	26	62	-28	28	4	-98	0	28	-69	-85	64	9	-65	-81	95	-86	-35	96	35	-70	85	87	-68	37	21	4	3	-61	-27	73	78	-36	-23	-68	94	3	-3	33	64	74	44	19	-46	-97	26	-73	69	-98	-93	-51	54	34	-78	61	-98	-62	-78	94	-3	-1	40	-49	72	75	56	-37	72	25	42	-20	8	84	-73	-40	-100	12	-13	-67	-25	-43	-41	-33	1
10	15	36	22	70	-3	99	-65	31	28	-75	-7	85	54	-49	-58	-11	-19	-25	3	-44	73	14	47	-3	13	2	3	-50	-37	56	18	16	88	0	12	48	68	-49	34	24	77	-57	4	-57	58	-66	-4	49	-87	-65	84	34	-95	-71	-91	59	80	29	-86	-17	-3	78	-28	7	10	63	37	1	-73	-53	-11	64	-1	98	100	54	-41	90	57	-1	31	86	-31	-85	16	20	-4	57	37	-56	-79	-97	59	89	4	69	-97	-24	47
-51	-62	-70	-56	-81	-97	-35	-85	-93	-59	-51	29	24	-55	90	-17	-18	85	49	93	-66	21	-70	10	-13	-34	74	-33	19	89	-33	69	-90	-18	60	81	-77	-61	-38	78	69	42	-83	70	-62	-80	71	-13	-38	81	57	-79	-35	8	-7	40	7	-87	7	40	-63	92	51	47	68	51	86	16	-80	-49	52	39	23	-88	1	-23	-49	54	-30	-35	-33	82	23	-7	55	-89	66	-30	-21	73	11	76	90	38	-41	64	73	-61	42	-60
85	-23	36	-7	-48	-19	-7	94	87	-9	94	80	-70	9	-85	-22	-26	31	-5	-81	66	-61	3	-21	30	83	77	0	46	-100	5	-86	-76	-21	85	-51	-16	11	-79	17	-55	-28	5	-94	-31	-83	74	57	-72	67	-35	98	80	-72	-55	-58	-37	45	-51	-92	-70	-2	-77	59	-49	-94	1	65	-77	3	-57	-13	27	-56	38	-29	-91	-36	27	-72	89	30	100	14	-80	88	-73	68	50	-73	-93	-97	14	-22	-80	44	-68	22	-24	50
-94	-14	-28	72	-82	-8	-88	85	7	-18	55	-8	69	-34	36	10	1	13	78	52	-1	94	-23	32	-98	21	81	56	-27	-90	-2	14	39	-30	85	70	-44	67	-32	91	-12	-29	-36	-86	-80	-9	29	46	39	-11	73	82	18	31	-44	-14	-38	94	10	-5	-68	-1	-39	-82	44	49	16	47	55	-57	-45	-22	42	22	-61	78	48	-62	-73	23	-3	74	23	-76	46	34	44	-22	8	-34	-32	-4	59	93	-8	-49	85	-26	-14	56
72	6	55	20	-15	92	-94	70	-32	95	-1	-7	-35	-84	-17	85	-50	56	-86	-29	-79	99	44	-91	-18	-47	-9	1	60	62	-56	47	56	41	18	-19	-60	24	-66	2	-27	57	0	17	-61	-73	100	-10	-52	-24	-33	4	58	-95	-15	-33	35	-37	-71	39	-86	59	60	-24	13	-21	92	-81	89	-30	21	-42	-71	100	-75	14	-30	-24	42	51	55	-33	25	44	-60	13	35	-52	41	44	75	-40	-17	31	94	82	82	-88	99	50
-5	33	43	29	53	-87	82	-96	-21	28	-37	-3	38	73	21	-23	8	-91	57	29	99	89	-82	17	-84	58	-59	89	25	72	65	50	45	41	-84	44	12	-96	0	42	16	98	61	30	34	59	95	-15	91	-6	-57	-58	24	-2	14	-69	-83	-27	17	49	93	-96	21	-39	-73	43	-61	62	-64	-10	-65	7	28	28	72	-34	68	0	-32	39	61	40	48	-100	-86	-47	-37	-64	54	4	76	25	14	-86	-68	-89	44	87	-27	59
3	83	-86	82	-33	-96	24	77	-27	-38	-89	-97	-2	-19	-29	95	-59	27	-81	83	-55	-96	62	-77	-69	65	38	74	15	-30	58	21	7	45	-64	-17	16	33	-16	21	92	6	82	-18	83	57	66	-36	99	16	-89	23	-87	-12	63	49	-19	13	-8	45	-10	-75	-11	-85	-83	1	-87	60	-39	8	-45	-74	23	94	99	27	61	-63	-65	46	8	-54	-58	-70	32	36	-64	22	-37	47	47	-30	50	68	2	-20	17	3	30	-100
-96	-26	37	26	-64	-12	5	85	-16	91	-62	-80	-93	-73	-8	36	93	56	32	92	-27	25	35	2	88	-59	-75	-60	26	-25	-2	13	99	48	8	-28	-60	-33	-4	-18	52	61	-13	-34	-89	-61	61	-45	8	2	46	49	-1	25	54	87	-57	-64	62	-22	-50	-17	-54	65	-52	-20	0	23	22	-62	-94	-12	-74	54	-58	75	-94	15	-47	-7	1	15	-20	-75	-38	-74	-75	-70	-80	-10	88	-12	81	-17	-74	-93	93	-68	72	3
40	-99	36	74	-71	17	-97	2	57	-36	-67	-56	-3	-49	14	-20	36	-16	5	-65	-14	-49	15	57	92	44	55	-84	76	26	-26	-38	87	-14	-58	62	-82	94	-87	75	-6	31	60	14	31	51	23	-60	64	38	70	78	12	68	-94	-70	-42	-42	33	-77	-76	82	-92	46	-72	6	72	-52	-44	3	-44	-88	-6	11	85	34	-22	-55	5	18	53	38	12	-6	88	-4	74	-63	-29	28	86	75	-79	-84	6	-8	98	5	62	98
42	9	78	29	19	80	93	-40	-12	70	91	33	4	-38	-23	-50	-88	-50	18	24	-73	82	-50	53	36	-76	99	-25	76	-45	-93	-91	-23	-66	-82	24	7	29	79	64	-76	91	-31	100	35	82	-22	-77	-72	-69	92	42	-12	83	-19	-75	42	-40	-45	-23	65	-10	-86	67	90	-59	-71	-19	-6	-64	-59	28	-15	91	24	98	73	9	-21	-78	34	-35	79	-7	60	-3	65	-54	2	-50	-54	-53	-91	-42	-31	-100	43	-15	-52	-15
23	35	-74	-74	26	54	-38	-60	-13	-73	97	-20	52	51	34	-94	17	89	22	2	97	-47	-57	-73	-97	-95	-54	57	40	-14	37	28	73	-59	59	54	-18	-52	78	-72	-24	55	50	59	52	100	89	28	-71	-71	70	35	-93	30	-6	37	-35	50	-3	-16	80	8	21	20	-75	75	-81	52	-39	-59	90	-24	-34	80	-76	-1	17	53	-93	-38	79	36	64	-16	-21	-45	-42	-18	-16	-14	27	-3	-79	-4	-83	-91	0	-66	-92	-40
51	-94	-34	-70	-4	21	-8	96	-45	-3	-29	15	64	-56	19	2	-21	-77	90	86	-2	-75	85	65	-78	-80	-14	80	51	46	36	14	-75	36	32	100	28	6	69	58	40	-41	60	24	77	13	-31	-37	89	-11	50	40	58	26	5	-46	63	-19	-85	-82	-50	55	-94	-91	-89	-44	46	-68	8	47	-85	-77	48	-34	51	-19	-4	41	-38	-78	-26	-6	-95	30	-9	28	6	-63	-90	-34	71	-52	68	-62	-84	79	52	94	62	22
79	38	-65	-81	90	44	-64	89	40	-70	-48	4	-51	83	-82	-22	-32	67	-3	68	11	-30	62	58	-83	88	-27	-86	33	-94	21	32	36	-99	-43	-23	81	83	-57	-35	3	9	-92	-32	66	-84	-45	-87	-61	-49	-32	84	-9	35	-19	60	83	10	72	27	69	-22	-43	0	-51	-59	94	85	51	37	-1	-70	-72	27	2	77	65	43	24	62	-58	84	-88	0	-10	-88	50	-46	-62	15	-13	-37	-79	25	96	100	91	-99	-53	27
-33	52	-55	-30	-10	-57	-98	17	68	-36	-14	63	27	-22	-70	-83	-81	92	-97	88	88	63	-79	-97	-82	92	2	-23	34	1	-77	9	67	8	-48	45	-42	-28	-94	-76	-34	-45	-72	-99	-73	45	7	-4	-4	-68	-26	89	97	35	-58	-70	63	-89	99	-79	38	-17	99	-29	55	88	-94	36	-95	44	68	91	-85	42	15	-31	41	3	83	15	-97	-68	-40	70	77	-63	-10	-42	-32	-62	-58	-1	53	-3	-18	26	87	58	41	69
-61	-56	95	-93	77	-9	14	-99	53	91	18	69	91	32	-62	87	36	78	87	-17	-38	27	83	-34	66	-37	61	30	83	-27	19	-75	67	72	71	-1	-97	-44	88	3	47	-39	-40	-90	-76	-44	98	34	-100	-13	51	-34	-55	45	-10	-28	-52	65	12	70	54	48	-14	37	-97	-59	84	-96	40	-61	-41	62	-59	52	68	41	56	41	21	-32	97	-94	-16	-17	-34	71	-12	22	-11	-40	98	46	70	5	-9	-51	-49	8	-87	-93
-63	15	79	-28	-95	39	-32	-90	-91	39	-87	-37	-21	23	38	-23	36	8	79	45	41	28	-51	20	-9	-3	-6	46	-33	-77	54	-60	-69	56	6	-59	-68	93	19	-19	-86	45	-4	87	-45	-58	55	9	-49	-8	-32	91	46	-28	-6	96	4	32	-94	-93	55	-79	4	-93	-30	16	31	-55	-88	15	61	-98	99	-21	-40	-92	-97	58	13	51	-46	100	-87	8	24	66	-72	16	90	-52	-19	-31	-8	4	-12	-87	-95	48	-6	-82
21	-48	-79	63	87	37	46	43	-77	-82	93	-86	-36	22	-78	13	76	-72	25	-29	7	-97	-18	87	-52	8	-33	32	50	63	-66	-29	31	-8	59	30	-16	-43	9	-51	-75	-69	-92	-65	-54	38	-99	-58	3	37	11	62	40	-17	-74	28	63	34	74	-92	-11	-81	14	100	14	35	-40	-64	-58	-69	-41	64	-97	-42	-61	46	-5	-73	94	-91	60	77	-66	-14	96	-2	68	-33	-30	34	3	24	-48	10	-92	-5	-38	-21	-80	-58
19	7	80	-54	34	-71	51	-52	69	77	-98	100	30	77	-17	5	49	-52	25	-1	-6	69	12	45	57	70	-77	84	72	-22	90	15	-8	-63	-23	47	28	-87	-81	43	-100	-34	91	-83	81	-57	51	-82	77	7	20	66	-63	65	-85	-43	7	-74	-61	-18	-100	49	-67	16	-95	-98	36	92	-65	-89	20	92	-74	68	-67	-5	1	-39	-2	-65	7	-32	-17	-53	33	92	-91	68	42	-81	-59	17	-4	50	27	77	-33	-1	49	-18
-32	0	-66	-35	-71	-40	62	14	-35	-88	-20	54	-49	-29	88	20	-86	-6	0	-38	33	90	-20	-10	46	-49	59	-43	-44	-21	-54	-43	-100	-21	-7	61	80	-77	-27	54	-26	-18	64	-77	40	-88	58	84	11	-7	60	90	-31	91	-48	76	25	-20	-85	-34	-82	100	87	-38	61	73	71	-26	28	-68	13	29	-4	-49	-86	26	4	71	60	82	21	87	59	-31	-9	72	48	-50	1	-8	63	61	-44	64	-83	9	20	28	12	70
-48	-59	60	-76	-55	-87	48	-87	62	-37	-70	18	-15	-55	11	-56	23	45	-74	-80	36	81	-63	-56	87	22	-20	46	-50	19	-4	-62	-9	-56	32	-48	79	-58	27	-77	89	-72	43	23	73	-23	-5	60	-34	15	59	18	27	52	-11	-10	96	26	33	83	-20	-92	27	92	34	54	-35	-89	26	-62	-34	40	-91	-1	-79	-10	-6	15	-31	-10	-100	97	-100	-13	64	-50	-86	10	-31	63	49	-82	-81	-77	-97	72	53	38	-11	-84
45	36	91	76	60	93	-81	-24	-77	-58	38	91	48	-30	-2	94	-52	92	9	-17	-81	-31	84	70	-35	25	-93	-96	-75	54	97	76	12	-34	-63	20	-19	27	-74	-29	82	-78	-47	-2	84	-73	16	66	-41	81	32	54	-48	-11	81	30	38	-40	-92	69	-97	77	80	-43	-12	-76	88	-69	-58	-45	39	32	73	-53	83	11	6	97	99	-77	36	72	15	-59	25	69	18	-42	-19	-54	24	97	-31	34	33	48	14	74	-20	43
-66	24	-77	-77	-22	-96	-86	-99	80	-88	-90	94	68	-18	70	63	-90	17	-61	-62	89	-8	78	86	1	-85	-87	27	29	-1	93	50	78	28	-48	56	-17	51	-16	-14	-96	18	-32	50	61	94	-12	-11	35	68	55	-86	-16	92	6	-43	-45	33	73	-37	-2	-100	-17	-65	-25	-6	-44	-46	63	8	-57	-95	33	-69	64	29	33	-39	-54	-76	84	76	-55	-90	79	5	95	93	-17	-22	23	-43	51	-55	-58	-95	42	82	-99	42
56	40	31	98	28	75	20	-91	-70	33	-18	-81	3	-52	-40	29	40	55	55	57	-7	79	-21	-62	37	-34	71	92	95	2	18	-95	13	0	-91	81	-100	59	-43	52	-18	7	79	90	44	-91	43	-18	15	-16	70	-70	-57	38	-5	-68	-93	-91	-42	56	-95	75	78	95	-94	24	-31	47	-56	-96	66	25	-76	-43	38	56	47	33	-43	14	-74	-3	-97	-28	-74	90	-36	62	-54	-80	-69	-39	59	-41	-92	-62	-79	-51	-38	-11
19	-49	67	58	-3	15	-90	-20	-27	-15	2	10	19	-32	-81	-21	11	-11	58	1	-35	-80	-33	-86	73	-61	-27	-28	-66	-61	53	66	-32	71	-89	54	46	28	-16	-18	-89	35	-82	-64	61	-14	-26	-42	93	96	45	-63	-59	31	-72	-25	33	-54	-90	18	-65	21	93	41	-94	-80	-22	-80	-8	88	93	-38	95	-22	-4	99	12	50	-24	34	59	-96	77	24	-60	-86	-20	-56	-32	77	-34	-17	30	-1	-43	0	34	-21	22	75
-78	97	-93	-96	66	-88	-16	-3	54	-77	-14	4	-93	-45	-1	-78	-48	25	-67	-70	6	53	8	-58	79	46	-16	-45	-44	9	53	63	2	31	8	-62	-17	-60	22	54	-28	89	52	58	12	89	93	28	73	0	37	-50	-49	77	64	-46	-70	-98	-73	-44	-82	66	46	-29	0	5	-86	51	21	39	48	15	-45	-6	4	-54	-16	-81	27	26	-75	-69	44	-32	69	-17	13	-32	-32	77	-93	40	0	-56	88	28	-73	28	53	-65
77	-4	-18	-39	-37	86	98	-37	70	-6	15	51	43	31	54	-27	-96	-32	7	56	68	86	45	47	76	-84	-7	81	100	54	-36	26	12	98	77	-60	-82	42	43	42	64	-42	87	48	49	-89	-77	78	21	73	-2	-21	39	9	100	54	-27	23	-26	86	48	15	33	56	-31	-36	90	-92	-17	6	-55	-4	63	-51	0	32	-70	-33	77	-3	-1	-66	29	85	46	83	-56	28	-43	-45	1	38	-40	40	77	-8	8	-10	49	-7
-38	-30	-65	91	-84	-10	15	4	43	56	75	97	46	77	86	4	-77	-30	47	-76	90	34	-99	76	36	74	23	-90	-79	52	100	-31	-66	44	65	-43	8	-67	6	34	-1	89	-22	50	92	91	-88	73	-57	-94	-45	99	-93	72	32	36	40	-12	-62	-26	72	-82	62	-51	67	66	-35	-85	35	80	0	-46	-41	53	19	-52	-84	-33	71	74	-55	81	23	15	42	64	-89	60	68	-60	32	-43	-11	-85	-97	38	-65	-56	93	-97
94	81	95	20	-89	57	84	-5	-25	17	-35	-60	0	-12	41	91	49	71	56	71	-48	-63	85	22	-76	10	41	-98	100	-14	14	39	-1	-13	86	-80	97	53	17	45	20	23	20	5	48	93	56	2	43	77	54	23	-83	-42	-74	87	41	-92	-77	-26	45	20	32	-87	-46	-41	3	66	72	-63	78	35	45	-10	-50	46	-4	75	-31	63	90	-65	-85	12	-21	42	59	-87	57	20	-58	-15	-37	-87	10	21	60	9	20	29
-48	30	21	-58	-54	-40	-46	-85	-91	73	0	-86	9	65	-2	-20	-76	-56	-28	-61	-96	84	-30	-70	-52	85	-73	-8	67	-41	5	89	-3	-81	84	-28	-2	65	77	35	22	7	43	64	46	-32	-34	29	-40	95	-65	-3	80	-53	93	58	24	1	81	-9	-71	60	13	83	-8	14	-86	-83	41	-12	-71	-15	-89	-56	-14	71	100	83	-38	-51	-30	-57	-13	-68	73	74	-53	-76	33	-46	32	-57	-56	24	59	-87	-5	9	8	37
83	-98	-31	2	67	-42	1	40	5	46	-87	-14	-39	56	86	62	-67	-3	-42	72	-30	99	10	44	-6	-72	34	-2	61	-20	7	6	10	77	16	46	63	2	-13	-30	19	-17	-60	16	-36	16	-33	-15	38	52	9	-51	-79	97	43	61	-6	47	-6	14	-68	39	27	-49	56	-66	-70	-51	26	34	9	-25	-29	-4	-98	-32	-62	74	50	14	68	-2	-42	8	15	-12	17	40	-51	-28	94	-24	54	27	22	-5	-31	56	9	-81
-70	97	-97	15	76	89	-52	-25	69	27	-3	41	74	51	35	47	-37	36	-46	80	99	-18	76	75	22	-14	-93	36	50	-80	-46	8	61	91	37	65	26	-78	-1	-59	75	-71	59	-2	-37	-84	-33	-31	71	-10	-39	90	-21	85	94	-55	-7	54	21	-18	-18	71	65	-50	73	-40	-65	5	-74	83	99	-27	46	-13	31	16	100	-56	-87	72	45	59	29	-72	-64	1	62	25	-92	-23	81	-31	85	68	76	-54	-87	23	56	99
38	6	68	66	-24	-66	68	-41	100	28	-55	-30	8	-1	-92	38	53	-74	-80	-85	68	22	25	83	12	-1	33	-47	31	-11	44	63	-84	-27	40	-11	-7	40	58	0	61	83	-41	91	-17	-47	-83	-50	95	-41	89	91	94	7	70	-59	52	-75	-88	-38	16	-89	46	-28	13	-23	34	75	98	85	-73	-83	8	12	2	19	-55	7	6	-17	-85	-57	89	81	60	56	44	5	44	-21	-83	71	-66	91	-78	-28	6	13	-22	-17
