-75	-62	90	39	-77	-32	-49	-4	-74	49	-15	-17	54	74	-4	11	-76	99	78	9	32	-50	87	27	27	-24	-78	-96	-7	-98	-12	-49	-31	13	-34	16	55	29	19	-43	51	98	21	11	-95	-30	-28	60	55	-1	-21	-9	-80	-78	-52	-71	-62	-90	-57	57	-3	79	-18	70	98	-63	75	-77	-78	-82	-42	37	-52	-76	21	16	21	58	1	-9	84	35	35	-44	16	73	8	27	-67	-84	52	53	10	53	-77	38	37	64	-94	91
-7	43	34	-23	-60	66	-61	-44	-88	-60	64	-59	-52	-89	21	0	9	-15	-45	95	-76	84	-16	64	5	-74	-66	96	87	-94	29	35	-25	-70	24	18	-42	72	0	-99	80	78	-16	-65	94	85	69	2	-11	70	-48	63	0	-12	-70	-98	7	-47	-70	47	-5	41	-82	52	86	-95	75	17	93	80	77	93	-44	-60	-3	74	66	5	-81	14	49	-49	-43	-98	9	86	11	-53	-90	-92	49	83	-82	-14	-41	98	-44	1	39	49
94	16	13	57	83	53	67	-24	-94	-60	-73	53	-16	66	95	20	-24	-39	-72	-92	-43	-34	48	-55	-40	40	22	86	32	40	-28	-95	-94	40	-41	-50	-43	0	-66	-74	63	63	41	-63	-96	75	-46	86	-27	-41	-100	69	49	-23	20	40	80	-94	-93	-12	-1	-32	50	-11	-75	-62	-21	78	-14	98	-61	26	-34	46	-96	-56	-84	92	-86	58	-95	-67	37	30	38	-65	20	-10	97	-95	2	90	53	-88	68	59	-73	4	-83	29
-2	96	-83	93	-64	-57	95	55	-71	-36	1	52	64	-22	-61	27	82	83	23	26	-87	-19	-30	-5	34	52	28	-59	-95	-16	74	77	-30	46	-82	21	48	-61	92	-2	-89	39	11	-1	38	22	37	-92	99	17	88	21	-60	-64	-7	-65	-62	-36	77	32	65	-70	-78	-85	-35	8	39	-36	33	-99	-65	77	-68	42	-48	-16	-57	-11	31	3	97	-14	96	-35	-75	-85	48	-6	45	17	35	-60	83	99	37	-35	45	-78	19	-86
27	-70	89	34	-100	4	-23	-42	-56	35	95	34	22	-22	-44	-37	42	-18	-92	4	-37	-1	-65	46	93	-94	-62	-88	-34	-76	-39	43	-26	1	88	89	32	-25	-21	63	83	24	-44	-54	-61	82	-52	-85	47	63	-52	-35	-94	-34	95	-70	87	13	-59	98	-46	-48	-64	-15	8	90	61	-98	-42	20	32	-95	-28	19	64	-78	13	-73	-36	-86	-44	23	-90	-75	78	-1	-10	-64	-96	24	11	-58	-24	-54	74	27	-34	-28	-12	60
61	-97	-6	16	9	14	86	86	75	-93	-24	-53	46	-88	92	-14	97	-72	-12	-15	-50	3	-60	-28	-32	42	-63	-58	-52	21	-31	-69	14	-17	-80	-90	0	-68	-70	-9	0	34	48	24	-95	-16	-63	-71	-84	-3	-85	48	81	33	74	36	-93	46	34	-52	-68	33	92	94	-79	5	4	-90	91	-12	91	94	-86	77	-40	-6	78	-83	82	-16	83	92	-5	-53	93	60	-58	-48	72	50	-43	19	98	-53	-83	-74	60	-95	22	-25
89	31	39	8	-60	-37	73	-24	-19	84	41	-86	48	-70	56	37	-8	-53	-74	-59	-84	84	28	56	0	9	94	-64	-71	-8	-53	43	18	58	-100	81	40	-92	76	-90	19	1	3	16	-20	86	-19	-13	-52	-41	-30	95	61	91	-77	88	-36	-66	15	88	7	48	-76	76	96	92	-33	-32	98	79	75	-83	69	75	10	-15	69	28	-11	-96	-1	16	-18	-42	-99	13	-89	40	84	32	46	-69	-18	-66	-91	-80	41	-55	-37	61
40	75	18	6	69	53	41	-98	-77	-8	84	-35	65	-46	-29	-97	-41	-11	-22	73	-77	31	-17	-15	20	41	-69	-70	33	92	5	-30	-25	5	-45	84	80	-79	-36	-74	-85	-29	84	45	80	48	-23	-62	-37	75	91	-100	-19	61	-12	-48	41	60	27	70	75	42	-75	-91	24	-26	61	-4	90	76	52	-74	-33	-6	84	57	-1	64	-65	-26	-84	-72	39	76	-5	-21	-89	44	15	44	-15	1	25	17	-2	-72	-65	69	-10	43
-100	16	47	-70	-88	-15	64	69	91	-86	89	-42	94	77	17	-83	65	7	24	28	96	-27	-48	-81	-75	-96	-15	98	15	-66	2	42	43	3	-67	-77	56	89	37	9	-22	-26	44	56	-30	100	83	-29	-33	-96	90	81	55	-14	15	-41	53	-19	0	89	9	-26	-96	-52	69	56	-16	-40	64	-76	43	87	-93	95	-66	-23	84	80	-74	48	-27	16	76	-43	-20	-8	-34	2	100	-74	-28	-14	98	92	-29	-2	50	-22	47	7
54	-81	-58	33	20	6	-81	36	40	-100	-70	-28	80	64	79	-3	19	-68	83	78	21	-81	34	65	-83	-35	2	58	78	1	10	8	-61	-10	-20	-92	47	-37	86	10	-73	72	6	19	87	-33	-88	38	-71	-80	-32	71	-56	-30	99	-65	71	92	-87	30	-64	-29	0	-8	-7	-18	-16	-17	-33	-39	-56	41	70	93	-3	-22	-20	50	60	92	95	19	13	36	-68	-29	-86	93	-63	-56	16	-19	-13	15	-6	-68	34	-10	-38	-11
32	17	-95	10	-29	-86	-34	78	22	-9	-66	-65	65	-19	-23	11	56	-21	89	58	26	64	-68	5	48	7	-96	34	-76	-60	11	-87	-3	-35	-59	-3	-67	65	-40	-68	87	55	-83	51	36	26	-23	-7	18	-22	18	-74	-69	89	41	-26	61	40	63	82	65	2	62	25	-45	41	9	9	-37	-30	-75	-23	-40	-66	68	81	-17	26	98	-45	9	-29	100	-38	-40	-39	-15	8	-26	90	-9	-71	-81	-55	-59	92	44	6	-26	-95
-99	6	-41	-23	52	76	26	-68	32	-5	-47	4	-75	39	-37	55	6	64	-29	-96	-15	-57	-25	69	39	31	-11	-84	-35	-83	-20	37	66	58	67	-81	-47	40	-22	1	46	-62	-15	-85	-21	18	63	-33	-25	36	-81	-58	-98	99	3	4	74	57	-25	33	-70	51	-38	22	88	-62	-33	-76	9	-71	31	-22	22	55	-48	83	69	-46	-64	-18	54	20	54	-59	66	-17	49	-47	5	-53	95	47	22	60	-80	63	-11	66	63	-30
75	3	50	-15	-85	83	24	17	-80	75	-47	60	97	18	9	32	-21	10	-31	-4	-71	-12	21	61	55	27	39	-25	-23	93	-36	12	-22	51	-18	90	-56	73	18	-35	25	6	14	6	71	-55	2	20	-78	34	60	100	77	56	-97	29	65	-69	48	-53	86	-42	93	10	26	-18	24	-12	-19	39	-62	9	28	86	-75	5	-34	71	25	69	9	-49	12	46	87	43	83	82	97	-66	84	19	-26	-66	-11	15	-82	54	89	59
76	-34	57	-53	5	56	-8	0	-70	14	-76	35	-67	-37	71	-44	36	42	38	72	70	31	15	-89	54	-98	-23	74	-78	11	44	-5	50	17	48	-66	54	-65	-14	36	56	-85	-68	-83	24	81	-23	90	19	-17	-90	-73	-74	-63	49	19	-19	79	74	7	-53	-48	50	31	82	-44	94	-36	-80	67	53	-30	43	27	99	-30	31	-82	-78	26	20	42	-59	-39	38	-58	21	83	49	-77	9	-26	20	60	-20	-37	-98	-15	58	-25
-3	100	-36	-90	86	-42	-74	39	1	-61	-72	-46	17	67	-83	-3	-88	-2	0	62	-70	70	-83	67	-13	42	-31	55	-66	-86	61	15	-84	-89	81	38	95	-17	44	93	-25	-19	-41	-96	-47	63	-78	-75	-79	-73	-92	-26	53	-80	-68	-87	-84	68	25	-26	24	-68	20	-29	-47	90	-11	-92	-70	8	-46	-57	-100	-36	19	100	17	23	-45	48	63	77	25	41	-82	-25	33	1	36	-3	81	79	-4	-93	-67	44	42	-50	100	-79
5	49	-5	-9	4	78	-51	-95	-82	59	31	88	-85	49	7	-84	-29	-10	-73	3	-5	-12	65	58	78	15	-86	-24	-100	-70	-97	-71	0	55	-34	20	-11	77	-32	-78	-54	57	-85	-77	-23	-65	-80	-45	-43	32	45	33	-41	-89	38	-51	-10	-24	100	75	-52	23	82	-35	-16	-81	-21	-72	58	52	-26	-22	-5	-51	-85	98	-21	82	72	92	-9	83	-23	-81	53	-48	99	-61	2	68	86	38	-87	-82	90	-91	-9	45	-52	79
-87	-19	-79	-38	-87	-53	15	25	-14	25	19	-72	-21	-7	60	-46	-78	81	-37	-75	48	27	6	-91	-93	96	87	29	86	-7	54	-15	-14	69	-67	39	60	-15	-22	63	52	-19	92	-50	77	14	-26	-71	78	-31	73	14	0	-84	1	6	38	-11	16	89	-41	-60	71	-39	-60	27	3	-6	16	-76	-80	8	-35	93	43	37	94	76	44	-95	10	-14	62	-76	-22	-6	-73	94	-67	8	-80	47	77	67	-54	66	-10	-1	-37	-27
-5	-84	-73	38	-46	8	-9	8	-87	36	-5	76	76	-95	-4	59	-33	-58	-31	74	-36	-3	-44	-97	-16	-1	-50	14	63	13	67	23	-89	-33	39	1	36	-63	-37	-58	-100	65	68	-7	-93	60	55	-55	-41	54	22	53	40	-58	50	55	92	7	93	-56	13	-63	71	67	-25	-77	14	-17	-77	14	-41	-85	98	1	61	89	-31	48	-50	-86	70	10	-21	34	34	3	-58	82	-19	2	-53	-8	-75	95	-38	-45	-97	-63	78	-45
-32	-68	54	-36	66	71	-8	54	90	-24	45	3	-48	-82	40	98	-25	58	66	0	-55	47	67	-35	-73	63	-51	-32	-2	-53	7	45	85	-81	-71	21	67	69	-57	-31	-48	70	-17	18	71	-64	-68	-9	-9	37	40	-50	-17	-51	-29	46	56	59	75	89	-35	-44	31	4	-66	-33	-18	19	-86	3	74	88	-71	-88	-70	-66	-17	-1	-52	-12	-27	27	-3	-63	-72	-29	-4	14	-28	99	99	24	-15	-56	-37	79	-50	76	-79	-61
91	28	-56	-19	69	38	-55	-68	67	79	-12	47	-93	-31	-91	-81	0	-89	-60	-80	-53	-33	27	100	100	40	-25	-29	10	7	-21	14	-52	-51	90	68	-48	-84	8	71	55	-89	45	8	-70	-45	-63	-26	-93	12	32	94	-65	45	-3	-65	-78	43	66	-32	-64	72	-49	5	7	23	-82	-100	-50	-38	66	80	-82	21	-49	-42	-87	-32	55	-70	55	-58	25	40	89	21	70	31	8	-19	91	-37	-20	-91	-59	-94	-28	49	2	-26
59	-35	70	-16	56	9	-71	48	36	80	36	-59	32	-54	-14	-93	35	0	1	26	-71	77	31	62	-94	-71	80	6	23	-35	-90	75	41	-2	99	50	-30	94	-85	-59	78	29	-53	84	86	32	36	-67	27	-98	51	-20	18	-95	55	52	86	69	75	99	23	96	-61	73	25	-44	-76	-7	-57	48	0	65	-26	-61	-32	57	-12	-94	-58	-88	-83	45	-57	-7	-5	-9	-10	35	29	73	-87	-52	21	-65	2	-68	-12	72	46	-31
-73	38	-34	25	-61	56	90	-12	3	37	94	46	73	-83	-85	-95	-59	-31	-68	-81	-55	76	-71	55	-23	-90	32	53	-86	45	-80	-69	-85	83	9	30	21	-71	91	-44	26	-99	34	18	82	-33	34	-68	53	-28	29	-14	54	39	-3	92	84	61	-73	-79	-24	18	97	21	84	39	48	-27	12	-2	-42	85	-50	44	-94	28	51	-70	-73	21	51	-94	-40	92	-15	-70	50	22	-14	-98	-35	-38	-88	45	50	55	-6	68	99	93
92	1	-67	70	-73	59	-18	83	79	92	80	39	76	-91	24	-76	81	-76	-64	-94	10	-23	-39	-98	-73	4	62	15	-34	-80	55	79	72	18	-5	30	96	-87	-43	-27	-31	-35	73	43	-63	90	13	-69	-60	-56	-29	6	-34	15	29	-89	12	-38	-30	81	50	57	-67	18	-97	41	86	25	-62	2	31	58	-82	-55	2	45	-84	15	17	-70	65	-77	50	68	74	42	100	-48	-42	13	-67	81	31	-23	-54	26	-79	-26	-64	-49
-60	98	-71	91	21	9	-19	-95	50	-48	-16	100	-69	28	-98	85	28	58	17	7	11	-20	-57	25	-60	3	43	81	-18	63	-81	-7	81	-62	-17	-60	65	64	10	7	32	55	-90	-34	80	-16	-79	-56	16	-2	0	51	-2	27	-1	-3	-62	34	0	-89	95	25	17	97	-14	-73	-84	81	46	-29	-10	-33	97	-30	28	-74	6	-99	-56	-82	-61	10	68	7	-33	-4	82	1	22	16	-52	83	50	-55	37	47	-7	-28	-8	-24
-90	37	11	77	-64	-83	-32	-19	85	-29	71	94	20	-83	-99	-45	11	-13	-45	40	-79	25	-32	-65	97	-70	13	-65	89	-98	86	-35	-91	43	-73	94	96	7	67	29	39	86	63	-83	22	-31	92	-14	-11	25	-55	-82	-45	44	-1	-80	-19	91	-26	81	27	-14	39	32	92	82	51	94	-7	28	-60	-93	61	34	73	42	23	59	74	19	63	96	-88	86	-19	-14	-92	11	-10	-82	46	75	-81	-29	-15	-15	14	51	29	85
-63	-7	-63	-9	-3	63	-57	-68	-41	-90	69	-42	78	78	57	67	-22	-56	22	48	70	18	-37	-47	25	80	77	-4	70	32	-96	-94	26	-88	74	93	-97	30	33	-17	8	-17	-37	97	-51	-20	48	-78	-76	28	-82	-25	45	6	-99	98	47	-17	34	28	-23	-23	-36	-25	36	85	-79	-91	100	-68	90	-36	91	-98	77	-66	64	-51	61	-28	40	-28	36	1	11	52	-27	78	-42	46	22	97	-94	25	-80	21	-69	31	76	-24
46	-67	-32	32	71	-18	61	-64	-29	27	-16	-83	-27	46	94	28	24	-14	-48	62	8	37	4	89	5	5	69	15	-12	82	-88	-68	-80	42	2	72	-11	-87	-20	-27	99	83	25	38	52	-31	34	-45	-7	64	70	-55	90	-44	57	-88	-6	56	-40	-23	-45	-69	8	-72	-92	63	95	-87	-76	-19	-57	66	-84	29	90	-16	-84	93	19	-65	93	33	-92	-98	-10	98	75	41	33	81	67	93	-12	9	-95	-77	-49	-54	-74	-92
-38	-72	55	-35	23	7	-65	-89	100	42	-9	39	98	-42	-55	-81	35	75	-44	81	18	-55	100	-9	72	82	-66	14	48	52	41	40	98	-34	-56	40	29	32	41	39	31	-26	-66	-91	45	88	-63	-10	-1	41	-49	-80	30	30	-12	86	-94	44	95	-44	-37	-75	-16	-93	-13	63	-69	84	-33	53	-57	10	-17	-31	-4	73	99	-53	9	52	37	10	92	21	-19	-92	-83	42	-2	25	51	15	10	-80	-89	-59	-1	38	-14	-62
-77	58	82	-87	-21	50	-50	-77	-54	-20	-46	94	6	7	81	-8	10	100	85	6	-57	88	-88	94	71	100	-53	-27	-96	4	25	18	-74	22	-71	51	-59	-25	-37	-15	-23	51	-24	-76	-3	13	51	6	-80	-89	-33	50	79	1	-22	30	4	81	9	-17	2	25	85	-37	-57	-74	-42	-76	-50	-21	-88	-34	92	39	3	27	85	-55	82	-76	-35	-86	90	-25	-28	86	89	94	53	63	-82	65	-35	96	22	68	-5	-59	81	32
2	-54	-5	-83	32	-6	65	-18	-37	25	13	49	-13	68	40	-46	-14	-30	-40	-64	-51	61	-100	-46	-3	15	22	-30	-45	-29	-30	94	49	92	-43	-63	64	50	13	36	69	-37	-51	6	-64	74	-9	96	-33	-63	-47	-1	-12	-64	-31	-45	-85	-85	-67	68	64	-5	31	-28	-47	91	-26	-71	-3	77	41	-85	37	32	-14	72	51	10	8	-72	-60	-15	56	27	2	-78	-21	26	84	-73	55	-39	-32	-81	-71	-61	-74	70	-59	49
47	-43	-64	25	-90	18	9	75	-8	-54	37	-39	20	-16	-78	-71	56	28	76	26	-96	27	-20	86	-36	53	23	7	-35	-91	-47	75	-17	72	-54	8	75	-87	85	-61	76	-20	82	24	69	81	-95	2	-53	-66	-60	12	-69	53	30	65	88	-88	-36	37	98	53	-49	-50	85	-20	43	-41	-62	77	28	38	84	69	74	52	45	87	-48	-78	-54	-57	-87	24	47	-95	80	41	-47	36	-84	20	-11	58	-92	32	-89	52	64	-27
7	18	93	70	58	82	66	75	77	-2	-93	5	44	29	-79	97	39	77	-71	-12	61	15	-31	73	-66	13	21	-67	-67	-12	32	11	6	-74	-37	65	42	71	-15	4	28	78	4	52	-11	-78	93	6	-27	-92	-34	73	-82	-54	4	22	-50	-65	-11	5	-4	-58	3	-64	-90	-95	47	-98	13	-56	-15	-27	46	-83	10	33	-26	-13	24	15	-86	-12	-93	68	48	-9	-92	-35	56	86	-4	-7	-19	33	-19	29	-67	57	73	-3
19	79	10	-47	-86	44	-84	-38	-87	-13	-51	86	85	-28	-5	52	93	-74	96	-100	15	29	-13	76	-59	81	68	-87	4	-94	9	66	44	-21	-83	-64	4	-58	-12	-31	20	23	-2	49	77	12	-14	-38	-62	-29	-94	-48	77	24	61	46	95	-50	-17	-58	-89	-67	94	-27	93	-38	-74	29	35	27	-42	82	-88	40	10	25	54	75	-18	23	54	-16	73	33	-85	-3	99	-41	-50	-100	77	-24	-94	20	-59	62	-58	73	-78	-56
-50	97	31	77	-15	-63	76	-68	9	92	-45	97	1	-74	-87	-100	41	-19	39	15	-33	97	94	60	-88	-64	-74	-1	79	-50	22	55	-24	30	58	25	-75	-33	64	1	-78	-95	-41	-89	39	-38	-21	-63	-57	22	53	-40	85	-90	79	-88	-40	-73	-88	92	-36	-86	-14	67	-3	-81	66	48	-80	-16	29	7	-43	43	46	-100	-28	87	52	-42	66	-7	-49	53	59	-93	-9	37	38	-45	82	-52	89	22	67	-27	88	-35	85	-52
57	49	-84	-54	-58	-85	84	6	-91	-79	-49	-97	86	-91	96	88	-77	9	-86	-44	73	58	-8	-55	90	12	36	-75	59	1	95	-67	-81	93	-11	-12	-86	46	-5	-52	89	60	56	-61	66	19	-10	-83	-40	72	93	-98	3	79	80	35	-9	-50	54	7	-25	-51	-12	-63	98	-37	-35	-99	88	-31	-21	57	17	56	33	-50	64	63	-85	-74	-41	57	73	13	-96	-55	-96	2	48	13	-84	41	60	16	11	77	26	78	39	-23
-45	-79	55	-65	-98	-65	-76	20	-1	-71	53	-96	-67	-32	-21	38	-69	-7	79	-98	-11	-18	68	71	-84	94	18	-1	-47	-25	-64	31	-98	32	-56	47	61	27	68	88	40	-62	4	66	-95	35	81	-59	-68	30	-65	72	-66	7	-62	-46	37	48	14	-33	-70	-74	10	35	31	5	-25	-56	18	77	-89	-23	-15	80	54	-29	62	92	95	-20	-35	-17	-94	-26	-51	75	71	94	71	94	60	-92	-66	-26	-84	-72	4	-14	85	-12
76	10	3	-57	-95	66	85	71	12	-50	7	31	80	-31	28	-21	38	-85	29	-29	92	-35	40	-56	3	48	1	22	42	82	-49	-30	-21	-34	-62	71	-98	54	86	14	-1	57	97	-92	-57	-70	9	70	29	74	-93	63	6	-69	-97	-46	37	-83	-36	-15	96	1	-38	-71	-83	-40	77	49	-61	-17	-27	6	3	66	28	-94	70	-77	-87	2	-7	-9	-98	3	57	92	-35	-65	-20	-81	66	33	56	39	-19	-75	42	88	93	96
45	72	46	-52	-13	-21	-63	-99	85	-27	-97	-37	-13	-6	1	50	-44	-27	59	13	46	89	0	-54	79	-93	100	-92	11	98	-8	-83	50	45	15	-6	-3	-90	-20	-14	-7	-50	-72	42	-3	89	-10	-30	-24	36	-81	76	15	24	-17	58	-7	-83	-60	87	6	66	97	51	-62	-81	86	24	52	-82	98	-67	21	70	64	-28	73	-71	1	10	-47	-46	74	18	52	46	-59	-60	-30	-68	-98	-48	41	93	2	-99	-39	80	52	76
-30	51	31	-21	-88	-34	83	25	-40	-27	24	14	34	-40	58	-44	-16	-96	-57	-84	-51	-45	-51	-3	-53	-10	53	20	58	-10	55	-84	-29	26	95	12	58	61	3	17	-92	11	-17	-94	-39	94	60	17	55	-92	77	24	88	97	-46	50	9	-32	39	-14	16	-42	-3	-26	39	-50	58	64	29	-48	-71	82	-40	-77	63	39	-43	13	63	-72	-31	-36	-57	-65	64	94	76	-26	19	-70	43	-40	-51	-43	-39	-20	15	89	-36	-30
31	60	-41	21	25	-99	2	67	-35	48	99	-21	-52	98	-73	-81	-71	79	-41	-47	49	41	-4	29	42	2	16	-18	40	61	10	89	-45	21	-24	-72	90	-88	88	-1	52	68	100	17	-21	-51	-76	100	-26	77	-9	57	-18	-32	10	42	52	-81	-23	-21	16	25	-98	86	-59	42	62	-14	74	62	68	-65	-79	27	-59	-7	4	82	19	-56	80	73	-93	82	94	-46	-68	49	-66	-60	67	98	-54	76	2	-32	81	-23	-73	-74
22	-86	80	-5	-55	19	25	-80	25	-80	-75	91	68	-89	7	97	-19	-80	71	-63	-1	-100	73	-32	-67	-42	59	-60	36	-54	39	74	-3	-99	15	-60	-31	-65	69	42	33	99	76	71	11	-33	-23	87	-79	3	25	-15	86	-16	22	-14	-16	-34	69	42	-81	-20	-45	31	18	-55	44	29	30	93	-99	23	-50	-68	-4	-43	89	32	-92	-30	-11	56	-37	53	-41	-42	-99	-30	-24	-59	71	6	44	16	-21	-16	-79	-69	48	-47
41	74	15	86	6	-20	-59	27	-17	7	-40	94	37	-90	9	-79	39	-79	-69	66	49	77	55	-57	-65	5	-62	-50	-81	9	-15	65	-25	80	33	-80	57	20	0	-99	96	-69	-17	-87	-42	89	41	-18	57	-99	-57	-12	100	53	-55	44	-63	66	-17	2	-71	27	64	62	80	-46	92	23	39	-93	14	-61	-18	89	30	-61	0	-51	49	-60	-83	19	-4	32	68	87	-27	83	-72	68	-92	36	26	45	-1	-21	-44	19	-90	-77
-86	30	55	-43	60	-54	-99	-55	74	-76	-6	18	-55	85	-85	27	68	44	-30	82	-21	55	80	-90	-96	-71	-23	-89	88	-35	-88	61	-80	-87	-66	-13	40	-45	67	45	26	1	-19	11	-97	53	34	-49	-97	-6	-50	25	-65	-85	30	14	-51	25	76	-90	-71	-92	91	-25	36	53	10	-56	92	-46	10	32	88	41	-73	77	-64	-75	49	-14	-36	-32	24	-97	-18	29	46	-20	73	71	-24	-32	65	64	85	34	-3	-79	75	-68
98	53	-92	-4	94	37	-40	-36	-33	44	19	-4	60	72	1	79	-23	-55	-77	69	5	-69	-81	42	14	75	-45	36	21	-27	-5	-89	-14	66	-58	-94	84	23	12	-67	2	72	-63	-74	-93	-88	-91	25	-49	-98	-68	48	21	-93	14	58	-20	68	22	42	-15	-91	-100	-28	4	72	59	81	-32	64	6	29	44	-82	-76	2	-1	42	60	31	62	47	-60	-46	-27	16	59	-46	67	-32	33	-69	-31	60	-72	53	-1	-92	-85	88
-20	-44	-10	-98	8	-16	-62	60	-27	59	46	-67	72	5	80	-31	79	-83	37	94	-80	0	77	31	13	-88	-90	6	-72	66	-68	52	0	-18	-60	44	-81	-78	57	-15	85	-16	-58	-59	-78	52	8	-66	-94	62	-56	59	-80	-78	7	73	-70	45	35	79	73	24	-64	51	0	58	-50	-21	79	68	36	-77	-67	-95	32	96	45	-7	72	-35	24	64	51	-24	-4	-7	-17	43	35	56	-92	44	-44	96	-23	36	55	-21	-9	51
-90	88	-41	-13	56	3	-90	88	-62	-36	2	60	-55	-32	41	-56	37	97	-9	-2	-12	-64	12	-26	59	87	-61	20	79	-9	69	31	-58	-65	88	-10	39	70	35	-100	-12	-61	-81	54	-39	75	-21	-76	-83	-37	-11	34	-52	53	-25	-98	72	-92	-95	-88	-96	-59	-80	-58	16	13	-21	-27	-54	29	67	77	4	-96	70	21	-81	-41	60	81	90	-64	18	45	65	-22	-77	72	-2	-44	16	-95	71	-36	-70	71	-60	50	36	-75
43	7	42	35	-3	-39	35	89	23	36	87	-22	21	-53	82	-65	-63	84	-66	-46	-59	47	-48	-49	27	-41	-2	16	29	56	33	-27	-70	59	-87	-45	57	19	57	-64	19	-15	34	56	-40	-35	87	-60	52	-82	96	-61	99	81	6	93	98	-88	-18	77	32	87	54	76	-37	59	83	96	-78	-72	-99	-16	74	63	-6	35	-71	-86	41	-17	-90	-73	76	22	-56	-100	-95	-54	-93	-93	21	-29	25	34	54	-37	13	-23	48	-20
8	42	55	-36	49	2	66	-77	-40	7	84	-2	-56	6	-11	5	2	84	-44	-20	-50	6	79	-24	25	-44	-6	-49	-70	-95	61	-74	87	-52	-64	46	60	-62	93	-26	-2	-28	-2	-45	46	-37	3	3	19	23	94	99	-58	-76	-23	-4	-91	-13	55	13	-53	40	79	-47	-80	-37	-87	72	-66	-4	-35	83	-6	18	32	72	21	-9	20	-53	-6	-40	-28	-24	44	-53	-60	-98	-92	73	83	15	9	81	-96	-20	75	-11	-71	12
57	-64	-35	-33	81	56	65	-30	-75	26	90	-91	5	-79	28	53	-3	-54	-63	90	-65	58	7	71	-99	20	81	22	43	-79	-7	-55	40	49	64	40	-96	16	-11	-67	-3	82	98	0	80	19	90	-58	44	-42	94	-20	73	99	45	-30	-68	-55	5	34	-40	84	-8	40	-36	-49	99	-68	-80	-56	7	23	-50	60	-36	-61	-65	-41	22	98	-7	49	-69	40	41	-48	94	-40	-67	-75	-9	-1	35	71	-64	-84	-74	-89	-75	36
-80	86	-66	-3	-23	49	75	-27	-78	66	88	35	-82	-1	-98	-31	27	-71	71	-21	-100	-63	-98	80	48	83	46	-89	98	86	59	-31	3	54	-33	-41	-87	-35	-9	-86	46	-77	76	-98	56	-96	-50	96	-37	-23	-52	-91	-27	19	-72	-46	5	-71	-2	-89	-4	79	-4	58	-36	80	-90	-84	7	-53	10	-89	74	27	-71	-60	-20	-18	-52	-29	46	41	47	18	-28	84	-65	98	-33	28	-32	-19	-76	-39	85	56	8	-47	-91	-55
-27	-66	80	-52	30	-71	-62	-92	87	14	-70	-49	48	-29	63	26	68	87	-75	-48	-40	6	24	-69	-33	93	-53	4	14	5	-58	53	57	-47	-86	-8	11	-88	-44	-86	-37	67	-26	-60	-46	-92	37	26	1	-10	27	45	18	-26	21	-73	55	-42	14	14	5	-97	83	43	-85	-70	54	16	-50	1	-74	-32	56	-64	-12	29	-91	-60	50	-89	-26	-37	45	36	89	-45	24	12	-65	-39	100	68	-58	-15	-18	-18	48	-100	42	-28
35	90	-49	46	38	-96	-77	31	47	19	-91	56	76	20	24	-52	16	-32	23	80	4	-84	7	45	40	-62	58	14	66	-40	-10	-69	-99	89	93	23	-55	49	92	12	-94	-1	-48	69	-54	64	22	-66	38	60	-16	-85	-51	-40	-83	51	-68	86	-28	31	-6	24	71	-40	-62	2	85	-88	-36	1	48	80	33	-3	-59	34	-81	83	-65	2	-79	3	78	-93	37	65	53	-93	-15	17	100	62	17	94	-35	-67	-79	83	-89	30
-46	5	27	38	46	-54	-32	-71	72	-100	-38	-53	-65	-26	51	-2	63	59	29	78	100	39	28	38	-22	57	-2	22	-37	75	-77	-89	59	37	38	-72	-29	-73	23	89	48	72	-64	21	-24	79	-54	73	14	-19	-36	7	-29	-90	-47	95	40	-7	-49	13	1	-89	-81	-73	-47	-1	-10	-95	77	-1	43	4	-79	-64	-70	97	48	-85	-87	-57	-90	-34	34	31	-81	29	-46	-31	-41	35	63	-46	86	71	82	-19	83	-89	-10	34
68	-91	-8	77	29	50	54	-43	-31	-30	51	19	39	45	28	14	-9	-26	-22	-38	-84	75	82	-38	3	33	-4	-24	60	35	18	-85	7	-10	-41	-37	-17	-84	1	16	99	-89	-13	-32	84	-47	90	21	-98	8	65	-12	-25	-64	-78	48	-36	-94	-34	-51	-17	13	-54	-59	-88	79	9	94	-13	-84	72	99	16	-4	-22	-83	-57	84	-70	8	2	92	42	-84	-59	96	-70	-7	25	17	50	12	-56	6	30	-47	29	78	-99	-30
58	68	79	-4	31	59	-98	-43	-59	-98	-48	45	-44	63	48	-9	-70	78	-40	97	-65	-54	-14	68	-11	-17	16	-22	36	-4	-66	27	-76	-28	71	-46	23	-94	-8	-25	15	-65	70	-14	-70	-29	17	-87	-29	97	77	-96	-81	31	-43	-23	10	-58	24	-71	-4	-24	71	49	-88	97	-27	-28	43	70	-29	25	-17	80	-81	-23	29	53	-58	-69	11	89	-41	-23	-38	46	92	60	20	20	37	28	-80	3	57	-59	-92	-92	8	51
-69	-73	17	-98	-93	84	87	86	75	71	-10	-25	99	42	-48	26	-69	16	-50	-45	-98	38	-3	88	-50	52	-68	-2	27	-64	12	-82	52	1	1	-17	49	90	-69	-87	-19	40	-75	71	9	69	30	-24	86	57	57	87	78	-88	-16	-50	66	59	27	7	49	25	2	-83	57	65	20	2	29	-15	-19	-62	14	-91	-20	34	-33	34	70	-8	17	47	-71	49	-29	-72	-9	-41	61	43	77	-83	-10	36	78	-67	43	62	-43	-80
-62	1	66	54	67	51	-7	-8	-56	51	48	-18	63	19	-74	85	-18	-48	-87	65	100	-37	33	24	43	-74	-65	98	-100	70	67	49	45	-10	3	23	99	-25	39	-25	-40	-78	74	-53	-22	-22	-98	53	-77	38	-74	-11	31	-24	28	-16	-79	25	65	-50	44	49	51	-31	12	-41	-94	-19	81	56	12	3	24	27	-63	-86	-84	-75	-17	71	8	-23	-97	-65	36	-40	-73	55	27	-48	-75	-22	-18	-79	-47	-47	-62	50	20	53
-77	26	43	-98	70	39	-88	85	-12	-41	86	-45	69	-65	-69	52	73	-99	-86	-50	-37	-92	-26	-33	45	-94	-12	33	25	-98	-69	35	-66	88	-89	-41	16	-57	-49	-67	-85	-42	56	-52	52	-58	93	-78	-100	69	-7	84	13	73	-19	-55	85	94	-5	-72	-14	-55	-8	40	27	-24	13	-72	71	-76	88	78	97	54	-36	-85	-64	33	-31	-79	-4	-21	-57	-75	-75	-76	-56	38	40	8	-74	53	88	-45	-86	77	34	42	-75	-67
97	52	-93	76	6	71	51	-47	-83	-82	-3	9	19	61	-25	-42	-98	-35	-32	2	18	-31	70	93	-65	-24	-68	-57	7	83	32	-42	81	-77	100	64	-41	70	3	91	-91	-63	-89	28	60	-79	-84	6	-40	35	29	30	-64	11	89	-93	4	63	-6	-81	49	20	-33	17	27	34	-69	22	31	-47	-64	-45	78	21	-47	-98	-54	50	93	52	13	-38	-73	-92	-38	80	-65	-44	-79	15	7	32	-82	28	-45	-54	53	-49	-90	-51
11	-16	-83	26	23	87	-50	11	-57	74	-86	-68	-38	-91	60	24	74	-41	92	-41	-55	30	-95	-86	-70	83	-65	-32	-46	-85	38	-67	-62	18	-95	-8	56	85	-22	-63	-39	14	-56	41	73	-10	-89	22	71	32	12	83	-57	74	43	94	-99	82	-86	-54	76	5	-23	-10	-88	65	5	55	-39	17	26	-84	43	-25	-90	73	63	-61	37	-35	-73	46	-14	-68	-94	21	-53	25	-70	-74	3	28	-90	55	76	48	-94	81	93	-77
31	-51	12	-27	-8	-100	4	-52	-24	90	39	-1	4	8	6	40	1	77	-16	76	22	-58	-31	-70	-94	48	-27	16	-47	59	-86	-97	61	-94	-17	82	-12	78	42	91	-55	51	28	-14	-65	49	52	7	-14	-82	-47	-9	-43	29	44	-72	21	-98	1	-75	62	23	63	100	26	-86	-92	-13	41	-7	70	41	-38	-80	-69	-3	-59	51	43	-77	-26	48	-98	-41	-29	-29	68	23	-48	-13	73	-7	-91	45	51	5	-7	43	33	-2
-33	-4	-48	-97	45	-12	0	82	-65	-47	-86	-15	-21	-26	11	27	1	54	-60	88	-6	69	-28	60	-61	70	-32	-57	56	36	-63	5	-13	-83	26	-28	65	-72	53	-84	-69	63	-100	15	100	-68	17	48	-26	-27	-45	47	-14	40	56	18	6	-95	20	-12	21	-21	80	100	41	-30	53	-54	79	-28	31	50	65	65	47	86	41	-34	74	-33	46	32	83	-9	73	71	19	9	-59	3	-1	20	-18	-35	-11	-83	-35	18	-41	-17
-61	-64	86	20	21	62	20	-35	95	58	13	85	-7	24	8	15	65	-10	-9	86	-19	47	-70	17	28	76	2	27	-5	-20	-2	88	-1	-36	22	-34	-12	87	54	84	28	85	83	7	-80	-98	-99	20	-62	-1	-12	89	-93	-85	0	-26	-60	81	-39	53	19	23	-35	48	95	-25	17	-72	-32	13	-77	-89	84	-64	14	-86	-71	-41	-55	94	-95	-21	25	11	19	41	55	4	-90	-58	-41	78	67	-3	-85	-23	-90	16	4	51
-40	-60	14	2	79	25	-15	28	90	29	-49	84	-43	60	-85	-94	29	90	39	-57	26	-66	24	-16	-60	42	90	-41	-87	5	-78	-19	39	0	61	61	18	-81	8	-67	-8	16	86	12	-15	-89	69	27	-52	2	-35	-70	-39	91	-34	-95	-7	87	-81	-11	26	-39	-41	50	-68	-71	-96	-33	-49	-30	30	-87	61	39	-59	-17	85	8	80	25	-71	-4	33	-11	29	65	45	78	17	-92	37	-80	-51	18	-16	-38	15	-17	49	-90
89	-34	13	44	-4	25	17	-17	49	49	37	-62	-42	-41	-1	0	-39	-54	-11	46	-49	-4	-81	87	34	39	94	84	-69	82	-57	41	-65	-8	-26	35	-50	-90	75	28	-44	90	-39	98	-6	-63	-77	74	-57	39	-26	-40	-31	-51	24	-49	99	79	85	-22	-96	-28	-93	82	-12	85	-67	-2	-92	62	-58	11	94	12	18	-93	6	88	27	-55	5	-12	-54	-72	-35	-56	-56	-44	-20	8	83	20	-27	-83	-98	84	29	-90	-25	47
-49	82	-99	48	-91	16	-77	99	-49	59	-56	44	39	-39	23	100	-42	9	-31	95	40	62	47	71	-75	-78	30	89	-10	6	67	-72	23	5	-15	14	-75	85	-83	79	-39	64	36	-14	67	70	-82	0	-39	-10	93	71	61	59	-87	31	2	-98	-34	-24	10	69	37	22	-8	-73	51	26	29	19	-47	47	-94	-34	-61	12	91	-29	46	67	-43	50	12	-93	-7	-10	89	-49	84	-18	5	-70	65	-8	-5	-58	67	-74	-18	-38
-53	55	-91	92	44	6	14	-37	94	37	13	-85	-89	9	-97	-56	-11	9	-20	84	84	-26	-16	60	-51	-52	-47	-46	62	-87	-64	4	57	18	-10	83	97	-62	-70	-54	89	77	-54	80	80	-59	-69	9	3	28	-25	-62	19	-37	45	72	13	-23	-7	-4	-71	79	37	-30	23	-57	94	-67	61	77	52	30	-72	81	-23	87	-20	8	-2	83	39	-42	91	27	-41	53	23	-88	-96	50	89	90	69	-87	83	30	8	40	10	47
-52	-88	-53	33	64	-82	78	-73	-22	-99	-89	-84	94	-88	25	40	8	33	38	93	86	8	-68	37	91	-52	-33	76	-65	-5	27	64	-72	-95	17	-84	82	-11	30	21	-40	-92	66	-15	-40	-89	20	-98	-93	44	-38	24	90	-89	-74	-15	96	-6	11	19	99	-63	96	-37	8	-61	-41	-20	86	-60	-79	-92	-28	43	-8	33	-35	-95	73	-5	79	-72	-7	76	89	-49	28	61	-44	77	-94	-74	-21	-66	-41	-65	-89	-59	67	61
-35	33	-73	-2	-84	35	-30	40	-76	-40	-80	-65	-62	84	-21	-78	-65	-5	-83	-78	-36	45	-82	100	56	-36	-72	-22	76	-92	-61	36	-34	58	-54	91	-89	90	-31	-82	66	67	52	83	-39	-20	13	-60	-65	26	-25	-96	43	60	22	-60	-69	50	-11	97	-54	-78	-75	-91	-93	23	25	50	-45	55	-19	35	35	1	38	4	61	25	92	41	-59	38	-26	-99	84	19	-46	-58	-75	83	9	-51	-38	32	-29	10	38	14	40	45
-98	18	18	-44	97	45	-58	86	84	74	95	-66	-35	65	-9	-16	54	95	95	24	9	-97	-30	-91	-42	92	-87	46	-81	72	41	-94	-1	30	56	17	-99	-30	79	48	-68	44	78	-73	-59	-65	52	-44	-53	-84	-96	41	-92	-67	-8	-78	-94	-56	-20	-39	97	39	-45	86	-73	-59	3	-20	72	-7	-19	54	-11	8	36	-49	40	-41	-93	-37	-13	-77	64	-23	24	-26	19	-50	69	51	-87	36	97	30	79	-30	-81	96	14	71
94	51	58	68	-92	75	60	-61	-12	83	-7	-4	44	57	83	93	-42	31	-97	-78	-12	-83	59	20	72	-98	-72	-25	-84	16	98	-32	70	4	-59	-26	86	65	-93	50	44	99	-60	24	-28	-14	81	67	-87	60	61	-66	-50	-2	34	-16	37	-14	2	5	-75	24	-39	-52	15	73	-74	59	-24	-60	-21	-72	23	-81	99	32	-12	57	54	41	-10	31	-99	17	46	73	56	-27	-100	-82	33	-38	-23	-24	86	83	-47	62	97	-84
37	69	5	-93	-66	-5	18	62	-8	78	55	1	-61	79	-6	-70	1	-10	94	-49	-98	-34	-13	73	99	-75	34	37	97	38	98	-30	81	-44	-56	-61	-81	14	49	39	-72	-37	-31	18	85	19	-20	31	72	-93	27	68	70	-86	-58	-12	-2	-94	3	-79	-59	-72	-55	-26	-81	73	-55	-42	-78	52	70	99	-87	-79	51	-56	-18	99	57	-90	-11	98	50	54	-100	78	71	-76	-34	-52	-16	-29	65	-40	52	20	98	-53	-68	-100
87	-72	-45	17	-90	-27	74	-24	-83	-10	15	46	-95	-71	91	-23	6	69	60	58	27	-77	-81	10	-40	-10	-92	81	48	70	-89	8	60	31	23	55	-4	-23	-97	-72	88	-35	35	-20	-58	-34	-48	34	59	-85	39	95	-35	58	41	-75	85	67	-81	41	16	19	-46	17	-80	-82	13	14	19	-48	3	-43	77	-94	88	-83	74	-87	23	-31	30	-9	-14	-29	-18	60	58	51	54	-99	63	-86	-45	-99	70	37	-82	80	-66	-78
-15	33	-28	-72	-61	83	16	-28	-44	-13	-14	61	67	63	31	-14	-99	-71	77	43	74	-98	38	-86	10	47	87	-87	79	4	-89	-25	91	93	-85	-99	49	-99	46	-95	21	60	79	12	-62	-21	-56	-21	78	-10	84	45	-10	-54	100	51	-70	49	78	-71	14	95	20	20	-34	49	-96	-46	-38	-88	23	78	48	-26	78	-46	-60	-19	-96	-83	-100	-39	-48	87	68	69	56	44	-54	-48	25	-86	-34	-12	-41	-88	-86	21	-62	30
69	-62	72	-63	95	-47	-6	-69	82	-12	-32	1	51	-58	-69	-98	47	80	28	20	-11	36	8	-92	-66	95	-9	-94	-72	-8	-60	-98	64	-52	-27	97	-30	82	-14	69	98	43	70	-25	66	-42	62	-47	15	-33	83	-46	-57	31	27	-93	27	-31	-78	-39	-58	-30	-40	83	16	10	-100	5	35	-15	-41	-48	-23	-70	86	5	-1	39	61	72	98	-92	57	-83	98	-61	-88	77	-42	72	39	11	61	-15	95	98	-84	-22	82	81
24	51	28	75	-47	-92	-2	0	14	-43	-33	-63	87	57	-58	-68	75	-27	12	-36	-43	70	-22	-89	68	-61	-76	-85	-14	21	33	-12	-92	28	44	-61	26	-72	86	-41	-8	21	-84	56	80	16	25	96	-80	91	22	-81	29	-83	93	89	14	-70	75	-26	100	-44	100	-18	3	-71	85	32	-94	4	-99	34	-71	35	-40	17	-74	22	-96	-26	92	99	47	12	69	26	9	-5	38	34	-88	12	55	-39	66	-1	19	-78	-89	35
65	-48	58	14	-6	-68	-7	36	-72	55	97	-58	-88	-95	86	-79	44	-1	-55	-30	-16	-56	31	81	-85	-98	36	95	-69	79	-60	-60	67	7	65	-53	97	39	-9	-39	74	-98	17	-99	36	69	60	36	13	-50	-87	-40	70	7	-86	45	43	-38	-98	-81	-86	59	93	-98	-100	-26	19	-14	-92	40	78	30	-20	-1	-38	37	48	54	-4	-20	-52	28	7	95	-20	-67	76	64	36	40	-54	-96	32	55	-4	48	48	-86	-4	15
72	-90	-88	-15	-86	90	62	45	-84	59	-22	-65	29	0	85	-6	92	-74	-54	-11	-45	-48	55	-80	12	-35	43	51	45	-49	18	16	57	-70	-79	72	14	-15	-22	-29	-72	74	79	-4	-51	43	-17	-46	-100	6	5	42	-95	29	-74	-99	57	-42	37	-71	-21	92	22	49	92	-71	4	37	-84	-70	-54	59	99	-21	-94	-78	59	-17	68	48	73	15	-58	-8	15	11	16	-55	-23	-74	-69	14	46	30	19	32	-83	65	30	-86
-71	80	-86	-20	83	8	-48	-60	-96	-77	57	60	-60	56	-42	34	-69	-14	23	-5	77	-26	-42	-16	40	-70	-24	52	52	6	-46	77	-2	87	-79	65	-1	-74	-58	-84	52	-28	-23	88	53	26	-62	51	55	5	-30	-29	99	68	33	-81	-79	-36	-15	-70	22	64	3	-72	-52	-50	-21	-38	-86	62	-78	-29	-31	34	73	35	24	-45	-96	-5	-80	3	8	-80	-13	-52	22	-62	15	91	-65	4	-65	-18	-78	38	-10	94	3	-71
-35	28	-65	89	-40	-53	40	32	-93	58	86	-10	-75	91	-57	82	64	50	-45	-87	-7	83	5	-58	-85	-78	-72	33	7	60	18	73	-14	-70	-13	69	-77	-62	-70	-48	-74	15	-35	-96	64	-53	-46	39	-35	81	86	3	-36	49	-9	-7	56	95	93	-24	-85	79	-81	64	69	-28	-97	91	-49	-41	44	45	-81	30	60	-56	36	87	58	78	-40	-22	-2	-85	-30	95	48	89	-24	13	-75	11	-16	-26	44	-24	34	85	-54	-17
32	89	70	-56	71	95	55	-86	-14	11	44	95	-71	66	50	-85	97	-47	-64	-80	-66	87	-99	21	-60	27	-65	59	-99	60	14	47	-37	-91	14	72	-22	-96	-89	-23	63	-4	41	-89	-38	82	99	-8	74	13	5	-24	-80	-67	-49	43	-56	9	14	48	-5	-96	-10	5	-48	-26	-91	51	-7	11	32	78	14	-5	-93	14	-8	-36	39	77	-62	-91	-59	54	-46	-41	-31	-55	-7	-55	-65	-49	92	59	-89	-87	4	71	95	92
48	-86	-60	-28	-61	-19	3	-67	76	78	32	-82	-42	70	99	31	-85	-49	-96	100	67	1	-83	-42	-63	-85	94	-19	-28	23	20	46	76	6	97	-36	42	-46	-53	50	-80	-65	69	-56	77	58	94	-33	-73	-90	-26	36	15	-36	20	29	-92	100	81	45	-89	98	32	-81	-75	92	-22	84	45	75	-16	-86	55	50	-23	-60	49	-30	9	46	34	-73	-1	88	-83	-50	-82	-75	-77	62	43	10	72	0	-5	23	79	-19	-54	-86
-36	52	86	-8	12	-29	-59	-36	-42	-69	-34	22	70	-68	-36	-36	-52	-96	99	-2	92	82	97	18	-84	-12	86	-61	-66	80	14	28	-88	60	84	-60	21	-45	48	53	64	50	80	1	-91	-19	-55	-88	95	72	-36	10	-35	-7	51	-48	89	-62	79	-51	38	-96	-11	-24	-65	45	-90	39	63	87	78	-29	-57	-65	23	-88	41	7	48	-14	-34	55	67	-19	86	-20	8	-92	-11	61	-99	-85	-8	-27	32	-62	51	-78	-42	28
2	-4	-24	-3	6	40	14	-32	4	-36	-1	-19	-39	48	12	76	-81	80	-3	-92	35	100	-34	-44	31	0	-58	53	-33	8	-89	86	6	-11	-45	-14	-85	-83	23	-44	74	1	-47	44	36	90	57	16	-29	34	-79	-6	-71	26	33	13	6	3	18	-65	-48	-30	-46	-6	-75	-82	61	-18	55	-33	-60	39	-64	15	50	71	58	79	-58	9	14	-39	-5	-57	42	34	37	-59	57	27	-5	-65	-18	68	-82	-17	-74	-94	-40	-48
-56	-27	34	61	5	-65	-15	77	-72	-35	91	47	28	45	22	99	45	57	-26	26	-81	24	-40	-50	88	-97	72	7	96	-7	36	58	-22	-57	21	-36	-25	-48	-26	-38	-90	32	80	52	86	-46	-90	98	45	44	-45	0	13	-17	-34	99	-59	-76	-22	-54	97	97	61	4	46	27	1	97	-50	17	49	-14	31	90	-81	74	-92	-55	-9	-76	-9	-54	52	86	22	53	73	79	-79	8	33	-44	29	26	-3	-66	-80	-55	-40	14
-75	19	62	41	-59	83	-41	77	11	-7	-29	-23	-48	0	74	-97	-43	-52	27	10	2	-97	-69	-96	86	-33	-67	17	-86	56	79	-79	-9	94	68	-36	99	-20	-60	-78	18	95	-92	93	-68	58	-35	-33	25	2	71	52	41	-41	-39	62	85	27	-13	-11	-13	-22	68	-39	-39	-32	17	-100	-3	72	-37	-92	-31	-60	88	-29	-62	-79	50	-56	22	77	-1	-53	-67	-51	11	-76	-59	-3	78	-72	-36	-91	-80	-87	-27	-49	-48	81
-47	99	71	-34	20	-45	-100	-35	-50	59	-40	62	43	-29	31	34	27	-63	100	33	-51	-76	-24	-80	27	25	52	-93	-81	-66	24	-11	-63	-62	-75	-43	4	58	-63	-89	-83	-79	-56	28	30	71	-33	-50	-100	19	21	-50	97	71	83	48	-82	98	-58	18	5	-22	73	15	92	-14	87	59	20	-18	-93	27	28	65	-74	-46	-89	89	27	53	34	67	76	34	-84	-87	58	56	-41	18	19	-61	72	-29	-5	-73	-42	76	-15	-92
-49	-82	7	-93	-59	83	34	21	3	-24	-6	87	91	37	-46	-88	-56	-29	65	48	-69	46	-48	0	15	26	69	-37	8	51	-36	-55	-94	22	82	-89	17	71	-49	-74	46	97	-66	-10	-14	-59	69	21	88	73	77	-3	51	93	54	-32	74	1	-100	91	-16	11	43	-100	21	-96	75	76	-95	72	-81	26	-24	51	51	-76	-40	80	-40	87	46	-95	-87	36	62	28	53	-68	-40	18	-14	66	30	-84	-15	49	-92	-30	-4	93
57	17	-54	-24	-31	29	100	-64	-96	-91	-76	-81	-14	40	-57	39	62	-9	-36	63	27	11	53	46	8	68	3	-74	7	68	99	16	32	41	-28	-1	-32	0	10	-50	-13	-43	-23	90	-40	-92	94	-45	57	-84	92	73	-25	92	96	55	-78	-87	76	3	62	-39	-26	-28	-82	71	66	70	-83	0	-87	-16	-26	-28	-80	-55	-49	-71	82	21	72	-9	-91	-72	-8	-46	64	74	-55	-5	-19	-59	87	-16	-98	-34	33	7	51	-28
-88	26	89	-79	-65	-40	-7	75	-23	-98	-89	-3	-16	-94	59	-30	51	16	-50	-65	70	-63	-50	-14	9	12	-36	35	-79	-35	95	-74	98	14	-36	11	10	16	-63	-95	-55	56	-74	-14	-4	31	57	10	29	-7	-55	81	11	-21	-11	96	-2	12	49	57	55	-61	-30	-80	-92	77	45	-90	-89	60	74	-63	-1	-53	9	-6	22	54	-44	-27	9	-31	-76	-28	34	-100	33	94	-90	93	2	-20	77	-93	18	30	42	61	64	-18
-86	-66	70	-82	-88	-25	83	-42	24	62	-29	73	91	12	-98	18	16	-89	-4	-30	20	-56	22	2	62	-94	58	50	-20	27	15	62	-42	-86	-27	-85	-11	66	-4	-45	-5	23	-50	-31	-86	-23	99	25	-83	-83	-15	-30	18	-79	-11	-70	-63	73	-90	38	-22	-85	30	30	86	60	-10	-77	-53	30	-95	9	56	-62	17	74	-46	49	54	-11	64	-29	-75	71	-86	-15	-6	-68	67	83	-49	-52	40	-47	-82	-4	-60	-86	26	-32
5	3	-3	76	50	65	96	65	69	17	-98	27	-49	53	-27	82	-44	-88	74	-9	84	-54	-95	16	-65	-6	96	98	75	-45	38	11	-76	8	80	-26	13	19	-82	-35	-4	-67	43	-43	8	-83	-69	-10	-87	-35	53	-95	-76	-17	90	11	40	67	-20	-99	-76	40	8	79	-12	27	27	-82	-73	-78	-86	19	-88	-55	-51	9	-33	53	-66	-54	7	62	50	46	-18	92	-37	-95	-45	-14	-11	43	3	88	95	19	-9	37	89	89
-35	-84	-61	-11	16	-71	56	-53	33	100	90	-76	17	-46	15	27	95	27	-57	-88	84	6	75	13	-13	-95	-99	40	90	-91	-60	-46	66	26	58	-54	85	-60	-84	-61	-84	-22	-54	13	91	-31	-3	-47	-93	-47	28	-98	8	73	64	36	11	45	-62	-17	-79	-17	83	67	-76	64	-52	90	72	-21	-36	-63	-19	16	88	16	26	-46	-54	29	-74	-5	60	-78	50	4	-73	28	-10	69	-6	-100	-49	2	-75	-51	-58	0	-81	-27
52	59	40	38	46	64	-1	-78	66	-20	63	-58	88	-38	-9	70	-8	92	-18	-32	-27	-15	7	54	-99	-30	-91	-89	90	58	53	-48	-15	100	33	-32	74	-34	67	-10	92	-18	4	25	31	-26	-14	18	-64	-85	65	-3	1	48	-77	-59	-25	-52	56	-16	56	-73	-60	47	6	-95	-72	-31	89	68	28	-50	-20	-46	29	-32	-84	94	3	97	31	87	-5	53	67	-94	68	-26	-80	15	15	-40	-36	-100	-39	-41	-48	-71	-32	88
83	-23	31	29	53	-52	92	62	64	73	-30	9	88	-40	-40	60	52	67	-16	60	-51	81	-58	-72	-83	-32	93	5	-15	-12	-72	-82	46	96	3	27	5	-69	-91	-78	-27	37	-56	-15	-63	-27	-93	-89	-51	-45	31	-53	-81	-92	-69	-88	43	-30	-13	-44	-100	9	-91	42	-12	-34	84	8	-92	-28	-46	23	-11	72	21	-21	-82	-70	-77	34	29	60	-88	-7	5	-74	-82	-90	-20	-35	-69	48	70	20	-13	-55	54	-92	-55	0
88	97	-68	-42	-39	72	58	33	86	47	30	-74	-62	-95	98	-53	17	-89	54	36	-33	50	-41	60	7	5	52	33	83	-45	72	94	4	21	41	-28	94	74	78	99	37	70	34	-80	83	-83	-99	-86	34	53	-41	-29	72	-83	-63	-50	65	48	-89	60	47	59	-73	-1	-46	-29	55	-83	-75	-25	-67	51	36	-59	54	-14	2	71	95	88	-43	-7	9	41	-67	-61	13	10	65	11	15	51	52	-27	82	34	50	68	-81	-62
61	-100	-85	93	-56	86	5	91	26	65	-11	89	-96	30	-97	27	39	4	10	1	-11	-73	-5	29	29	34	61	-73	-68	-57	10	-42	-31	-55	82	23	-40	46	-82	65	-5	19	39	77	77	-78	85	39	89	-41	-94	9	-75	80	-20	-67	-73	31	63	77	28	-11	-57	-57	-90	9	-18	3	51	-44	79	47	-89	72	-42	-25	96	-65	-44	-84	-12	78	-23	-90	-8	-81	-83	-63	-26	-99	-53	-54	90	78	-15	56	-61	32	62	-3
90	97	72	24	-30	3	-98	43	-29	51	-45	-68	100	-28	-81	41	68	13	45	-79	74	80	-65	78	-76	38	10	-90	40	-43	-9	40	98	9	-33	9	-58	59	-34	-47	-59	81	-79	-58	-10	-22	-3	-86	95	-87	50	73	-73	-73	-40	45	-98	-43	42	36	34	13	90	99	-42	57	23	18	51	-74	-24	25	46	6	-69	-33	-28	19	-89	15	5	32	33	64	86	-54	-94	32	87	57	6	-60	-31	-85	-22	43	-77	77	27	-88
-57	-8	-46	-2	72	-5	13	-98	-95	-69	54	-18	-11	-76	-5	75	-79	-43	80	-11	-31	46	95	-4	68	37	96	30	-54	90	-90	-15	2	-52	53	50	-51	86	-43	-46	-49	-87	12	-15	53	19	27	-55	70	-97	-47	-75	-52	-66	-29	-28	88	32	-58	47	-20	-6	59	25	-76	85	-68	-42	-1	-90	51	8	56	-67	-77	-37	-64	-93	-22	24	59	84	-64	-5	9	10	19	33	-4	-100	-60	-39	68	-29	-25	-73	-46	63	-75	-72
-72	52	33	-5	89	-68	91	51	-11	-67	38	84	96	25	-9	40	-17	-22	93	57	-77	-75	16	89	38	-80	68	-50	0	70	-67	-56	91	100	-33	100	54	-99	-35	-16	-58	-22	1	-62	-52	-76	47	42	-86	-98	-24	30	27	7	-61	-29	-72	-60	-17	70	31	25	32	-21	-67	-2	83	25	-44	-43	11	90	32	51	-54	-26	-3	50	-35	31	-42	-39	-45	-94	63	15	98	91	-27	-84	22	-6	-66	-98	2	-96	-44	-8	-100	-68
