0	-53	-24	86	40	-30	47	45	56	-40	-58	-17	-85	-18	63	-79	71	47	63	-92	-79	21	-89	-54	33	73	-97	-80	7	-94	-15	83	-69	-95	81	2	-26	-76	11	-91	85	15	38	-35	41	-27	-26	56	49	-90	86	20	-24	-78	98	35	29	-87	-55	68	-93	-37	-86	-50	30	60	-59	-70	-70	9	-95	-71	-70	-88	-60	21	-26	30	55	-66	-39	-99	-4	-41	-81	87	80	21	-69	-4	54	42	-72	88	41	38	-6	14	44	80
13	-54	-88	64	81	64	-91	47	28	-77	-74	-50	24	-77	-88	18	67	69	-69	-14	76	-28	-59	-9	42	83	-82	-44	-42	24	56	16	50	-85	19	-67	-46	-53	-95	-87	34	-53	-80	-78	78	82	-68	6	88	-66	1	64	47	83	-27	-92	-10	-90	42	91	56	-66	-54	2	68	-50	14	33	61	-91	-20	-18	5	-59	42	-32	-31	38	83	-21	-48	-97	-32	28	-8	28	26	-17	-11	24	93	4	60	-45	19	81	-12	-81	-32	-21
89	-18	32	-10	-89	-24	-86	22	44	97	-24	91	44	3	-10	90	-98	85	16	-21	-39	76	-21	40	-1	6	-68	65	48	-58	-21	-44	42	13	94	92	-56	22	3	-27	29	-86	-100	11	85	-34	-12	99	-48	-27	-71	79	84	81	34	25	72	-76	-91	85	-31	-33	-2	-68	-17	28	-9	70	-33	9	57	36	9	-47	-21	81	20	37	-45	-72	-17	-70	-92	6	-17	-63	-89	-91	-72	2	-41	28	96	42	40	-57	-67	58	-32	69
86	49	-32	33	25	-90	-33	43	27	44	-99	-96	-49	-4	-44	45	24	43	66	36	-23	-26	24	34	61	-94	78	85	-11	48	-52	-81	-77	-93	-54	36	4	-60	-87	97	74	40	-51	-32	68	19	-96	45	-29	32	41	85	-70	38	-30	-52	50	68	-94	-88	-17	-24	-28	-99	83	-57	-41	-57	43	-6	-40	-7	-54	60	-71	48	-57	-5	21	22	-96	30	-65	67	-39	-92	-57	39	60	79	30	74	-23	-90	-27	0	67	-16	78	91
78	89	75	24	61	-89	-98	-46	88	-69	69	-57	82	90	88	90	-19	-55	30	-53	86	-19	93	-40	-63	12	81	23	-81	-60	53	-30	-98	38	43	-37	-10	100	-9	49	-24	-92	50	30	78	-35	8	97	-55	27	-47	90	17	24	-29	-65	60	76	-99	-42	-66	-86	20	-22	63	-66	15	-81	-99	-16	-64	10	52	-54	-95	-41	-23	-43	44	46	53	-79	99	-41	-84	-91	65	-73	33	59	68	11	-19	-25	-23	-33	-92	-73	71	-70
57	-96	85	95	63	13	-65	22	-15	0	17	47	-13	-56	-56	29	-88	-78	77	90	-62	-58	86	-55	16	55	87	-29	-85	13	66	9	29	46	24	-70	-48	-41	2	-70	49	-56	-42	19	53	-62	13	28	34	18	58	2	66	90	25	84	-29	-99	-69	8	-44	-33	-84	-67	-34	-97	-42	83	25	-2	41	24	-94	100	-28	56	-22	32	54	23	6	37	-92	-90	37	-60	-50	-86	66	100	-32	23	-6	-17	-72	-58	-37	-34	77	-92
94	58	36	-36	68	53	-29	-29	-80	-20	-68	42	25	-85	-55	-98	-40	-80	-20	35	-15	-43	-21	46	-91	43	79	-94	-64	36	73	-73	-39	-28	-93	-25	65	-34	-8	2	-5	13	20	39	-32	35	35	91	80	64	-63	90	4	96	-33	81	52	42	-45	96	16	32	-41	29	3	-75	-18	-47	54	-41	-81	90	-55	53	9	11	-98	-66	100	-56	-29	-25	35	-79	-53	-78	43	-20	-43	-59	14	67	-41	48	60	85	72	68	-17	-14
24	-69	-91	-11	-44	25	61	-52	85	95	-25	28	72	24	-60	-38	-70	69	19	-99	-63	32	83	-97	-47	-13	10	-89	-93	3	-67	67	-81	-56	71	-63	-23	10	-14	-31	-71	-21	-2	-24	5	-33	60	65	-90	-10	24	-32	-19	63	-2	14	-3	-6	44	-20	-18	20	7	-57	-68	-7	-2	90	-99	22	-74	-40	-7	-73	28	65	-61	-16	-3	-74	3	-18	-87	82	29	-47	4	76	-14	48	-76	-87	-78	-31	-31	26	4	-6	48	-37
-71	-90	-92	80	-24	-19	15	-22	-33	-6	-11	3	-86	-55	-99	-28	6	6	69	-55	-90	4	75	86	94	17	22	-59	-72	89	-37	-59	-47	19	62	-21	91	57	48	82	51	-58	-5	-64	8	7	-35	-99	52	-32	-39	77	61	13	-81	-4	-18	45	-25	-14	-14	-64	-58	-35	87	60	0	-99	70	-14	57	-16	58	-40	-42	-51	8	80	75	14	89	-87	-18	80	36	92	-65	90	45	-76	88	-44	72	84	-48	18	-71	29	55	52
89	-34	-74	-61	24	-73	-63	-22	22	60	-38	-50	-28	-89	-39	31	-29	98	-88	-33	99	11	71	-87	-86	84	46	32	47	-88	-38	-4	-81	-42	68	90	-64	-50	52	-77	-81	-93	17	47	51	-58	-80	-22	77	-68	29	11	-94	78	-90	47	-65	-66	-25	57	-41	100	-96	74	71	-1	-58	-89	-25	-76	-34	-96	44	-83	18	-99	31	-5	14	-53	44	-88	72	-13	33	-88	-64	11	84	-27	-84	22	54	-22	-9	-49	68	89	53	-52
-49	86	-69	-42	-20	-58	-91	-18	51	-29	-59	-11	23	39	35	-79	-35	-98	-100	-19	-22	-7	55	20	-19	93	-95	99	-6	90	-51	-63	95	6	29	-32	29	-29	-44	15	28	-46	65	-54	88	50	70	-34	-16	29	21	61	37	8	46	29	80	-26	-67	97	-26	35	-17	33	71	82	53	58	-53	-7	-79	-40	-46	90	26	94	0	27	33	12	-68	92	63	-14	-55	-94	-35	-20	54	14	-54	98	52	-93	66	48	-82	-6	98	-18
11	-50	61	-89	-100	-10	-63	40	36	-25	-37	82	-13	11	53	-94	-70	-45	25	-58	-26	-28	37	10	7	-81	86	87	21	37	-31	23	-65	55	32	-51	-92	48	-5	-13	50	85	-17	89	-72	59	16	-56	-16	-20	58	77	3	-89	92	5	-48	-54	72	-59	75	-9	-67	-49	-99	-87	57	-4	0	-28	-88	28	18	-51	-22	-11	-84	-26	-48	32	-38	-91	4	4	74	-11	-23	-7	-26	53	62	-92	-94	86	0	56	-93	-52	-42	-74
51	37	-15	-25	85	32	86	-84	88	-23	9	88	-8	14	59	-89	-7	-23	-87	-53	73	-35	1	100	0	43	-90	-43	-66	-79	10	-12	38	-26	-22	-16	98	-28	69	62	-61	-27	-95	-96	-14	27	-47	82	58	-72	-100	-27	46	-81	33	8	77	33	24	-92	52	-91	-18	0	32	-48	-8	-62	38	50	-73	85	-69	-83	-85	23	32	9	-23	-27	96	2	49	-25	68	86	-94	40	58	-50	-27	-59	2	-96	-91	-55	61	79	9	-61
-12	-99	-95	-28	74	71	72	33	-72	23	-24	74	91	35	-92	96	-7	-66	57	-46	10	-75	38	72	-73	35	85	-64	-41	86	-5	86	94	6	53	18	-64	-71	-53	53	35	48	95	-2	39	40	-54	-54	-19	90	4	55	31	18	-76	-59	91	19	81	-28	83	6	-70	50	-100	-73	-87	-80	-98	78	-7	47	62	-78	-10	56	27	-37	10	-90	66	92	67	62	-69	-97	83	6	27	16	-68	-60	55	-59	0	2	-38	49	52	65
-24	67	-61	81	45	31	95	-49	54	-28	-84	-40	89	-69	89	-83	37	-65	40	-85	-52	79	95	-6	-14	88	71	-30	36	-64	-11	-97	-99	41	53	-29	71	39	-5	-86	-2	-14	30	-16	47	97	37	3	-32	80	-71	-68	-96	-18	-10	-80	-14	6	-58	49	56	-78	45	71	-61	96	-3	-86	4	82	77	43	-56	67	31	50	46	99	-42	-42	34	-38	-21	-5	-16	-43	-28	72	-46	-62	20	-75	-70	-55	-56	-8	18	32	33	-49
27	-4	-60	86	76	-14	16	49	44	29	-60	-96	-77	-30	-12	75	70	-83	-68	30	-26	-60	100	43	80	94	-52	-73	38	78	63	52	-93	55	-15	97	61	76	-5	-81	-45	70	-71	-47	18	53	19	-81	-35	25	60	-66	-21	4	-30	96	74	-70	-67	-94	41	89	20	33	-47	54	-33	-9	-51	-94	-68	-66	-100	77	-47	0	35	-3	0	83	-36	-80	-17	-53	17	69	59	99	18	4	2	4	-42	-13	-24	70	47	89	-22	-66
19	-72	55	21	42	21	46	-81	-55	84	66	-68	24	13	-7	-80	-48	-44	-70	-22	85	-87	27	84	-21	95	-45	-40	85	-9	26	98	82	86	93	93	77	95	40	5	3	-3	98	-27	85	87	-26	-69	-34	-82	-29	-19	23	-76	65	13	-53	68	-4	0	-66	95	-15	-76	26	67	96	59	-99	-38	-56	-35	67	-75	14	-83	9	11	-39	100	82	-98	98	-55	63	97	80	-5	-1	87	-33	75	-57	-42	16	87	-29	-11	-4	47
68	-38	-43	48	-96	36	-64	-2	40	14	-72	-86	-87	55	-31	-32	-10	-87	-60	-21	28	-31	47	97	40	79	32	35	59	23	26	-57	85	75	-94	57	-93	-72	-83	8	-82	6	6	-46	66	-55	70	-11	15	-48	71	33	-54	41	97	81	-50	77	-88	-5	-55	-54	-50	-39	-46	49	-15	-70	81	86	81	62	93	42	36	-51	14	-98	36	-80	-81	-71	37	15	5	58	-60	79	-61	86	-93	-77	16	-91	71	-54	22	74	36	-62
-74	-86	-5	27	-79	19	67	-87	-4	26	33	3	-73	-70	47	-93	6	44	-3	-83	-40	-68	99	100	36	66	22	13	-100	19	-18	-82	-37	93	24	68	-6	-11	-46	-91	-58	89	94	19	-5	75	-48	-59	80	37	53	94	25	-57	100	70	-92	75	99	87	-69	-86	98	40	-66	56	-12	75	-66	-19	15	32	3	40	-48	-7	-48	64	48	-84	-9	-43	51	-8	-56	-53	-21	64	-39	45	-16	90	75	86	-61	-35	-32	100	-80	-72
-47	-99	38	97	-15	54	63	22	-28	80	73	12	-88	-5	-43	-31	14	-50	20	83	-7	90	-2	37	97	-85	-37	58	47	63	78	-96	-55	-8	80	-10	77	-48	19	52	-77	48	52	12	-66	5	25	49	70	79	74	-48	-89	-26	69	-43	-70	-42	73	-29	87	-24	-73	84	-4	79	-23	43	68	75	-84	-88	-47	58	-91	-52	-66	30	92	-28	80	-48	66	79	-72	-35	-56	-60	98	-70	17	-85	97	39	75	85	-18	-48	-13	-58
54	-71	-42	38	-56	66	91	29	-92	-11	80	-41	69	58	-38	-81	-79	-44	27	-14	-12	-25	56	-48	68	45	-53	-58	99	-63	-1	-14	-18	-77	95	56	-92	-33	-49	51	30	45	58	40	25	37	51	7	55	33	82	-48	-96	-27	31	28	-63	-83	-67	-97	-47	-27	44	-49	-14	-1	-100	-44	75	-100	-34	-87	18	-52	68	29	-98	14	96	99	14	69	-25	69	-63	-74	-39	69	77	-77	80	100	-82	-17	-21	18	-44	2	-72	59
-39	-4	-76	94	-18	52	-53	17	62	-26	28	46	7	90	-54	18	9	-7	-16	-53	69	57	31	-51	-69	3	-78	-75	-36	21	-19	-28	-64	-76	-24	96	17	-50	76	-18	-42	73	-66	48	-38	-95	92	50	-16	-99	11	-73	81	-53	-15	-75	79	4	25	85	-28	51	28	60	93	74	67	37	23	81	67	-77	-56	-82	-43	9	-86	-43	-10	15	33	-30	99	49	-54	-34	90	-93	-52	-73	-18	-27	-95	-99	31	33	25	-6	29	-9
-68	37	-53	-18	18	25	-61	-46	60	78	62	78	46	-13	92	-94	87	31	62	62	-86	-96	-49	-80	54	-13	-77	64	-68	99	24	-43	60	88	50	-98	29	29	-64	14	29	-46	95	-74	73	34	27	-17	86	-48	-78	86	-54	26	-21	16	35	85	-99	-67	-40	-46	-39	50	10	-22	67	-62	-46	93	-15	-27	88	-92	84	37	94	-48	40	-32	43	-72	-70	-50	-43	40	-55	32	-46	4	12	97	80	33	68	-55	81	18	10	-33
-48	-25	-50	100	-89	73	-41	-49	-49	-67	-75	54	8	-60	-46	84	-1	-13	32	89	15	72	-68	-83	-57	-33	41	51	2	81	-33	34	10	38	-42	51	57	42	20	64	-39	-51	-16	1	67	-14	85	-7	29	-97	46	-60	24	-41	23	-91	-15	-72	-33	63	-82	43	-33	-23	65	66	-77	83	32	89	-52	-72	-45	25	7	-32	87	-49	24	95	-77	27	55	86	-40	-72	-84	-78	-28	46	-70	47	85	40	62	-14	-84	62	-3	55
-7	-37	81	-24	72	-85	75	54	-22	-81	43	-64	71	-7	-48	-10	37	-16	-60	58	70	42	-9	-28	-57	8	66	-4	42	-82	-51	-75	-38	23	100	-66	0	75	-25	-88	15	-17	-67	-87	98	-72	-24	-63	-60	-38	12	-96	-71	33	-21	56	31	20	-70	-79	-98	-42	84	-52	84	-36	-80	-17	-93	-20	-56	73	99	7	-44	-4	58	15	80	7	-13	18	95	19	57	-61	51	-11	-8	-40	39	-14	-77	30	-63	81	-48	67	-53	36
23	-93	-44	-69	59	32	-61	74	-31	64	-80	21	-98	-34	-22	68	-24	-28	-76	-24	88	-21	-31	83	45	-29	-45	-38	84	2	17	29	-2	7	67	73	-45	-39	86	-97	-8	-37	-3	54	-25	40	48	88	90	-15	61	-32	0	39	-78	-98	100	-60	-41	-30	71	-86	86	15	-39	65	-19	40	91	-33	3	83	-40	-28	-79	97	5	10	-1	76	-16	79	-15	32	50	-74	-88	-36	90	49	-59	-80	-83	61	-36	-29	29	-13	-83	24
-42	-15	-82	-84	77	34	17	4	-1	-91	40	40	6	41	73	-33	38	-75	73	-12	9	16	-26	-1	-22	-75	-21	-51	-4	86	-77	43	-96	34	-11	-59	-17	87	-98	-1	81	-39	-47	-74	23	37	-63	60	-13	41	-26	-83	-72	88	-37	15	20	-45	-92	-77	38	-80	74	-23	72	25	-76	7	-67	-55	12	-27	-98	-52	52	-90	51	-23	17	-86	96	31	2	77	-36	-18	-16	80	93	-24	-32	-67	-49	44	-19	-100	59	-54	63	11
-25	-23	-10	77	72	-92	50	-73	-90	-48	-34	-62	-2	-34	-59	-67	98	63	-27	94	-99	44	40	11	-5	-67	12	-95	54	-70	-49	94	33	69	65	-35	43	63	15	53	45	-54	-78	78	6	42	77	-54	-35	61	30	-82	-73	54	27	-81	-88	49	-70	-80	90	26	-51	-16	-32	33	-95	-39	89	-33	75	-86	-86	-12	16	68	45	59	-49	3	-18	34	-51	12	62	38	-20	100	1	14	66	-40	-29	58	-67	86	-5	-39	-65	-91
-71	62	-42	4	26	-62	-99	-49	-28	-63	46	-41	3	-81	51	-8	-28	-43	78	87	-19	-32	22	61	39	8	62	-64	-42	71	31	33	-6	-4	29	-31	-91	-80	44	55	92	57	50	11	-79	-3	-71	33	-39	33	-4	-11	69	-31	81	-16	5	-46	-69	80	74	-19	49	-64	-39	-97	90	-94	-35	-64	-30	-68	93	79	-78	26	-46	94	33	-84	-49	94	28	-77	36	-80	50	9	97	94	-98	-93	65	69	15	45	67	97	-52	24
-36	69	95	21	-37	-98	95	62	99	-14	47	-40	27	86	99	-85	-87	33	33	72	74	3	39	87	-81	-30	-1	-67	-45	67	50	31	-55	19	-36	35	73	-22	-85	-23	22	-91	-100	-6	-50	0	-60	90	25	9	-43	-84	-64	5	44	-55	15	67	100	-14	-28	-87	98	23	88	-22	20	7	-32	-49	5	-37	22	12	32	92	35	-63	-42	-46	33	-81	-45	86	-95	28	-92	-54	-14	-87	38	80	99	-45	-31	92	97	71	14	77
78	5	-32	26	-3	81	-59	31	36	-45	-70	-93	-65	-2	-7	-29	-24	-71	-99	45	-35	-58	66	27	-17	16	-90	-66	30	-43	-48	23	82	28	-42	51	-53	-33	-45	3	-10	18	25	-61	-12	-51	72	-70	33	-38	9	67	27	-55	-38	-7	-12	-89	34	-3	-56	-61	50	13	-54	-81	-69	-50	-36	-34	-14	57	27	72	28	69	-91	2	-22	65	76	70	-32	89	91	7	-62	-74	-97	24	40	-35	-28	-84	-32	-44	60	59	14	19
-29	-95	41	72	41	87	11	33	40	23	-65	51	89	-56	-69	90	33	-65	-7	-52	-56	-96	-67	-84	94	62	-84	-69	84	47	-2	-35	-75	-54	82	-9	59	-74	91	-94	95	69	-1	22	22	48	3	-20	44	-2	-41	25	-94	80	-41	89	-11	-1	-48	-65	-20	56	62	79	90	-8	42	-85	-91	-88	12	7	34	42	85	2	72	48	-29	90	63	-32	-77	50	-27	-29	-22	-5	84	-26	-63	27	-53	19	-32	-44	-39	-1	27	64
56	-91	-48	-24	-15	72	70	40	-17	30	54	3	-100	7	66	22	34	37	-50	1	84	76	8	16	46	80	-45	-77	100	54	-44	88	73	-33	84	54	98	-24	97	46	-99	-42	45	95	25	84	32	79	71	-27	-28	-70	-40	-54	85	22	-14	58	-5	-14	-88	-43	4	-80	-45	-61	-24	4	3	-89	23	2	77	-97	18	-49	3	50	54	76	-87	16	-96	85	-33	-91	6	-77	95	88	-16	-25	100	-61	1	67	-99	-85	38	-21
-70	96	96	-100	-95	100	13	83	69	-69	92	47	-57	-60	9	86	95	99	92	12	99	29	33	-68	-46	-58	-80	48	79	62	99	21	-18	59	17	82	-69	-67	-97	-100	-40	18	74	16	-96	41	89	33	-72	18	-2	34	84	-84	9	-55	-72	-4	-10	-91	32	-55	-93	52	-84	-80	71	-48	-98	96	43	49	21	-8	-14	83	22	-30	49	-5	41	-65	58	85	53	23	40	5	86	52	-88	-15	65	38	-31	29	34	32	73	-65
84	60	23	-54	-80	36	22	5	48	-56	-74	22	-71	69	-26	56	59	32	-74	-86	-83	-48	3	80	-79	13	-91	-14	19	-20	-71	-88	82	64	93	-55	97	-41	-51	-87	100	8	37	50	92	4	-30	-47	64	15	82	68	78	89	-75	57	-16	63	-98	35	47	-26	64	74	-68	24	61	-84	35	46	-28	26	-73	-42	26	-96	52	44	-63	10	11	26	-52	1	54	-84	-95	20	-1	-27	-58	-83	-25	53	35	-96	72	-73	76	87
-61	-14	-16	77	-46	-93	72	-50	35	82	66	-14	-50	-94	60	-77	88	-40	78	-91	47	-34	24	-80	-5	-28	59	-81	26	-79	-3	-23	66	-27	-51	-60	-96	83	10	-100	92	91	16	-69	5	-16	86	44	44	-9	84	93	-86	-30	1	-36	81	48	60	27	-99	17	-57	31	-39	53	-49	34	-57	-34	71	99	-66	-70	-45	28	21	-8	-31	10	18	-84	93	-96	-87	51	-83	17	-34	-22	41	37	-88	73	-88	-17	31	27	-96	99
74	-9	-36	-52	33	-72	-59	80	97	86	5	18	64	78	27	-3	77	22	-52	34	-97	42	71	-42	51	-60	-33	-82	-76	17	87	-91	40	-36	1	35	44	-74	94	49	-44	13	11	42	18	-6	89	26	-6	-75	-12	-40	-64	84	-48	99	73	-57	75	56	1	-43	65	42	24	79	-14	-9	54	-89	97	-59	-90	28	-53	-49	68	-99	-97	21	-73	-3	-36	-18	-18	-50	-34	-82	-81	-27	35	-56	-26	-41	-41	-91	99	77	21	-73
82	-36	-28	-30	38	85	65	-4	54	-63	-43	77	92	58	-84	97	56	-1	45	-75	39	-88	-34	-97	-96	27	50	21	45	56	-37	-91	47	86	-39	-6	-63	4	23	-80	22	-68	-64	-87	-84	42	76	-2	62	20	26	70	46	23	-61	-68	-90	-88	-39	-6	-34	-76	-90	85	-82	60	-27	90	-42	-76	56	69	24	7	18	-45	62	-18	-59	49	90	-30	-46	-22	-62	-59	7	28	97	36	-80	-37	51	90	64	-9	55	4	-78	76
49	69	-39	4	-49	36	16	-20	-95	-76	54	-37	39	38	-91	48	8	-68	-36	-85	-77	-65	-20	-78	-94	-29	23	79	-58	-74	-30	-53	12	-84	-27	-45	9	28	-53	-47	-31	-62	-79	92	11	-54	-87	65	35	-75	40	89	37	-51	-1	-52	55	51	8	72	-29	-68	31	15	-75	-16	-4	89	-88	77	-77	-12	67	-56	-64	50	20	-26	-87	3	-9	95	12	74	0	54	-43	-30	-37	-62	31	-58	-3	-13	-32	-19	39	94	-11	23
-76	-11	-20	-37	-18	78	27	11	57	-29	-18	-6	-34	-9	47	55	-11	65	-41	79	30	-54	33	-50	57	-99	-1	-98	-20	0	-95	22	-68	91	3	45	-56	30	-80	-74	-46	-17	13	95	-12	76	-58	-16	55	69	-81	-89	51	92	42	75	54	84	34	16	-65	66	0	-17	45	-9	-43	83	-58	-18	-19	7	84	91	90	-51	46	-42	79	-2	84	-10	89	-98	-22	-92	14	-68	-1	-84	82	89	46	96	93	-56	78	-15	2	-34
-19	83	-23	38	-93	-66	-51	97	49	-50	-85	54	-16	44	-18	13	-56	8	-31	50	-13	-35	-79	-45	-63	2	59	-61	-14	51	34	15	46	-67	43	37	34	-75	28	43	7	72	-72	68	-88	0	-58	63	73	96	33	23	2	91	67	-51	-93	-59	20	60	63	-35	67	-92	-68	13	87	-57	-95	70	-72	-5	-57	59	21	42	91	-83	27	26	37	39	0	7	52	90	57	31	-15	-20	-63	-46	-58	1	26	-16	-65	-4	74	-61
-59	37	45	99	94	27	-76	0	47	26	14	64	-59	79	-74	-96	-65	-33	33	67	64	-97	-20	97	-11	-16	-81	99	-96	43	46	4	-87	31	4	-10	-48	-20	86	11	84	-64	99	93	-98	84	90	-41	-83	-90	-3	73	100	34	11	-62	68	20	-70	74	-90	59	-9	97	-16	20	-79	33	-38	-8	38	-77	-73	-7	71	-83	21	-64	47	-75	0	11	-64	12	-74	6	-77	-97	-86	42	-75	64	2	-56	9	-86	-28	23	91	16
-68	100	-22	21	-34	-5	-58	-40	-97	24	-39	91	-23	48	31	5	9	4	-35	-52	-49	86	93	10	-37	-58	-5	-60	-77	-1	-89	88	-87	-17	16	-100	-6	-40	81	-91	-23	94	13	-35	-46	67	-88	-78	-66	37	-83	19	84	0	20	-52	96	23	71	64	65	-87	-69	69	-58	33	-10	-46	-48	-32	52	85	-6	64	-89	42	-76	94	-1	4	27	-50	14	-95	79	-53	9	87	98	-34	-13	-23	4	1	85	9	-54	43	27	60
-59	9	68	18	92	52	83	-61	-83	18	24	9	-25	-51	-18	-53	2	-88	-91	92	28	-84	98	-8	94	-82	4	53	-50	-13	-17	85	3	68	28	-38	95	12	-4	72	-30	18	48	50	-12	88	-75	-64	-3	38	-46	-26	-81	44	-29	62	-35	54	91	83	-11	6	19	1	58	-33	-13	-32	-31	-10	79	44	42	-31	9	3	-18	35	-70	12	12	93	-63	-47	83	-55	9	80	81	92	-49	-97	83	64	45	85	-53	-51	2	-68
-100	97	31	-100	90	19	26	10	80	84	-48	-17	64	9	87	-80	-75	2	-74	-46	-66	-68	-79	65	-73	41	-29	59	84	-2	24	97	95	80	-49	-10	28	-90	48	-77	24	36	76	56	10	-3	-77	61	-52	-91	-52	-36	71	30	8	-51	63	74	-20	61	-37	-6	45	33	51	22	27	70	96	-75	12	37	-54	-96	73	-66	-25	-26	-24	-12	93	-55	-100	21	89	40	52	-15	19	57	14	-65	-77	-60	44	-22	66	72	90	48
-84	-81	94	72	-26	-69	-96	29	88	-10	-69	33	-38	-39	63	-58	39	39	13	-15	66	-47	-6	-83	56	78	-32	86	66	-53	-53	95	-28	-63	63	94	14	77	40	-16	96	35	-58	-52	55	-64	40	-71	-99	84	39	1	-86	29	-48	16	-73	-39	-88	25	69	-2	65	93	22	-84	-69	-97	89	79	84	-3	-69	91	-2	-53	26	95	18	91	68	-56	63	31	-75	71	69	92	62	48	86	-53	94	-25	94	88	62	-37	13	21
2	26	-14	-2	-21	-94	-45	78	100	22	-78	5	54	-83	-11	-26	-22	5	-6	-27	77	13	59	68	-80	-81	24	-69	-44	-96	32	35	88	57	20	-51	-54	88	-97	2	-34	-81	90	-10	-4	-63	-43	-50	5	-10	60	-42	93	37	-49	59	-79	-75	-10	-17	96	-100	-77	-80	36	-10	-8	-14	44	-97	-6	38	-33	79	99	-49	-84	27	-28	93	-72	-68	-14	89	48	44	9	-31	55	-49	86	50	-73	-43	-82	-35	14	43	-98	56
25	49	-20	-35	-100	90	78	31	1	-62	10	-20	71	14	99	4	69	18	-44	56	-90	70	-9	60	29	-5	-64	-2	52	82	12	-4	-99	96	-3	17	99	85	97	-3	-40	-42	16	89	-82	20	-27	88	47	-72	-17	-24	77	-99	-11	-58	-44	66	-57	-69	-35	32	-1	-80	38	17	11	90	20	-4	-80	25	-66	-41	18	55	57	-16	56	27	74	-78	-62	69	-76	40	21	-29	44	-3	-82	88	15	-73	-35	28	-31	-18	27	37
-7	-55	36	-7	-10	24	-58	2	-2	69	-20	-2	-18	-87	-83	-67	-18	-32	44	42	88	-90	-49	43	-12	28	-1	15	-2	47	91	13	56	45	-92	-79	-88	-4	25	69	89	73	-32	-35	-72	81	-68	-82	-86	-14	21	-20	46	68	-22	58	61	-12	80	47	-68	48	41	96	-61	-38	41	-95	56	44	75	-53	20	63	-26	85	7	-23	63	-83	-5	63	-56	50	-78	-7	-6	2	-51	38	93	-80	-51	76	9	47	55	66	-54	46
-50	-81	21	19	56	-31	-97	-4	-56	10	-7	95	-80	-33	82	1	11	17	82	-37	-40	36	-3	34	63	100	75	-74	26	-16	-30	-89	-38	-67	37	-12	-93	-80	87	53	-68	37	0	72	-65	83	-49	-96	-34	-27	3	-45	63	-16	3	-15	-6	-25	-81	72	98	39	-95	-43	-63	-1	63	7	-33	-6	-50	80	25	32	-54	-93	-81	-63	90	-38	-68	-43	-64	-48	30	-70	-46	-93	-100	-100	9	14	50	-72	-53	-10	-41	-14	7	95
-11	62	-89	63	42	-55	-57	-80	86	65	-75	-48	49	91	-92	-72	13	27	-77	-88	25	-100	27	78	25	-60	17	38	8	-99	75	95	80	24	-41	64	92	33	95	-87	-17	-62	8	4	-46	-83	-16	-92	-83	-20	73	-47	64	90	-34	90	18	-65	22	-39	-80	33	-17	45	-57	44	64	-41	-34	-89	91	-30	-76	-34	54	38	42	0	50	35	-20	-7	23	0	26	-5	-13	97	63	12	-48	-40	1	41	-91	96	91	60	-41	44
-46	96	-78	-45	75	-33	11	18	-18	-39	34	21	7	28	-74	87	88	22	43	-11	88	7	-63	27	10	-2	86	30	-82	61	-31	17	24	-92	-41	-71	54	-1	-32	92	-52	-47	16	39	23	41	-39	80	12	-15	-62	36	60	-51	-13	-63	-74	53	62	57	2	-69	-80	33	-7	20	6	43	-46	88	-11	-73	8	64	-20	-96	-94	-80	-71	36	71	-17	-60	64	64	-97	94	30	-73	19	17	-63	80	3	55	89	-24	50	-83	-49
-36	30	-88	-47	-65	-100	34	39	45	-59	-30	-79	22	-14	1	-35	18	20	-24	-33	89	-7	15	-27	56	49	77	-67	-55	-72	16	-21	19	35	59	65	17	85	35	47	72	53	-24	-28	52	-44	80	59	63	-43	-60	83	-42	31	67	23	35	56	-62	-78	-67	-12	77	-70	9	-8	34	5	3	-17	-35	-5	3	-85	-58	-58	-31	6	100	-15	82	-88	-99	-79	-62	-51	49	35	82	-27	-34	-95	-68	-100	55	-19	-25	63	-19	-99
16	-94	-2	-35	-61	-45	-76	-87	74	-57	51	83	92	55	-92	-62	72	49	36	53	-54	15	-100	41	97	66	-11	-64	89	58	-76	-78	-63	-60	55	-33	19	-9	54	9	76	34	-20	-15	69	23	22	89	-31	48	71	83	-20	71	-88	30	-35	-5	-50	86	-82	-33	-84	0	-52	-4	43	12	30	9	-19	-81	-74	9	-37	24	52	96	33	84	-69	63	12	-35	-9	46	-83	57	31	-29	63	-42	-46	-86	100	63	-57	37	-1	79
-95	9	23	-70	-29	-83	51	-95	32	-42	66	-9	-34	-41	68	-91	97	-52	29	-63	4	73	56	-12	-48	-35	-47	-81	-28	-81	-95	11	-14	-3	84	86	-20	50	-80	-70	-49	77	-52	-29	-75	-45	5	84	-33	16	77	11	84	-23	-93	21	0	-67	-42	30	80	-72	10	6	-49	43	-72	-73	-50	2	34	39	-36	-82	-26	30	40	-78	-21	-62	-39	-6	77	92	-25	47	-69	14	40	73	-27	-45	-52	-100	-53	-42	-28	-71	62	-17
-58	-57	-95	-28	72	84	-79	-49	22	94	-96	35	-89	33	38	-82	100	-81	55	-94	-15	42	-38	-91	-97	-74	-61	-68	4	94	-18	-53	-69	50	5	-67	-43	17	-23	64	-15	72	-23	-34	-41	-92	-8	58	78	3	-12	-67	18	-23	-71	5	-70	87	-63	69	-53	0	-83	44	42	54	-7	27	21	80	-38	38	-85	48	87	40	-38	-37	-45	84	-49	48	52	-99	-79	49	57	39	43	45	22	-48	-81	-71	65	-63	71	-21	20	-73
79	-80	-63	35	-42	87	-73	43	-78	0	-21	-81	-86	-71	-12	-68	-25	-88	-90	-26	-35	42	-34	91	66	91	37	90	37	-86	39	-20	-69	-99	56	-61	-14	-1	-65	-49	25	-39	53	-60	-79	24	14	-44	66	-68	77	-31	-58	-79	-76	59	83	1	59	85	-30	-97	-13	20	-56	-74	-19	54	-44	-87	-28	-29	50	69	91	95	37	-78	-43	-35	60	67	67	41	-81	-46	27	-91	-22	15	-79	-31	25	-32	89	-66	79	99	43	68
-93	-48	-74	15	-31	46	-15	55	79	98	-89	-53	-81	-60	6	67	-27	63	54	13	-2	97	48	62	-37	71	40	-30	17	12	45	9	-72	1	-79	-17	59	10	-70	54	72	-37	54	42	8	-54	79	-3	-21	98	65	-93	-99	-50	-53	-43	42	91	1	-91	8	-98	-82	-15	35	19	86	2	56	-43	91	75	84	69	72	-75	49	-25	-46	76	11	79	70	-14	-49	-47	-78	99	52	-64	-85	82	-41	-54	21	-44	-22	-47	6	1
-85	99	-92	46	-11	-91	87	35	-68	28	-19	19	23	-80	59	6	63	-6	-69	-5	84	59	38	-99	-44	-87	61	-90	86	78	35	53	36	91	-66	-32	-93	-17	-13	55	59	11	99	74	-49	22	82	14	95	12	60	-44	-24	-31	-66	-89	13	-6	-43	59	97	11	9	-69	-17	-96	78	29	92	-31	41	8	4	-68	90	43	-28	67	-66	30	-58	26	55	-98	-10	51	70	6	40	100	-46	-27	-39	23	0	24	-5	6	89	-21
-52	-66	-59	32	-36	6	39	-62	-30	98	-75	-77	9	-19	50	62	-60	8	-31	65	-53	-76	-15	66	-67	-56	-85	80	33	-31	35	30	91	37	51	-19	21	-44	57	39	36	99	36	79	14	30	-70	70	-58	-61	-26	29	-77	0	-62	-92	-43	-67	-99	-51	38	62	83	66	81	-79	28	52	-64	-21	-14	22	-89	-76	-26	99	-81	51	77	-74	71	86	77	17	49	14	-23	85	-92	14	-64	97	89	93	64	67	-1	97	28	84
-57	-46	-99	-6	-35	48	17	4	-55	-88	89	40	32	-52	41	65	-52	-21	5	11	34	56	64	50	-81	-35	93	82	-50	-69	-67	-66	90	27	6	55	-31	-74	-28	-92	40	-89	-93	-6	-51	6	87	-11	87	56	-12	-1	-21	10	-75	-73	6	-37	95	-18	61	-53	97	-92	-91	-49	-55	-89	96	-44	36	-64	-7	32	65	-90	-73	82	82	23	84	18	-98	59	-27	-76	-98	14	11	91	45	57	-79	64	-2	62	-39	-47	38	-46
-30	64	70	-65	-49	-83	-89	-16	41	-68	-55	-59	-55	31	69	97	1	-88	-72	26	96	41	7	59	-34	-92	6	-40	-44	68	88	-52	91	81	-52	50	73	-86	-23	73	-51	9	83	34	-66	67	-91	-14	63	16	25	-37	-58	-27	-7	-55	67	2	43	44	-4	86	7	88	-88	-100	64	-62	-75	85	-83	56	81	-11	85	-35	-84	0	-68	-64	-51	-86	-85	66	-70	80	-63	36	7	11	69	26	10	6	-51	-57	57	-62	0	-24
67	28	57	55	29	71	-56	-65	-69	93	-93	92	15	73	71	-81	-42	67	-24	65	96	74	-48	64	-73	-4	-15	-15	-94	61	10	14	-69	-89	88	5	-78	20	0	-48	-79	-2	-85	-79	82	-38	28	45	6	57	-42	-55	-70	15	60	27	61	-39	40	-78	-70	34	-52	92	-86	79	-29	83	-13	81	-76	-81	-76	-9	5	63	5	24	76	31	6	12	26	15	20	-13	29	26	93	-5	27	-37	2	-25	-48	-4	52	-69	45	-15
-65	-30	50	91	9	79	13	-100	-64	64	78	-65	-3	-30	-93	46	34	-58	-1	73	57	-52	-17	36	-36	84	25	5	-90	25	82	18	28	35	51	79	-34	-95	53	-89	-56	-77	100	-10	-78	89	3	63	-67	-4	-43	-5	47	88	16	80	-69	10	-47	79	-93	84	55	-40	68	-78	-79	-74	14	-32	-7	-62	69	-12	-24	-99	31	-55	-44	89	93	77	-82	12	-82	-76	-64	-23	-34	-64	-88	88	51	17	-8	-26	-14	-18	-73	-88
-32	80	68	-72	-49	70	74	48	43	-18	38	-72	-51	-7	-50	-40	-26	53	48	-74	-46	79	11	-92	95	-22	56	60	-55	-71	-17	94	-52	85	53	88	-51	17	53	92	65	33	10	92	49	32	-41	-70	48	91	-64	-88	52	47	-86	15	-77	94	-38	-6	69	75	-75	-93	45	-42	81	-80	-13	-36	0	82	-81	-55	-57	43	-58	23	-16	5	-49	-55	93	-30	-30	-11	-63	-33	-20	-69	-96	96	82	-23	-6	-80	-12	-32	-95	-57
15	-63	-91	19	43	99	-44	-32	-95	-5	-45	-67	64	-17	40	42	86	59	81	76	-10	38	72	-33	96	35	-20	61	11	30	13	91	62	72	96	-42	47	-39	-37	28	89	-79	46	-83	-39	-52	13	29	29	28	4	68	57	72	7	59	-49	-47	-85	-79	63	-92	-44	59	49	0	74	33	78	-33	26	-80	-56	-63	-20	71	-68	-65	-57	67	38	48	70	-7	-64	-44	78	21	20	83	71	-10	-81	-11	95	-89	-74	-46	69	-48
58	-29	-65	77	49	85	48	-85	10	17	36	-22	-26	18	-27	-71	62	-40	94	32	57	-11	-31	28	-71	-7	23	-23	-66	-90	-59	-4	-2	20	-34	89	-44	28	57	79	67	-29	53	68	20	97	92	35	-41	77	-59	53	41	-82	-88	-65	-8	37	-59	42	-76	7	58	-12	-13	94	-62	23	92	75	-64	35	-26	-47	-15	-24	22	-60	8	-94	94	-68	-29	-100	35	67	57	62	-78	-19	100	30	62	-89	-41	85	-41	-8	11	68
-57	-22	1	15	26	-100	-70	39	15	19	-5	28	36	-37	-3	-67	14	74	74	60	-52	80	3	84	66	-15	58	-49	30	19	84	74	35	-87	-76	-32	-21	37	97	45	34	67	88	8	-77	65	2	18	-48	25	-53	-69	-100	-30	-23	12	25	-82	99	-84	24	2	82	23	86	28	-31	88	-89	95	62	-47	-70	-32	50	-47	-55	-65	-82	40	-37	70	-81	-76	-21	20	-93	4	-59	-63	42	21	17	19	-33	65	-36	39	86	85
62	7	77	-2	-57	99	-14	-37	73	-85	-91	93	38	30	-37	-91	-40	-74	75	-98	38	-77	54	16	-82	-2	42	-41	45	46	-42	-25	1	-41	24	-10	57	13	-72	-79	83	-58	-28	18	-25	-91	55	52	-68	25	56	57	-57	1	15	15	-67	-92	57	82	38	-77	59	-80	-29	74	-100	59	-47	47	-46	27	-37	-55	91	-14	78	83	15	-46	-85	22	88	-5	69	-11	39	-87	12	28	-86	-79	98	-57	10	20	0	62	-58	85
-40	90	-79	3	-40	72	-32	-60	78	-17	64	78	-59	29	31	47	-79	-5	-21	-36	88	79	-25	89	-33	6	68	79	99	-71	-97	55	-30	93	29	-59	-94	1	-68	76	-80	92	-99	1	-89	68	54	-51	-79	-10	-44	-67	18	-70	10	-83	34	-14	20	-12	81	-72	-12	46	17	-6	43	-96	-40	95	40	49	-100	-24	35	-56	8	-25	-78	31	55	65	1	-29	79	-46	-40	69	-97	6	-78	74	77	32	56	-2	97	-20	-78	-12
99	-88	-4	-15	90	49	-33	73	-34	79	69	-51	17	-43	29	-18	49	95	92	-43	0	-16	0	53	-60	-38	90	-14	-19	25	2	58	13	-79	-33	-29	20	-34	-92	-3	-15	-6	-97	64	77	-94	83	-60	-63	38	71	-83	-80	-92	84	-78	-100	9	-54	-17	-35	-76	-67	-38	11	-80	72	13	12	-92	-89	-63	-26	-97	-93	48	31	46	-39	38	31	-32	40	27	16	-25	88	56	74	-94	40	-27	-83	78	84	-19	-39	92	-24	-13
15	-37	12	-57	46	-12	93	37	68	84	85	83	-25	-16	53	-91	38	-34	90	-4	81	-67	69	-83	-32	72	-49	59	-30	-98	44	24	-99	73	44	-69	27	14	-49	90	51	27	-28	53	-31	-73	-99	31	42	-42	-15	50	52	-62	41	26	-79	-89	-16	19	30	-28	74	-27	-45	-12	-79	-35	-60	52	-5	11	23	-54	32	-86	36	26	81	27	-21	47	-15	8	-67	-32	3	35	23	54	56	3	-83	69	-99	-51	54	37	-67	8
43	35	39	39	-40	-55	100	-31	-63	78	-49	49	-92	-84	77	73	57	22	8	68	-80	-44	39	-56	91	-74	-5	50	17	-69	-15	59	13	14	-6	-33	-58	62	-54	19	-4	-74	-67	-63	13	-51	-54	38	-87	79	97	85	9	-74	-2	-1	-94	-55	-81	100	61	-43	19	47	-82	90	-90	100	6	-45	-97	-49	53	78	-95	89	-37	91	100	-38	21	17	-39	-35	29	-54	18	-37	-66	77	-28	18	-40	21	-7	-36	10	-53	43	-86
96	66	48	-79	74	-8	-78	100	40	0	93	95	49	56	87	-13	26	-95	-46	-46	40	16	-42	53	-50	83	-1	-50	29	4	-94	32	-72	96	-41	83	-7	-79	-6	-74	97	16	31	23	74	62	62	92	-22	42	70	89	-5	-75	22	86	-83	-62	-97	-1	-87	-75	-45	34	48	21	-84	-93	-70	52	75	-70	-53	88	56	-21	-18	1	-76	12	-71	-2	-67	-32	29	62	59	46	-17	75	-71	-42	-4	2	-48	-69	71	-63	-8	72
6	86	-87	-12	-48	-14	78	28	-73	-55	-6	-12	-43	22	54	61	-26	70	70	-99	-81	50	75	-36	-58	70	97	-4	-44	51	35	89	95	98	-24	-76	-44	81	-40	-65	4	87	41	-24	-44	24	-55	-74	-47	-36	47	-86	85	-13	-13	65	-83	66	15	-45	-69	5	37	-10	66	-95	89	-18	-81	77	-94	-22	-25	63	-29	32	0	-100	79	4	53	84	82	73	-66	-37	36	27	77	51	68	78	64	83	-67	-40	-10	77	61	-24
-97	-36	-71	13	-88	-26	-39	41	1	48	56	76	-85	-53	55	-37	-93	-41	10	-3	-20	4	6	-31	-6	36	-83	-8	64	92	-49	61	28	-31	-32	-41	92	-53	-35	67	-45	89	-86	-25	-29	-6	-29	-19	-9	-86	-36	-98	-66	99	52	-38	-45	-91	66	61	73	62	-44	-9	-36	100	-32	-98	93	-73	-86	94	12	-14	-80	99	-44	-19	-56	35	-3	-80	-58	62	-53	-94	84	81	25	-31	23	28	-85	-100	-96	-90	33	52	84	-8
54	-86	-75	58	34	-69	81	-8	-76	14	23	-99	9	-65	55	32	-81	79	-83	-95	-28	76	-62	13	-95	-17	61	-7	-86	-2	-10	-93	76	98	60	20	22	-11	-59	-79	-86	38	-28	62	21	-15	-100	-19	-38	29	-18	31	41	38	77	-91	-81	79	-44	51	86	-54	-85	-61	96	-29	-12	25	8	-6	38	-75	-78	70	86	-48	32	-8	-15	-25	-65	-31	30	6	-44	-30	-70	62	71	28	-41	2	10	-39	-95	17	-81	99	68	-30
-36	44	-90	-58	-53	70	39	-15	79	-58	38	-57	97	99	95	-100	-18	-82	-34	-66	46	-24	-24	-57	-86	75	-94	-30	23	-99	99	-15	-6	-10	50	-43	-85	-40	79	-93	73	95	34	-46	69	46	-42	-78	-23	8	-11	25	32	-29	25	49	1	-50	-66	-58	-14	34	-98	71	10	89	-71	58	-36	-15	-96	83	1	-56	-45	-23	13	-90	20	4	86	80	-96	-4	-34	-83	92	-92	85	17	-23	52	96	84	-40	-100	57	-18	-52	4
49	-21	-6	72	-49	30	-11	-89	-66	66	-24	54	-66	17	44	-52	63	-69	35	-14	-42	34	-65	8	-29	0	56	-23	19	64	-54	8	8	92	33	45	-68	16	-86	-38	-62	27	59	1	-67	2	34	-35	-64	47	-99	58	14	-8	-70	44	-43	-85	-58	-25	-12	76	48	-35	-43	-75	-89	20	74	24	95	12	85	63	-51	16	89	-86	98	41	-84	-69	94	49	48	-56	-39	-73	54	72	-15	90	-37	58	64	-4	50	82	89	81
-91	-1	96	31	-74	-51	2	-12	-63	42	-76	-18	-73	92	73	-14	37	44	-36	-33	24	24	49	-81	6	62	44	-89	74	-94	60	-37	76	50	7	97	-22	43	63	-20	-13	-84	0	62	74	-22	18	-60	-73	29	32	45	-65	-66	20	69	-4	-74	-41	-13	91	-42	-91	1	-1	-98	-44	-89	35	-32	-67	-35	-74	80	-61	60	73	67	-59	-17	92	-58	52	-2	-38	46	50	43	-7	79	-27	-58	-13	-51	-72	13	-100	-83	79	44
96	47	-44	42	18	23	-59	-8	-99	-80	7	70	-47	-17	-72	11	-37	24	-92	-3	-22	-31	60	67	-34	-22	-36	26	84	67	58	79	-6	71	-13	-56	22	-41	7	-4	83	-97	-48	-34	64	93	-66	-6	34	-91	23	90	-67	-99	-61	21	-64	-49	32	40	-25	4	-41	62	63	-49	-27	95	-31	13	-75	73	55	-30	-16	11	74	90	61	-77	-5	96	-34	-24	-96	-47	-62	58	-17	-39	-87	-82	-20	96	59	-43	45	79	95	94
11	53	69	59	-47	-13	15	75	-15	66	42	-23	-3	99	35	29	28	95	-47	-12	57	87	-79	-77	57	35	32	61	-19	28	-59	47	37	-10	27	-44	42	54	12	39	-17	-2	-19	87	-6	4	-40	70	-51	-85	-18	-11	-28	-58	94	48	-33	-8	42	-76	72	-56	6	-55	98	-87	-75	-91	-92	63	-61	-9	77	77	-18	87	67	88	-2	-65	17	-4	-13	20	-10	80	67	-24	-54	-3	-5	-34	92	-100	-44	55	-3	90	34	55
60	34	-81	-93	93	-71	52	61	-79	-67	28	0	-24	26	-3	-43	-53	83	69	-50	-63	-45	43	-67	-4	-1	28	-71	22	0	-25	69	36	-27	36	-1	44	-49	-10	72	-62	62	18	53	-37	-98	77	34	32	-70	86	92	-20	-55	-49	-2	-6	-65	92	86	58	28	-41	-68	17	-11	97	59	-2	0	-62	-79	-47	51	36	-86	-46	47	-62	91	-35	15	19	-11	66	71	-44	72	60	22	48	-57	7	-60	2	73	11	-30	16	64
-64	-86	70	7	67	86	-22	-10	-85	99	44	88	-3	-78	45	-64	-41	-6	-47	-65	-95	-32	-68	-40	38	91	-3	75	-64	54	-93	21	53	-92	-90	76	54	-29	76	92	-96	90	4	3	-37	-25	-91	0	33	29	-71	-94	-95	-54	-97	-81	48	-60	81	64	-14	-61	86	-6	21	31	82	89	-78	-35	46	46	29	-4	17	-96	-58	-27	-91	46	-38	-54	66	97	-94	-72	24	57	44	6	59	-71	-75	-28	-11	-69	-31	3	-95	68
90	33	-57	92	65	-65	-17	27	53	-7	-91	-48	-79	32	-6	63	-13	77	68	-86	55	68	64	32	5	91	26	-54	40	-27	-52	74	79	87	-28	-46	53	69	25	12	63	91	32	86	-37	-61	59	99	20	-99	98	-67	-62	2	60	35	-71	63	88	48	78	-54	-40	-46	50	-52	-64	-8	-65	-78	-27	74	30	-4	38	88	-70	-70	-7	-1	-81	73	-22	21	-90	88	99	-9	-45	61	-34	77	-16	-49	81	-27	-65	12	-54	20
9	31	69	43	-63	91	1	66	67	-30	-5	-82	-35	62	-75	-12	-23	-80	-54	-27	-98	9	-42	34	-27	-85	58	93	59	41	86	84	80	-93	25	62	-23	51	71	3	75	-14	-19	-13	72	-35	28	36	-84	96	-59	65	73	69	-41	88	-29	40	-33	48	-90	-16	-69	87	27	66	60	40	80	-23	30	16	-41	-45	-97	-93	89	-9	-98	-33	89	-71	-66	-75	17	69	94	71	-5	28	26	73	28	93	86	-27	-82	20	78	-72
54	88	-95	-4	-4	-27	-20	52	-79	32	-60	-18	31	79	-6	-97	-87	84	-100	-2	5	-15	-28	96	2	49	27	37	-58	-63	22	77	37	48	-5	77	46	42	-63	35	-72	40	-5	69	-26	88	1	22	-77	27	61	-54	-85	97	-24	96	-13	-21	-31	-53	-44	32	-100	-32	-78	84	46	89	20	-32	-56	-28	96	-46	55	-99	-20	-25	96	-76	-23	-34	-95	44	-94	26	-70	-37	-89	96	-91	-83	-85	-25	58	70	17	-83	-70	97
44	-94	-21	-5	83	-65	-25	-69	-52	-2	-35	-46	18	89	55	12	49	-87	-92	58	36	38	-33	61	-95	0	-74	40	85	-100	16	83	-96	4	87	-8	37	-48	-81	-16	-39	-1	-99	-26	-55	52	92	-31	-27	93	40	-92	-2	-68	66	83	-47	46	-53	-18	49	14	-96	25	65	36	-98	98	-61	4	-100	-9	61	-30	-65	-58	-80	20	-84	-5	22	-49	-4	-52	24	66	-98	63	93	-51	-66	-30	97	-13	84	-47	95	38	-18	-15
87	-100	-61	-53	87	14	36	-59	89	75	-50	-65	49	-85	6	-2	-63	76	-97	-90	-78	92	56	8	11	-40	93	-96	0	-9	25	27	88	-53	-8	11	12	-15	85	-85	-71	-93	-33	13	42	0	96	-14	-35	58	62	-90	78	-7	82	68	62	51	-10	-18	-46	96	7	-43	83	-24	76	26	81	-8	-3	59	-9	-64	79	-28	-56	40	-8	-96	-17	32	-21	39	37	-70	84	39	-72	-14	56	-9	62	68	52	-50	68	-54	-59	63
96	53	-94	-76	-100	1	70	18	-83	65	84	-50	-42	-28	2	67	-49	-73	-84	30	45	61	78	-80	-43	-67	62	17	-75	-24	-79	-39	-60	-99	-45	-54	72	32	85	-96	-42	42	9	-98	56	39	-58	33	37	44	-89	-68	93	93	-92	26	98	-52	17	51	18	-70	-55	23	58	-94	30	-36	44	-4	-88	75	11	-38	33	-90	-51	66	-50	12	-11	2	37	-98	-69	28	-64	3	89	5	45	20	33	-51	-25	10	40	22	-6	-82
86	-79	15	-96	7	50	66	56	3	96	20	31	-68	20	9	97	2	-22	-2	-66	46	-64	43	-16	42	-29	90	-95	94	30	-36	-90	-12	-29	-60	54	-9	-69	97	8	-46	-94	52	4	-17	27	87	30	-72	34	9	-18	85	-21	-4	-51	22	-90	29	-16	6	-37	97	34	97	81	-79	-99	-48	-95	82	-87	-52	-59	-10	-11	-5	-88	-52	-23	-79	-48	-28	78	-26	88	-67	-76	-89	-88	31	24	-57	-8	18	49	83	19	-57	48
81	-61	-1	34	-95	-74	73	5	-96	-70	50	-54	38	58	17	80	87	25	-69	5	88	-65	-72	79	-20	-31	-79	-71	-56	91	20	-8	-90	-17	99	-6	18	26	-63	-96	-94	-36	4	30	-68	-57	26	-97	99	-39	20	56	37	11	-60	88	78	14	-92	-78	-47	-9	88	-99	43	87	-21	-60	28	-100	44	-15	34	7	57	61	32	81	87	-32	-86	-56	75	-22	40	-4	-40	-65	-10	-31	38	-56	-34	16	-35	-13	-48	83	-80	-41
-31	-10	67	-60	42	-29	27	37	-2	16	63	30	82	69	40	90	-65	-53	70	-61	69	-27	17	69	-8	-23	-1	100	72	85	5	79	-77	11	-37	34	96	-38	-51	-19	49	10	-89	77	30	-49	-88	-97	-33	87	85	-85	14	-7	14	-56	87	53	-69	-28	76	-21	-1	19	-6	-34	-65	-88	16	-70	-56	71	-96	53	-62	12	-17	72	94	-14	-71	-60	67	61	-92	83	4	52	42	42	-69	41	-9	-9	94	90	52	-76	-94	76
-3	20	-27	27	57	-28	88	-93	-100	94	4	83	84	70	12	73	-22	27	-50	29	-5	58	49	-94	59	79	-96	-85	-49	-25	71	46	-18	-48	-66	-47	-64	74	-20	-55	-54	28	87	37	-60	5	76	-87	31	-10	-6	-29	43	21	-32	-71	43	-84	-68	0	-43	-76	71	-59	-86	-77	-63	-9	-90	-83	-56	-22	79	-64	48	75	-84	-52	-37	77	-92	19	-35	33	-71	60	-67	-33	-35	99	94	-68	-83	-89	72	98	82	38	95	22
38	-94	8	-74	26	59	29	40	59	-36	-43	22	-33	59	-61	90	-65	87	78	-73	-92	50	100	-7	26	26	-33	-77	-44	64	75	44	54	66	59	64	-45	-24	-19	81	-13	46	-38	-92	-29	82	-46	88	-18	-58	6	-3	69	96	31	14	100	-42	8	-88	-14	75	-23	-6	-47	-45	66	-66	-67	86	89	-4	73	-26	-50	41	-9	67	35	69	93	-81	-78	59	59	-11	24	-52	18	53	-71	-20	22	-77	56	96	-19	57	51	-68
69	85	-7	-40	-73	-90	12	-70	-33	-32	57	-73	-23	63	69	-19	-37	-34	-39	-72	-33	-85	66	-80	25	-18	-74	15	14	69	-7	48	100	-62	-60	-91	-80	19	87	-1	-64	-50	-91	-7	-25	66	-78	56	-25	53	91	-3	89	-37	56	88	-77	43	-90	8	31	0	37	40	48	68	-75	12	53	20	-72	73	52	64	31	-3	-91	-88	29	-86	-43	55	71	-69	11	68	-65	-1	-40	33	67	57	10	73	23	1	94	92	65	-34
33	23	17	51	-96	80	-85	-4	-43	-61	55	24	-96	88	-48	18	28	66	-64	68	-72	81	-91	-49	-89	48	-88	69	-83	-59	16	14	-32	-85	47	-95	-88	-6	56	26	52	-1	44	-81	31	3	47	-68	-90	-78	23	-22	-24	2	-53	70	74	-96	-73	24	64	98	26	83	22	-51	42	88	62	-83	-51	-88	64	93	-31	43	-57	52	90	-10	-60	-81	68	76	-59	56	0	-32	38	-64	61	-53	-2	-73	-66	22	-24	-41	-84	95
-70	39	-4	86	-15	-33	26	-11	-16	-73	-8	94	23	78	19	-32	-96	-41	-74	-48	-7	87	-23	-62	-22	-98	-17	-27	-16	-6	90	-71	-16	97	11	84	19	-55	41	26	11	-59	-34	-77	-6	-26	-89	27	72	-30	9	21	-59	27	96	-73	65	-90	90	-18	97	56	35	-54	18	7	-13	-8	-28	-10	-14	18	26	-67	-90	-30	6	50	-91	-85	73	-19	39	35	88	66	-82	-30	-90	-88	11	-65	35	-45	-16	86	-8	91	-94	31
75	-54	27	77	85	85	64	-25	-7	-53	-26	81	86	-45	23	58	46	-20	-57	97	24	-95	36	-73	33	31	13	36	22	-44	-62	-64	-57	-28	3	65	-50	44	6	-39	15	99	80	83	43	30	-95	-23	-18	21	-44	-16	-66	-95	-42	-50	64	57	-32	-69	57	51	72	50	45	-90	-21	12	-80	-9	-9	98	87	54	-80	37	93	61	-39	-38	-83	-21	-100	56	-37	44	-87	-5	54	-77	71	90	-46	-69	80	-15	0	91	64	-51
75	0	-52	-63	77	13	-20	-26	-83	44	-74	59	-41	25	-84	5	7	3	-69	98	40	48	34	-6	-27	7	36	-84	-53	74	-19	74	61	-12	35	69	88	6	26	-27	26	51	34	20	-1	82	71	71	8	52	-99	25	11	61	-83	83	22	-1	68	98	-22	-16	-53	-86	-97	-79	-70	-48	-12	-45	40	-67	-51	14	77	60	-20	-53	71	26	17	72	69	30	76	36	-19	17	-67	-53	-60	22	45	-35	-91	69	56	-73	7	-28
