100	-99	30	100	7	23	34	50	54	-92	-64	-49	63	46	-62	37	-24	69	-97	24	89	-67	79	-76	-18	-100	-31	3	-97	-32	30	78	2	-77	43	16	30	-80	-14	-98	30	38	3	91	-15	68	9	74	96	-20	-74	63	-73	11	-65	-95	98	-20	23	31	78	-52	29	-66	51	-19	0	30	-98	-30	1	95	1	36	-35	71	-6	30	-99	-75	-83	64	-79	1	3	-3	-47	14	41	88	55	-61	-7	-54	80	40	-38	-43	-96	57
5	-80	-52	40	83	48	-89	80	40	23	88	27	-44	-97	-42	17	88	-63	24	85	34	4	-44	65	36	35	5	97	-1	-24	99	10	-55	-73	-82	31	30	54	-25	42	59	-13	-12	20	-22	-81	-85	-86	49	-19	-92	24	-40	48	-98	6	100	-67	-56	-88	-65	35	78	-65	75	-67	96	-77	-77	-20	-25	-63	78	16	80	39	84	5	-30	94	25	99	-68	-26	-6	66	40	32	20	-79	72	0	65	-56	23	27	-94	-80	-30	-33
34	-2	-27	28	-88	99	-24	-23	-2	91	-40	43	77	40	-30	-96	89	-10	-1	-19	-72	-99	-41	-15	31	24	1	92	88	-13	97	-45	-100	98	61	44	-4	74	32	6	28	-91	87	76	-54	61	-4	73	40	-84	-20	-90	-3	63	78	9	61	-65	3	-4	97	-52	70	59	-49	58	92	-19	53	-38	-49	98	81	19	36	-99	33	-41	92	6	66	14	37	53	76	83	75	-56	72	4	73	-49	-45	91	-71	100	3	79	-17	-4
15	-4	-12	83	-36	-32	-25	-59	-4	45	-90	9	-81	80	-66	38	25	-94	-66	51	66	98	0	-51	-88	44	-23	-23	35	-26	59	-85	95	17	11	-49	60	-41	34	-87	75	-67	-53	-89	15	-53	-33	-34	-91	-86	98	-26	99	-7	89	59	-96	19	44	-51	-93	62	-6	60	-59	-66	11	-66	-9	57	93	-91	-72	-24	80	4	87	100	-83	66	18	-49	-58	78	-34	-51	0	72	68	-79	23	94	63	24	-12	21	-49	-75	-97	-29
48	-67	-84	-51	-36	30	11	-70	53	-36	92	-5	-54	-58	-79	-88	89	9	92	55	7	3	-51	34	25	-10	78	62	-41	-19	11	82	-34	-97	57	22	-83	-74	-92	43	-53	-88	-6	-24	19	62	-42	34	29	-48	-28	88	-88	-84	36	30	-26	24	-32	-66	-11	2	-31	83	44	-87	-65	42	-42	-46	95	-39	-55	-95	38	58	67	90	61	94	-16	58	-7	52	26	-47	1	1	58	-84	38	-30	-80	2	54	83	-52	57	-59	-91
93	45	-92	-99	15	49	45	51	-4	-79	61	60	49	-56	82	40	71	13	90	95	62	26	52	40	62	-94	-94	84	-62	-32	-60	-34	66	-63	48	-4	35	-95	-90	53	-66	18	-13	-5	57	19	12	82	-77	77	-66	79	72	-95	0	46	-29	-10	1	-63	-60	50	-12	26	45	-37	61	-10	-21	-14	99	-84	31	83	-79	-72	-44	-8	38	41	23	2	-20	11	90	42	-29	-9	11	-45	-29	-89	-4	50	-65	37	-4	-37	-71	-46
-42	-91	98	39	91	98	-58	-8	-73	-92	-24	-1	-10	-45	99	-8	-53	-49	1	37	-71	62	91	-30	-11	-70	99	4	71	-10	-53	95	-16	-69	92	-59	78	69	54	-59	57	-20	-4	2	88	36	-40	71	-72	-12	51	-98	-13	47	-87	-96	-45	51	-88	-51	96	67	-94	1	62	-44	-41	-69	-98	92	-35	30	-3	11	-58	52	-23	92	99	53	-19	27	27	-68	-90	51	-58	-19	13	56	17	-45	-27	87	39	-91	-70	-2	-35	87
-2	35	-14	-95	91	-40	67	-9	-78	-89	-7	-61	44	-79	-60	96	-40	-18	67	10	-31	-52	20	-3	78	62	-79	-69	-32	-44	-31	-50	-80	-82	-38	-5	-24	-54	-16	42	84	96	64	-59	-93	25	-66	-61	5	100	32	-12	27	37	95	-19	2	64	51	46	45	-32	-40	7	77	48	-88	81	-99	74	69	-26	-91	58	26	95	-32	-2	40	65	-69	82	-80	-63	-89	6	92	-66	-7	94	-39	32	-20	56	10	9	-43	19	-89	71
-95	-71	-78	-22	-44	-67	92	35	-58	-6	94	-32	14	16	38	-4	-81	-92	38	22	-37	14	60	50	47	27	-25	-35	0	-59	-22	-57	-52	-63	-42	66	-59	95	32	0	-48	-86	28	-81	-96	-79	1	-35	-34	-4	95	31	-89	-18	8	-78	15	51	-58	88	-66	-34	14	77	27	12	-96	40	-63	-41	-8	81	-83	-60	73	-74	23	-41	63	41	50	3	-13	-56	57	-74	-73	9	94	55	51	-63	15	-72	76	-57	89	-57	-53	38
10	15	-19	44	30	-53	-100	-99	-17	72	13	48	-19	-64	-97	96	3	76	-34	-90	-15	34	94	-13	92	-35	6	82	-82	-69	11	34	-7	52	-45	-59	-31	73	-8	100	-49	-26	-78	89	-81	9	-26	-64	-8	40	34	23	73	15	31	-90	-56	-32	46	48	-42	16	5	-4	93	73	54	-98	89	82	50	85	-15	-28	59	-29	25	-89	-31	-11	-22	64	3	-6	31	-27	-75	37	92	-75	-62	51	20	-53	-65	33	-75	38	55	52
-28	-70	61	-9	-43	100	53	89	68	78	37	-94	-62	-15	-4	-83	-74	24	-53	-70	-93	-26	-23	-13	92	84	-91	66	58	98	-6	55	-12	79	38	72	-77	-34	-34	17	-56	-17	-90	-64	96	56	39	82	99	37	52	98	9	-96	-49	-17	-86	29	89	-52	60	-1	-45	-12	-19	-36	31	-56	28	58	17	-87	-10	-75	-37	-26	-66	65	42	39	100	-78	-41	-82	-8	25	-38	24	1	28	41	64	92	-39	20	-87	-99	77	96	-87
0	-71	-34	-35	-14	0	90	92	95	54	38	-99	3	78	41	-34	29	-56	60	-9	-4	8	31	-52	77	-96	-9	24	56	-26	79	62	93	72	-20	-37	-51	92	18	-36	52	-46	-24	-42	14	31	-42	-28	-50	-31	45	-82	80	68	-21	92	-16	16	21	-62	100	92	-1	-51	-70	28	-90	-9	-79	-78	71	23	-78	-47	63	65	45	-86	68	-99	-30	-95	-39	-83	-22	-45	-18	74	-96	78	16	-30	1	-20	-37	78	-34	30	12	47
-3	-68	38	-5	-51	12	-27	98	17	3	-17	95	64	-62	23	-11	41	33	50	-93	65	-40	-5	-12	-77	99	-41	-76	-56	-9	69	-70	-89	-24	38	35	-25	-43	31	89	37	-15	-38	-70	-88	-71	36	50	-90	-21	-53	-59	-75	-28	78	65	-97	19	-41	-36	74	63	96	40	-51	1	16	-73	90	-82	51	-68	-94	5	23	63	-26	16	-9	-31	-96	80	73	33	39	-90	38	-62	69	36	-61	-35	-76	62	-64	-26	-39	-52	-29	16
-52	39	58	66	31	-81	54	28	-22	67	-71	86	18	-55	87	-28	39	30	4	-27	51	-68	-47	55	80	-70	-87	-28	-31	20	-92	56	54	71	72	-92	-11	22	76	23	6	31	-52	18	21	78	-77	23	27	13	-5	-53	95	69	-58	-5	-12	-40	12	98	18	-61	2	54	-73	-26	-6	-82	-4	63	-29	-8	83	30	-73	-100	-21	-60	-14	-55	-28	-69	-50	-94	-43	42	90	-34	50	24	56	36	-87	21	-69	54	-29	-73	-44	-16
86	12	80	89	28	59	50	56	-23	-39	97	-26	98	-88	-57	14	-93	-45	-87	-49	57	-99	-83	95	17	-4	-7	96	-42	-91	18	-25	-11	19	61	24	-21	55	75	-5	-13	0	7	39	-83	75	39	-54	95	-56	67	85	67	86	40	18	86	-47	52	-43	-32	-55	-100	29	-56	-68	91	25	34	84	-92	49	84	77	-61	50	95	-33	-18	-63	48	-66	14	-19	-40	-62	29	9	77	-66	36	42	-24	65	6	60	3	78	19	87
-23	-13	-19	0	-11	-89	-69	49	64	8	-57	-78	34	13	-38	-15	60	-7	-93	-79	48	74	95	40	85	-49	31	76	78	-75	-5	-2	-87	-28	73	54	0	-11	65	28	-5	83	-22	-48	33	96	97	-73	31	40	14	-57	-15	5	-88	-21	76	27	21	-4	82	-6	-97	3	73	8	-29	-32	-26	-57	2	37	75	-48	26	-7	-7	-12	-18	-27	91	58	-13	24	-69	-88	-62	-85	-55	36	88	27	97	53	47	-66	45	46	-71	-65
-19	-84	88	34	28	-72	35	75	69	72	73	-10	23	-14	85	-83	97	-94	-45	5	80	18	90	-89	72	-22	-77	91	18	-31	-10	57	-90	81	-50	98	-10	75	92	-29	-100	76	2	19	-12	23	-64	23	-38	91	-68	96	55	-92	-4	74	50	-32	-97	0	-22	-89	-66	-94	-1	-45	28	-68	76	43	70	-73	59	70	21	-5	-86	71	41	-52	55	60	83	-76	76	4	22	53	36	24	43	38	-82	4	-44	92	-14	-35	-15	89
-20	-81	87	74	-94	-6	-26	83	35	83	52	35	91	-14	-33	-38	-54	84	83	-85	-52	-56	75	20	17	80	-92	-49	62	-4	-61	-74	-26	53	17	-35	48	78	-77	33	-72	-100	-18	33	15	37	2	41	-93	80	-77	-30	-45	-19	-79	-46	55	25	91	48	94	-90	66	-29	85	-97	99	5	1	23	47	37	5	-76	46	-16	16	-86	68	-89	37	-3	-26	15	48	-6	-29	73	-21	80	68	20	68	-79	38	-5	-80	-99	44	-13
-77	74	67	-78	27	-66	18	11	84	-26	14	-26	-68	-86	21	-55	-17	36	92	-11	17	-13	-57	88	90	56	-30	-37	21	82	-56	-22	-98	-51	81	-68	-92	-61	23	-53	82	-11	-7	29	75	-80	-67	75	-79	32	43	-72	-32	20	-5	41	52	22	54	75	-4	65	46	-4	-26	-62	-97	-87	-54	100	41	23	-75	32	93	-38	72	-51	77	-61	53	35	-7	-29	2	40	75	-70	-27	13	-9	-73	41	-79	54	-92	49	-21	26	83
78	-75	-21	10	50	-78	-42	-43	-88	91	3	-25	-7	-27	-42	88	82	-46	93	-37	88	-33	-94	83	-58	-67	62	-96	38	-98	22	-10	2	62	74	-7	-42	-16	29	-17	-36	-39	78	14	56	14	49	-27	88	7	71	-3	36	-85	-24	-43	54	41	12	20	47	-3	14	-46	-52	53	77	35	7	70	-28	23	-11	39	-69	93	-1	22	0	50	56	62	16	-49	63	-27	-83	-94	97	-67	-8	18	47	9	-92	62	-8	-60	92	-24
100	-58	38	-2	-66	-32	-78	-48	-5	20	-40	-74	-39	40	73	-45	2	-95	82	43	18	74	58	-94	-87	-79	43	-39	54	74	-96	-61	-29	47	-79	-13	11	38	-53	-24	-9	26	-25	-52	-97	-37	-91	-24	16	100	-91	-55	-91	-94	35	60	-40	-8	52	74	1	-35	81	-83	5	73	75	94	3	69	76	-16	-40	92	-67	26	39	-47	83	-92	60	57	-26	-75	49	53	-42	-3	-88	-93	-89	-8	72	68	3	-85	21	14	-5	38
-74	-75	42	68	-59	49	34	75	16	-51	55	-68	82	60	57	97	-11	-3	-67	43	38	56	85	31	-18	42	20	24	3	27	-53	-70	89	87	-2	-63	-30	-90	76	85	-51	-5	85	13	28	30	-94	-94	41	-81	4	-46	89	6	66	52	-80	-75	-79	-100	56	63	79	-92	54	53	67	-44	-21	90	6	-66	24	-46	72	93	31	-2	-95	-82	-61	48	45	-37	-4	-36	77	35	6	34	28	-80	74	-97	-47	-18	48	16	88	33
79	5	45	87	-42	-74	-61	17	46	-82	-71	62	-1	8	-67	-19	74	27	40	-23	23	45	82	16	-87	-95	-26	-32	-32	-69	-19	-56	-44	54	-36	-43	-36	-36	-20	27	-94	-100	65	15	-53	-61	27	80	-34	19	56	33	26	-45	37	-36	-83	-56	-76	-9	44	-52	54	-24	95	90	63	39	59	41	10	-21	-87	-60	-80	44	-88	80	58	-10	17	-55	41	22	-27	-46	87	30	7	15	66	-16	-46	-94	-86	-68	-13	-69	-8	98
82	30	87	80	52	55	-38	-60	11	-86	59	12	-3	-30	-98	-72	-42	79	-92	-75	-34	-12	38	72	36	-51	-32	7	-42	50	70	77	59	-89	-60	-99	17	27	-61	-4	-82	-99	23	-9	32	63	-38	81	-82	91	32	-5	99	46	0	92	-38	-70	81	-18	59	98	95	89	-85	32	5	-82	49	-84	60	11	30	-12	63	64	73	99	77	99	34	23	-37	1	-17	29	-7	24	-29	-79	38	25	22	-5	3	37	-2	-4	21	79
55	-84	2	6	65	-8	98	-34	-2	79	-7	12	-98	-64	-84	81	62	-30	7	-94	41	23	26	-19	-94	-1	71	-99	71	-73	77	-61	89	19	18	-29	-17	92	-21	-66	-78	20	-32	-62	5	45	-98	-69	96	-87	2	-34	-13	-76	-47	-46	-62	-54	-72	38	62	-74	-100	-48	-42	0	75	63	-73	37	3	58	45	-68	-96	10	-67	11	71	75	46	-24	-66	47	12	77	8	-19	53	-92	53	8	7	-55	-9	5	62	-60	36	39
-64	-30	-77	-42	54	-59	15	70	99	48	-82	-95	-55	-11	57	81	-52	-12	56	-82	12	-93	-15	7	-72	-34	-61	-90	13	62	-78	-47	-34	-25	29	84	62	-89	-26	-35	68	-13	-47	-65	17	2	-24	35	86	12	-10	26	16	-90	77	-19	18	58	22	-52	88	-61	86	-87	20	-48	-29	-91	76	40	49	-5	48	-42	57	-72	77	-3	-57	75	-21	-27	-46	47	64	-88	-59	96	20	61	52	87	35	53	59	-86	55	75	-96	-56
-8	75	-47	-87	18	-81	15	94	41	-24	-54	69	40	-92	54	-61	-28	77	77	-56	18	93	81	-32	56	9	47	-21	-46	37	-6	-55	-44	50	68	-85	68	-15	80	1	-71	-42	71	-21	61	-71	-20	-45	-57	25	30	10	75	84	-32	-30	-74	38	-43	10	-24	1	73	61	-8	-93	82	-22	45	-83	-72	40	-36	-2	74	-48	14	38	92	21	54	52	-15	-25	3	98	34	-45	-29	-95	38	-23	-69	2	16	-77	63	4	39	-46
97	65	-13	31	-42	-48	-50	-49	-77	86	70	33	36	-25	-40	89	-39	-82	-47	-79	43	91	8	-79	41	68	14	-38	-67	83	-51	-56	-63	-84	-26	86	79	-74	-7	77	2	-91	-16	-60	-8	56	-84	83	-74	-15	-93	66	2	-17	-51	55	-58	55	-27	-29	-72	85	-71	-21	-10	-97	-6	10	47	81	-92	93	41	59	-80	-52	-78	85	66	-36	-91	94	83	-82	73	33	-22	11	48	76	-74	-77	28	-54	8	-56	-16	-44	39	14
14	-34	25	31	-9	73	-51	55	83	-2	-19	39	43	8	11	46	-18	-73	28	73	4	93	-96	77	-27	-38	51	-46	-26	-41	-98	-44	14	-32	70	-66	76	-55	-80	-93	53	26	-11	-95	5	-27	-5	83	-78	-96	96	57	-20	-37	-3	-7	-16	61	16	34	41	61	90	95	83	-23	-71	-100	-58	33	71	-60	-24	94	94	-78	-32	-9	-9	-88	24	-85	-27	-42	-98	55	-26	9	20	58	-74	-78	80	63	49	38	-29	12	-76	-19
6	10	56	-49	30	-43	-89	-34	-37	27	-76	-86	-42	-47	-9	-48	-69	88	-78	94	-52	-1	-21	3	45	-97	41	58	98	-61	1	-42	1	-57	-71	10	82	29	33	96	-8	-91	72	62	-53	2	29	-100	-58	-42	94	-20	34	-76	-72	15	90	-47	-97	50	98	-40	40	85	45	-68	-87	-32	-12	51	52	-50	-79	-30	-70	6	85	57	2	-32	40	83	44	76	56	-85	30	-9	-82	-23	-50	18	21	-79	-52	-49	-46	51	60	-91
-11	8	-4	-19	98	-56	-35	-35	84	-52	-21	70	-23	-2	-97	93	-55	25	-55	44	-12	-89	85	-4	-65	-24	-82	-20	-44	-74	3	-19	75	21	63	-46	44	-70	31	-24	-24	83	-37	-31	-99	-10	64	49	-76	-91	93	62	-56	-99	33	-21	31	-92	32	34	-53	-77	69	97	23	35	0	78	-26	-43	59	81	78	48	-13	6	-72	48	93	-68	-11	2	-33	-70	26	-33	-5	0	-74	-100	66	-56	94	-54	-25	32	72	-35	-9	48
-68	-39	-25	60	-29	-59	-91	28	8	-76	89	-30	-2	-44	22	10	48	80	-6	-32	-50	-89	-63	-19	-44	-79	-41	16	93	-26	63	52	-85	-1	7	99	36	40	89	-89	3	59	5	72	44	32	-66	22	-67	24	-35	-47	75	-85	-53	-23	90	-77	82	10	-47	-73	96	28	-80	2	19	-31	-76	-81	-55	-87	-93	35	68	-69	31	-75	60	23	-16	-54	-35	92	78	51	-95	-84	35	50	66	32	77	89	-71	-59	-93	-99	-50	-40
18	-65	-8	5	-82	-8	-44	-23	-60	-85	-86	50	32	-78	81	46	-9	-19	8	-22	-46	36	-57	-27	24	-66	-48	-81	8	61	85	-25	19	-2	45	-66	29	20	-5	-53	31	96	-99	-16	92	-7	8	-26	-93	-92	-29	65	92	70	-81	-56	-45	47	-57	0	40	-87	-90	-10	-73	78	22	12	86	-67	-16	-91	99	-10	36	97	-14	-87	21	-6	-50	37	-65	-36	88	-99	6	25	-27	-20	47	-52	-25	-7	46	-75	-54	-97	-50	74
53	-32	87	-19	-39	-61	94	-23	22	11	9	-89	-39	17	-71	-38	7	-17	-21	-51	-16	29	47	-46	3	-97	-75	-43	-27	-4	88	-80	78	-66	-55	-5	-91	60	35	-23	18	-68	-16	64	85	39	99	34	-35	18	26	99	85	59	41	-42	65	34	-69	-76	85	-35	52	-76	-71	-74	-81	97	-54	25	-24	-88	-37	70	-40	-40	55	71	-16	26	-51	-29	4	-36	100	18	-92	-83	25	26	80	-78	-54	79	-91	-57	-46	31	-78	-40
56	35	55	4	37	-2	7	-37	-38	98	-88	16	91	32	40	-54	-9	42	84	84	-24	-90	24	5	-99	86	79	-49	31	-58	11	77	-6	86	-70	99	-31	-21	-36	-38	81	50	30	62	76	14	-46	-23	90	55	-35	-97	-11	-6	94	-41	-100	-81	-56	-47	83	47	-11	-24	-48	81	-26	-87	-23	64	15	14	90	17	-54	-38	-13	-16	67	50	83	-2	38	77	-36	67	94	8	-57	-36	80	-70	-88	-98	-84	67	-7	56	56	-47
-87	47	-9	47	-3	-98	-100	-76	34	21	-42	68	21	98	-70	-22	-72	18	65	79	-78	-42	-28	69	-47	-64	60	98	-57	89	-98	-58	75	39	-81	-77	50	-42	-41	44	25	-88	26	65	52	21	-99	60	54	78	-25	80	71	27	95	88	-45	-80	-47	31	86	-86	36	-61	72	5	-67	-19	-69	56	-28	80	-3	100	-58	21	-3	-25	3	30	-44	-58	81	-55	-2	31	-21	71	78	14	7	88	55	-20	42	26	86	-10	-33	60
49	-91	-31	33	0	52	-17	-14	-82	70	-2	-17	-55	-40	-32	-56	77	0	25	2	-80	-76	8	31	-94	94	93	72	-56	-23	80	29	41	-94	-32	55	25	97	-74	2	-44	-98	-43	42	68	92	-68	-10	35	26	-78	15	68	-44	-82	-49	-5	-10	-14	-66	92	-61	-23	78	-46	65	-83	51	53	7	-58	94	-1	-60	25	49	21	-92	65	93	79	-46	49	67	-87	79	-93	-72	-47	-14	80	-68	-19	45	53	66	-27	89	19	12
-37	-66	-49	18	-35	22	77	-89	72	28	-41	44	38	31	59	50	3	-60	18	46	-29	79	85	-90	12	-90	-50	-42	-67	-39	14	39	-40	-47	-26	93	-77	-42	-55	-31	93	75	9	78	-88	-92	-88	12	44	-96	-27	-71	11	13	57	12	26	18	-41	-14	81	-31	-57	22	-63	98	11	-31	-40	-89	96	52	77	37	-53	-19	71	-51	68	-23	68	-48	-53	-53	67	3	-12	42	25	33	-81	-12	-51	38	69	-72	9	32	9	-13
-27	67	6	-3	48	64	-11	22	-7	68	21	93	78	-72	32	-7	-80	28	47	-14	18	-35	-4	-14	66	-30	27	-1	8	73	-8	-44	-29	43	-38	49	-41	-51	-84	74	68	-62	-17	-9	-56	-55	-75	-50	-100	-82	76	68	-8	15	-70	-100	-44	83	43	10	73	-48	-1	-85	-34	-2	-100	50	7	-82	43	54	98	-14	-87	17	-87	-1	-64	16	62	17	-11	52	-11	96	-10	-51	-72	-36	-90	-98	-69	-91	14	-22	-77	100	51	-98
-2	-48	32	-100	80	-17	-24	93	-63	16	-47	73	49	90	-78	-67	15	97	11	96	90	88	20	-76	33	-94	-23	-34	43	28	13	-11	-69	-31	8	46	43	-32	47	-50	70	-20	46	-17	-62	74	-69	-48	-38	-82	6	-86	-89	81	-94	-12	36	-18	-53	92	-6	-17	47	-71	81	-30	59	1	83	-49	85	3	-61	-56	-7	55	-11	100	86	22	-7	-46	-58	6	31	38	-85	-77	-49	-100	33	26	-23	-24	48	-79	-53	-2	55	-53
-32	-54	11	52	59	73	51	-9	-58	-28	-48	7	-53	43	-58	-41	69	-34	52	79	61	-50	86	-33	61	-23	13	-6	-14	52	29	-12	39	-41	-74	51	-8	-94	-21	-68	-21	0	49	-100	-83	-84	-41	100	25	89	22	88	6	-12	18	-62	-99	58	99	10	84	-79	-20	50	-59	49	8	-83	-78	-34	64	64	4	76	87	84	-89	27	-95	96	-18	31	30	-32	12	-78	-41	-11	28	-15	-92	97	64	-23	57	99	15	24	64	96
95	41	-75	21	77	-86	-51	-99	100	-6	-84	54	-24	-9	51	39	28	-89	-36	-8	28	41	-89	7	-21	41	93	-86	-37	-22	73	92	36	-12	25	-85	53	-91	49	-47	90	42	-91	8	100	10	32	5	87	100	-27	-3	-39	-87	-25	31	-96	-26	81	44	80	93	28	100	29	-46	3	68	-13	-79	23	-56	73	-45	-5	1	-1	-16	-98	-55	20	-95	10	21	41	22	68	70	98	38	-72	0	42	59	-6	-27	-74	59	75	27
71	3	80	-55	-29	60	20	-56	-41	11	8	93	29	-1	-55	69	-24	13	-40	66	-63	98	58	-24	-72	-5	-16	95	28	-63	-69	-21	7	2	-21	-88	-96	-97	-3	19	43	33	-25	16	87	36	-86	-67	0	-36	-51	25	-72	76	-8	-52	44	-30	-35	-52	74	42	61	93	71	32	56	39	19	-68	-75	-53	-82	99	21	-31	37	-83	97	35	-11	-24	99	73	66	10	88	-62	-41	44	70	14	61	36	-87	-84	-50	-32	-20	73
25	-20	0	-43	-53	93	4	-28	65	-24	-51	46	-67	62	37	59	-33	-48	-48	7	8	89	30	-43	-44	20	-87	-22	89	-69	77	31	53	-87	-49	9	-36	9	68	-5	-94	38	-100	-61	26	-62	-40	-25	58	61	-69	44	79	-45	13	29	-62	-65	-39	84	-54	-91	57	-95	65	-24	45	41	-32	16	-13	-2	-14	-70	11	-94	59	88	-94	39	-89	-32	-59	4	-56	-99	54	-89	-59	20	-50	52	56	-87	-25	-65	94	55	69	-93
-77	67	15	-39	34	10	96	73	-83	-60	4	73	34	-33	46	65	12	11	-33	84	97	66	-95	0	-6	-24	20	-48	-69	-56	52	66	35	-53	88	-8	59	-14	96	65	37	-87	6	54	86	0	84	95	13	56	100	-73	-39	49	40	-16	-48	-78	0	-12	-78	9	-84	13	20	-18	-15	-49	58	33	65	73	80	85	-78	-89	-9	70	71	-17	89	26	42	-58	85	-42	-78	-7	69	99	32	6	9	26	-77	70	86	-58	27	34
16	-17	-24	24	54	36	79	37	-7	-99	-54	29	4	88	97	-67	71	59	8	42	4	-31	-94	-65	-95	-14	-29	-5	-51	-83	-2	25	-47	87	-79	41	-25	-5	100	86	-23	-60	23	50	-69	-83	-75	90	84	-65	56	-51	80	27	55	-24	-71	84	71	24	22	64	-82	80	-76	26	13	-11	2	12	-23	-28	-2	55	2	-35	55	-20	51	20	21	13	94	-11	-19	84	45	-28	-49	31	55	80	-43	-53	-18	-69	-18	16	2	-13
-81	16	5	-30	-24	-13	21	68	-38	-56	38	-11	-58	77	62	-43	-90	49	-3	73	58	-23	40	-30	-74	-12	42	62	96	79	-80	18	-81	48	37	-30	7	7	-77	32	-74	29	-83	0	-2	-8	92	64	-66	21	12	-98	78	72	-96	89	-45	-94	27	88	-76	25	-88	-45	100	89	75	-59	-24	-30	47	-1	-21	-80	85	-46	-79	7	-89	-81	-50	96	78	96	76	85	-90	-45	-92	-13	87	-14	-73	32	-26	18	-23	77	98	-82
1	86	-40	29	41	31	38	45	-27	-10	-98	77	47	18	-48	-95	-23	-52	-88	11	-45	47	54	-78	-56	-5	31	30	79	86	-8	19	-49	24	82	-13	27	-39	-66	-80	69	38	-55	63	-43	84	-33	20	-39	36	-20	3	42	10	-1	3	-11	-4	-49	-95	59	68	-68	-61	-79	-82	-100	-15	66	14	50	-27	-64	-82	-54	-27	-94	12	38	31	-97	-5	37	98	-15	-9	-43	85	-72	39	-85	-7	-49	89	67	52	-35	25	-52	-67
52	32	91	36	-40	35	-35	-28	74	48	-31	-36	34	-24	-56	40	-21	82	-52	85	-40	-55	-93	-84	-46	-28	44	-89	-18	-63	52	16	-76	-82	-85	85	-75	46	-39	23	-71	-26	-72	55	-18	9	84	-21	6	-53	-16	-57	93	-22	-1	-1	-74	63	21	-17	71	-82	-11	18	-18	-21	98	-98	19	42	99	35	-75	-63	-46	75	-52	51	55	-45	57	-26	-60	-74	-52	48	-50	35	-89	92	73	29	0	35	30	-28	-45	67	98	-35
30	30	-68	-42	46	23	66	41	21	60	-62	-40	-81	-54	5	-95	-65	19	-84	-24	64	-62	-66	-23	-68	65	29	-12	31	-75	28	-76	48	41	-1	48	54	47	80	-6	63	36	60	-42	-33	33	-40	46	99	-97	38	68	-19	6	10	70	57	-4	60	57	75	64	26	66	-10	14	35	-100	7	-67	28	-29	-70	98	-74	22	-45	26	2	64	-33	64	-60	-52	-15	69	72	-64	6	17	-43	39	-23	76	55	-91	-30	3	37	28
-38	80	33	-70	96	-70	92	-81	-68	-69	35	-81	-47	-73	66	49	-62	32	49	76	66	-12	-48	-70	-57	-26	48	68	-64	82	90	-1	67	91	81	91	99	7	-34	-45	-10	-60	-52	58	45	79	1	3	-7	-67	-62	-98	-85	-64	56	44	-58	11	-98	57	82	49	-33	98	55	14	-74	-80	-28	72	-62	32	-11	-15	55	40	-93	55	-67	79	6	-16	-86	-89	94	-49	-71	19	28	3	-41	-32	44	-57	23	9	70	-78	34	-52
72	59	-51	-96	-49	29	-36	-51	5	43	70	-98	2	-32	5	-91	35	-99	-30	-86	25	-95	-65	1	20	-9	-64	85	-79	-13	-28	-9	-30	68	99	31	-21	-1	-38	-15	-79	-10	36	23	9	-34	-17	-93	-15	45	57	-80	-33	-51	96	-4	6	-44	-86	-58	77	78	61	80	64	-56	16	16	-59	-43	19	95	22	-76	35	-92	-30	34	-31	7	-45	45	16	89	-75	35	-80	-26	-75	-82	60	32	68	-8	-59	50	51	-72	6	-17
-26	-5	-21	-66	13	-44	26	-21	69	10	-79	42	-80	99	-5	70	48	-3	-68	-66	3	-34	98	73	-41	-96	-7	80	88	7	-47	19	-68	-28	-94	-83	9	64	-48	38	33	-54	-63	-88	50	47	-94	86	57	-47	-5	-45	-68	78	-91	51	-90	69	28	-54	64	-74	-65	-29	22	2	33	-8	-46	16	-32	-69	-2	58	69	90	-99	52	40	-14	92	-62	-75	15	-58	-70	-14	-97	63	-98	-34	16	-17	23	-45	-85	-41	-60	88	81
88	-56	49	-88	11	-52	-80	39	-99	19	63	-9	-76	29	47	43	54	-1	-48	-85	21	-25	11	-87	55	-32	-98	-57	-27	5	-98	34	33	-82	-86	47	-79	-91	85	6	-5	-73	36	53	-95	-49	2	-87	-21	-53	15	-88	97	-38	-98	22	32	-18	58	3	45	-67	-73	5	-57	85	-93	92	68	-95	27	28	38	13	24	48	-22	-46	65	31	-55	-47	6	10	-36	-52	20	5	-68	-87	83	96	-38	-67	-72	65	60	8	-82	-14
-77	-69	-43	-89	-92	56	-91	9	76	8	5	76	43	-71	-36	67	-8	72	-39	77	-11	-80	-20	95	91	-33	84	-22	66	84	91	-74	20	68	69	10	-48	-75	-41	42	51	-82	14	-32	25	-7	-52	-94	25	-44	-30	-64	57	-90	86	34	49	-18	-36	-22	93	-18	84	-41	-48	-26	-1	93	96	24	31	-91	-16	-66	15	12	57	37	36	-23	-48	-18	-78	89	-48	-59	-19	51	38	-77	84	33	-41	17	87	-44	38	90	86	41
-8	-20	-31	-48	43	-55	-20	66	89	55	22	50	98	-38	-14	70	-88	97	-28	-62	-83	21	-39	17	-20	-75	-94	93	-44	-4	-25	43	19	11	15	60	-95	54	-33	91	-88	-11	71	60	91	-76	4	-93	-51	29	-13	-79	7	47	40	-88	-9	59	51	57	-62	-64	-49	10	43	13	42	46	-81	-99	8	-5	-66	59	15	37	59	-71	47	48	97	66	-71	23	-41	71	96	64	-70	-80	24	-62	-30	70	-95	-17	24	-61	-8	-16
-70	-17	34	89	-81	99	-54	89	-51	38	-96	-96	4	-98	-38	-87	82	42	-89	-44	-29	0	74	30	-80	48	4	76	-41	-80	97	17	-35	-3	47	68	48	41	-14	28	82	46	-33	99	-66	19	-86	46	59	0	-72	-8	14	-73	49	-72	-36	-29	85	85	-47	41	-52	27	0	73	-24	-60	82	-30	66	95	72	-18	60	40	-30	53	81	23	58	88	88	5	84	89	-4	-17	3	87	-70	-62	-6	10	62	-8	-91	-11	-60	-48
-79	11	92	55	85	61	-15	-53	48	91	29	64	94	72	71	35	-65	-24	84	-63	-58	-85	37	51	71	-17	77	13	-67	23	64	-69	76	87	45	60	-90	-41	-8	-61	-78	51	-13	-6	-14	-90	-51	94	-14	24	54	91	25	39	-78	-61	24	-9	93	-45	95	58	-43	-18	55	-33	-66	-80	96	-90	-40	94	-74	-97	52	-95	68	-5	87	-41	-12	27	33	-11	41	44	-27	-8	-32	62	-17	-61	81	-91	-90	71	99	-86	-44	83
-76	-32	38	62	-9	-100	96	76	33	-18	-22	-24	-93	70	-80	2	-93	44	44	37	-11	67	32	-16	26	15	18	85	-37	-92	-36	-48	-93	-14	-34	-82	25	-36	-42	-93	-62	66	-17	-84	-84	25	-76	-32	99	99	72	-40	90	-14	-44	-14	67	-33	-59	79	-35	-42	70	-24	-48	-63	-4	33	8	-13	31	-56	-7	-70	86	-24	65	61	32	25	-5	-95	42	-64	70	-42	36	96	-9	-94	71	84	88	89	-21	-65	-65	-48	88	38
94	37	-99	-35	69	-30	-32	24	-14	-54	99	-96	22	-92	-62	39	83	93	6	0	37	-48	54	17	-94	-99	-61	85	27	-32	-25	89	3	-32	-81	23	-3	-41	25	95	36	-79	-94	-5	-24	30	-15	71	48	-39	-82	57	19	39	48	-31	-75	57	-93	-10	-97	-71	-65	-66	-72	89	-19	52	-30	24	-13	84	-1	76	-16	-73	-42	82	57	95	-65	36	-49	17	-58	-67	-6	99	-21	44	-70	60	-95	-49	-14	-49	24	37	94	2
6	86	84	-73	-61	16	76	53	87	83	-62	-58	-19	-1	-90	-21	8	81	-68	-43	15	-86	5	89	0	-50	-20	45	27	-89	-67	-78	86	92	62	-35	50	-37	98	56	-71	-87	-43	5	62	70	-58	0	45	-29	10	-59	-31	-27	-40	-10	3	-68	-44	76	-35	-74	31	-65	73	-10	70	97	-77	11	-64	-69	-23	16	-19	-44	55	81	-27	44	-22	13	91	-47	-89	-10	45	-52	29	-81	-24	-97	89	62	1	93	-31	-33	24	32
-31	-55	80	-85	71	-94	22	-85	-63	-21	2	4	86	14	61	9	33	56	11	79	-37	98	58	75	48	-15	35	-89	80	-21	-4	-60	-85	-18	-45	-57	32	-92	-90	80	14	-71	13	42	43	-88	36	100	52	1	-100	71	14	72	-100	92	-95	93	51	-60	-90	-56	-51	-71	-46	-3	22	68	-28	52	-43	-62	89	67	31	-48	-39	-53	3	34	34	97	56	-75	-75	84	29	11	13	37	47	-69	-33	96	-72	-68	5	-70	39	-36
73	74	-80	62	8	-9	-29	50	8	-55	86	-28	100	11	11	94	5	84	62	73	-78	41	3	66	-8	-16	23	-40	-30	-9	5	-74	-7	-63	29	7	31	12	66	43	63	-55	85	14	56	-6	16	51	-25	57	66	2	66	-2	4	-13	29	63	71	65	76	94	-3	76	-7	12	-19	23	1	49	-46	-95	42	-24	0	70	95	30	81	-45	-40	93	72	76	91	-98	67	-9	-81	17	-79	38	-12	-33	44	-11	-40	47	-88	98
-21	-44	16	31	-92	4	-5	9	49	-54	61	91	-91	-6	-35	-3	44	-53	99	47	24	-92	72	27	51	-31	85	55	8	31	41	-40	-58	4	57	69	-13	-50	-100	-26	-1	-31	-12	22	85	43	-38	6	98	-99	-78	-64	-33	-73	-32	-30	-75	75	44	-88	85	-25	-72	20	47	35	51	14	96	-72	-78	99	60	10	39	82	-57	28	-96	-77	9	6	17	-76	-2	32	18	92	-35	64	34	-33	-31	14	71	-2	-63	-56	-66	-8
35	9	94	69	21	21	79	34	34	69	-17	68	-63	-22	-50	-7	-63	-87	52	-61	-36	88	-44	52	85	84	-21	-73	-93	65	-72	-20	-22	-13	31	-24	49	8	-88	-95	42	57	-68	5	32	-27	-65	-94	94	17	-19	-56	-56	-78	-47	-25	-3	-35	-8	-99	-82	62	-68	-15	46	86	85	-98	89	22	26	45	88	-75	31	73	-50	-64	-55	-45	38	96	76	-90	-72	-77	3	56	-34	99	89	58	39	34	-64	-80	-71	-73	-34	-58
60	-78	-24	35	74	25	-97	64	91	-28	-86	31	29	-28	-25	69	8	-59	-35	72	57	-41	36	40	54	59	-6	3	94	44	-66	-81	-24	-11	78	-76	30	53	-93	75	-36	-34	-16	82	-52	-99	2	4	-15	-35	81	-67	0	-15	-94	95	95	70	-53	-24	-89	47	-15	79	64	-68	17	-96	-25	-46	-6	48	74	-71	38	13	5	-10	36	28	-3	-10	64	2	30	-11	-79	-46	0	-43	-13	13	-11	-21	-62	-100	89	86	50	-24
-1	44	-99	-61	71	-43	-21	47	-73	80	-55	-93	-76	19	-90	-70	-43	-7	65	-1	-32	87	92	31	-84	43	38	-63	-25	-41	-81	-40	3	43	-65	-60	72	-13	19	-78	-61	-40	-42	65	7	51	-3	-73	33	-89	12	-57	48	-94	58	-73	80	-6	52	-85	32	23	47	-23	43	-80	-56	-74	-59	61	36	86	7	-69	-60	-3	87	-74	-14	-78	5	7	-52	92	-44	49	64	84	-72	-20	-80	-23	18	50	8	-16	-1	40	-77	-8
-66	-41	8	5	-37	48	-15	93	21	-81	79	20	-44	81	61	-12	20	-41	25	65	64	-56	-14	-82	3	12	25	-38	4	20	58	-63	13	46	-84	-13	11	-58	44	-10	-5	0	78	-97	-5	-75	-92	78	-85	-59	-22	57	75	-98	85	82	-51	19	-19	42	81	-1	0	-100	-10	53	80	-62	-100	-77	-53	22	-31	-86	16	-21	20	-28	-83	-20	-1	100	-72	-67	97	77	92	-7	9	92	-98	-63	67	60	6	-72	-13	-73	-67	26
-53	75	-92	46	43	-69	73	66	58	17	27	96	83	-29	-16	-100	79	16	-85	84	-91	41	-100	-24	-37	30	-83	-73	-15	-96	-91	-15	-11	-93	-31	43	-19	82	-5	37	-21	-65	36	-68	12	33	-48	96	80	35	-68	63	71	23	5	50	6	39	-78	19	62	100	49	84	-59	63	16	33	92	-44	17	-55	37	96	16	-97	-88	78	-11	14	-58	48	84	-26	90	86	5	-73	-14	-30	-85	42	-21	61	100	-73	84	13	-91	56
16	-55	-40	-45	-31	25	16	6	-35	64	57	99	1	63	67	-52	-12	9	6	66	16	-3	-84	21	86	-47	-57	84	45	-100	82	17	-84	-47	33	68	-81	-17	71	-81	29	-66	-71	90	59	-85	10	15	96	35	64	79	-63	-9	-69	-41	93	35	3	40	53	-72	48	-53	91	88	58	-84	28	51	-100	74	11	28	-13	23	-32	23	27	19	-41	-72	72	72	-72	38	55	6	-85	28	-25	65	-55	41	50	37	17	81	-13	70
35	-46	51	-56	41	54	-95	-58	85	17	43	-5	95	51	67	81	82	21	40	25	-18	78	-41	-19	9	94	-37	-61	-87	-69	-61	-74	-46	64	90	21	-79	-60	-15	-48	82	90	-36	24	7	24	76	53	99	-74	-69	-69	-63	86	-52	-99	-16	6	27	-3	-68	-3	-35	30	83	94	-27	-64	-20	20	42	-97	-30	24	76	-51	-46	-27	69	1	-1	97	69	-92	25	-29	-19	32	-44	-38	44	-92	-18	-87	12	85	-22	95	-5	-41
-89	-64	-84	-47	-7	-52	-3	24	79	14	-32	77	-84	-23	100	-64	52	7	-99	-95	76	52	-100	39	46	97	35	-34	-49	4	-80	36	100	70	97	-19	-39	94	-66	26	-6	-2	91	96	22	95	-52	-13	100	1	-91	11	-30	84	-32	51	-14	10	-36	35	66	6	91	-20	62	-65	46	-26	-20	21	-13	90	4	-76	59	-97	83	1	100	84	37	-45	19	62	91	-31	-30	-94	18	35	40	-87	90	91	-65	-41	-78	39	64	21
-34	55	88	-56	-66	-58	-9	69	49	23	81	94	-100	-18	-26	-35	91	25	18	69	56	87	40	-69	-97	-17	-97	46	-36	98	28	-72	3	-19	49	85	55	28	-53	86	30	-13	42	37	-80	-99	96	28	62	-84	-70	-95	-28	53	54	32	58	83	-67	-24	-70	-29	-70	-93	79	61	-32	-60	-99	74	32	82	-36	-90	-99	-16	-63	27	58	23	82	-75	12	-19	17	91	-4	87	64	65	51	-78	33	-44	-41	21	-35	81	-16	-22
29	55	28	-19	-1	-46	-40	-1	-71	70	92	6	48	92	3	2	2	-33	6	-55	24	-94	98	72	-80	51	36	-16	55	26	-32	-95	-20	-23	53	4	-34	45	40	-34	24	46	-77	54	0	80	66	-62	5	49	54	67	-64	89	-22	44	9	92	-27	-34	-93	9	46	-43	37	89	-32	53	7	-53	-91	-62	-63	-18	22	-44	54	96	-40	-60	79	-55	-70	51	26	-7	-52	40	35	56	-56	-14	48	-74	-50	-59	-29	25	37	38
5	100	87	73	-20	5	93	28	54	53	-9	43	-93	-64	49	69	19	27	-8	-44	81	-36	23	26	44	43	-9	96	49	-98	-45	61	-23	70	-58	17	28	-27	100	-48	83	-7	-45	54	-47	59	-40	-29	29	-5	-2	52	41	50	-95	-63	11	25	53	-35	-3	-75	-97	40	55	100	4	30	-10	-12	94	0	-17	-89	37	-75	9	41	-87	-22	-43	-55	17	-46	44	62	-91	-22	-51	-47	-80	-36	-39	82	46	10	89	54	-82	62
24	34	50	-6	86	18	73	73	15	-27	-20	3	-59	10	77	-6	-50	12	-50	-77	-8	12	23	-16	-94	-32	24	2	69	35	49	-92	-97	15	-34	-47	59	-83	45	-24	82	41	-51	-88	-49	1	-34	52	-45	97	-13	-57	-46	54	34	-89	13	2	-60	53	-98	44	90	-93	84	73	43	85	-53	-54	11	65	-11	18	-3	64	-51	30	86	60	-25	-60	52	-87	75	-3	41	30	89	18	49	40	91	-66	-87	-89	-79	25	-48	-8
97	-15	60	-10	-54	-81	-38	-2	-2	90	29	55	54	-21	-61	76	-55	-78	-26	85	6	-39	28	8	-95	-41	98	68	75	-98	1	0	87	8	99	-76	-77	31	-54	-62	-49	65	-13	77	-59	2	-33	24	-69	89	-34	-91	-11	-81	-42	-31	46	10	-68	-14	79	-98	-64	-82	-12	42	-15	77	-52	-93	-5	75	-94	-40	-40	31	-9	40	-12	-91	-83	79	72	-35	-9	80	-38	81	-27	-26	-5	7	43	56	-88	-29	-32	64	-98	-66
26	-32	78	61	-55	-43	-39	16	-25	-49	76	39	-69	-7	-4	85	-10	-57	100	-60	93	-79	6	32	74	7	93	33	-43	44	-58	-46	27	-53	-45	62	-17	-46	-43	-76	22	37	-84	31	30	-64	72	-48	-16	-72	-65	35	93	49	49	-30	-91	-22	-29	-45	-81	-72	95	-35	-11	66	-65	-85	95	58	-28	-27	14	48	27	37	-12	-90	-55	-27	80	43	62	50	-26	-50	68	18	12	28	67	16	-58	7	-39	57	54	-91	-1	55
67	-51	84	6	-24	100	-93	-35	20	97	98	46	50	15	-82	-76	-80	-65	1	-26	86	-66	43	94	30	-79	-40	66	91	-63	72	-77	-66	96	-76	-29	80	57	12	-46	16	-80	-50	-74	59	-11	-47	82	-96	-35	-46	21	52	0	5	-21	-97	57	68	76	60	-44	-64	-38	25	64	44	40	-32	-28	-25	-65	-8	-28	42	-88	6	-42	-9	22	-99	90	93	-92	98	-16	-15	-70	-71	-25	29	-92	-22	6	68	20	99	-47	-89	-64
74	-41	-76	83	-3	19	67	-32	-52	48	-81	13	28	-98	41	24	56	-48	49	66	59	-86	60	-51	-13	38	-8	51	23	53	76	68	-4	-68	33	10	-62	94	13	89	-25	27	70	60	-50	82	-11	-92	-58	-67	-43	-18	36	-25	22	53	65	24	-57	32	-58	-47	96	-54	29	17	-76	-88	64	-5	96	40	1	-16	-87	-69	-95	-39	-21	8	95	-81	-55	-8	15	-57	-62	-79	-84	-72	80	13	13	-66	65	-86	36	-14	-1	31
-83	-63	-69	-90	84	56	54	4	83	69	-86	43	-52	74	97	-18	63	69	48	-92	-91	66	12	-100	49	-92	-12	80	13	-14	-71	71	-79	2	-63	-71	86	-35	68	91	55	-98	-35	-29	-80	-10	20	-88	-60	16	-66	16	23	-6	36	-21	-55	85	-53	-50	-46	31	-52	92	87	34	32	-7	-47	-10	-10	15	87	-98	-72	76	58	71	-44	69	-54	-19	93	89	66	-90	59	-17	-17	95	-15	-87	67	12	-6	-20	-6	-85	48	70
24	-72	-82	-68	27	-3	70	-12	-19	-66	53	95	-48	-98	-68	94	-32	-85	97	-72	36	70	-29	-86	47	-3	53	-26	-52	-61	-20	-10	-31	84	67	-3	47	-80	-78	63	18	-22	51	46	-42	87	37	-56	-79	-37	-3	-78	50	21	81	17	-96	75	19	81	97	-2	7	59	23	-46	2	98	-53	-18	-29	65	-37	-17	38	12	1	-70	37	90	-48	-60	72	-82	-54	-6	-2	73	76	97	90	-12	-27	-50	-82	-57	54	-1	41	-65
0	84	-95	-30	-69	21	27	97	34	65	13	-1	-88	3	75	86	3	32	-50	-75	58	-74	-91	4	5	2	52	-59	-51	-16	-38	7	94	8	45	-52	-74	7	-1	74	-14	-96	82	36	48	-25	37	37	9	99	72	-42	86	-27	39	-65	42	64	92	54	-4	-15	12	-25	-92	-80	-85	-52	-64	42	-95	-89	87	90	80	80	47	28	-39	79	45	26	31	-77	12	-69	-19	94	-72	14	-22	-89	5	67	-69	60	26	-51	-48	57
73	-33	-35	-57	-23	-41	10	-16	82	-50	59	-99	93	-10	85	-19	-51	-24	98	-98	67	78	-32	37	58	38	-79	-16	57	86	74	-43	-30	-10	-29	-21	-17	25	94	-58	65	-38	-14	76	40	-3	-88	89	-89	25	87	68	18	88	-100	-96	54	70	-74	-66	62	-96	-7	90	56	49	-80	-86	65	-90	-33	40	-6	-100	68	-2	6	-71	-9	-53	-74	-74	-60	-100	-42	-72	64	-20	-2	-62	-100	-6	-11	-71	-21	42	-68	32	47	-88
35	-95	-36	85	72	78	-4	65	32	56	75	-40	90	-19	-2	90	97	-63	32	81	-44	-14	-11	85	-74	10	-4	22	-26	-87	-72	16	-3	-36	-73	-6	-70	2	-38	63	17	-23	-68	-63	34	-58	65	-100	17	-58	-50	-61	50	43	19	21	-47	88	-94	6	-12	67	17	-71	-84	52	87	32	-95	-24	59	-10	61	-11	-59	19	-84	90	-70	44	-48	-88	2	-64	-61	-47	-46	66	76	50	25	90	100	-45	33	38	13	-10	-12	64
11	-17	36	91	-64	-38	76	31	93	64	-71	13	-57	-73	57	-40	47	79	11	5	62	-97	36	-68	17	56	12	29	-3	-55	81	9	68	93	84	55	13	-45	44	94	-3	23	-74	17	90	89	-63	-33	29	10	-6	70	-75	77	62	-80	40	-87	7	-65	-11	71	91	-2	85	-29	54	45	92	-13	89	-66	-37	-81	-73	69	66	-8	26	-99	-5	60	76	-36	-19	16	-90	41	51	33	-51	5	25	68	-22	-39	46	-10	2	-49
-3	-68	-23	-22	97	11	5	48	-24	25	9	60	31	-90	-9	-39	63	42	-51	-39	-31	96	24	57	-23	-48	-43	75	-43	-75	-59	13	-66	-55	-92	-41	87	-55	-44	-80	51	-65	-33	93	-11	4	-32	-11	44	7	20	-98	51	-70	28	10	18	45	83	73	-2	-50	-41	98	-16	-79	-29	7	83	71	10	-33	-24	-29	7	47	22	-71	12	13	-41	-54	34	42	-96	6	-74	75	-75	-26	-57	54	77	55	-9	-47	96	81	-54	53
-84	-61	-39	-71	12	73	16	-91	28	82	41	2	-42	64	42	-13	-92	47	-42	61	79	69	-71	-14	-40	34	-33	-14	-21	-90	-88	73	53	93	88	94	83	70	41	-4	42	-39	-57	-93	-54	-8	42	86	92	-36	-6	-23	28	60	-42	81	12	-71	12	-47	-78	54	50	-19	-45	-28	-11	-89	35	54	41	74	-80	100	-83	19	69	10	-34	9	-45	-99	8	-50	-51	11	1	-72	-97	99	-76	79	20	-18	-22	-66	-94	-20	-32	67
33	-68	3	79	-39	-87	-76	-22	13	20	-95	62	-2	-20	-3	-15	-23	-33	78	17	-74	91	-95	-17	44	-66	83	22	11	-5	90	-8	-41	54	54	-38	82	-11	-2	-96	71	-73	-36	50	22	14	84	-44	-71	-3	-53	18	-68	-7	30	73	89	71	96	68	57	78	-91	45	47	18	76	50	-79	13	-59	-51	47	-79	35	-44	-45	-56	-4	34	-59	-72	50	24	37	38	-49	54	-8	-6	-66	-51	-74	-33	77	2	-75	99	-66	77
-70	-37	-55	70	50	21	32	-96	-92	56	80	74	-14	28	-15	-75	55	-70	-16	28	58	-4	81	66	-74	47	-50	-25	-9	20	-32	90	67	-72	58	-31	74	-40	12	-14	37	-10	77	0	19	-75	11	63	34	26	-2	54	84	-95	4	28	14	-76	-47	-55	81	6	-88	22	-43	-36	-13	36	24	14	54	91	89	-51	-42	82	49	-49	-61	89	92	-67	81	-53	-39	96	77	13	-97	21	96	-76	-65	9	2	9	49	55	88	11
14	99	-59	-79	73	-71	-54	-31	-13	36	-72	19	83	-40	6	-89	98	-13	-39	54	54	76	16	38	-30	65	16	-35	-69	92	0	-86	-94	-77	-32	13	3	-20	-90	-69	76	12	71	60	-27	73	80	96	49	-34	15	-63	67	3	26	-47	-64	9	34	35	86	30	34	-30	-9	92	-97	-90	84	50	87	57	-85	-44	66	-82	4	-47	-54	88	-17	0	30	4	76	68	-61	-23	-34	78	-64	-90	-45	-5	30	-75	85	99	-95	-74
49	-25	88	55	-29	67	0	12	-13	94	-60	6	-34	-85	91	71	98	-51	23	-56	-50	86	48	82	94	27	76	-79	32	60	-89	31	9	29	51	35	-68	-48	66	-46	-60	86	25	-72	86	71	56	69	51	5	-22	-100	-98	94	-34	-61	-26	35	23	0	7	100	7	46	47	-85	60	-32	-38	-90	-40	-63	-71	0	29	86	-11	84	48	34	45	96	94	-99	-90	-96	-26	34	-89	61	-63	-70	-32	54	7	75	26	-31	-68	59
14	82	25	43	54	75	42	-13	-11	94	38	-7	-17	85	-49	72	-11	-76	72	86	-75	24	-26	-18	93	77	77	-64	43	26	36	10	-28	-5	-71	83	-46	-2	14	8	-76	32	-44	95	-55	-60	74	-31	36	-89	88	-64	37	-43	6	-91	-96	8	67	98	-44	-75	-40	7	92	-41	20	-17	90	99	-33	-12	-45	65	-92	97	-17	83	-60	-69	-67	-3	-47	-83	-80	-26	13	9	53	-13	4	32	-63	14	43	-28	-85	-86	71	-40
11	-80	-5	60	-67	-28	84	62	77	91	51	82	20	81	72	6	-43	-77	79	18	-23	89	9	13	-58	0	-42	-56	-58	0	53	-77	-68	74	18	-33	-62	89	-30	100	70	47	13	45	-95	-85	40	-2	3	61	-2	-10	-21	24	70	-7	61	59	-44	16	-15	79	-76	35	-38	-34	34	-72	85	63	-18	80	83	-66	32	79	62	11	-19	-22	-51	-28	-77	-72	-83	91	-45	-37	88	-30	-23	62	-37	-79	-94	-12	-60	78	-31	-10
60	-56	-66	70	44	-1	53	24	-14	40	82	13	-29	30	76	-37	37	-67	10	-87	52	-15	-88	87	-31	-63	-11	96	48	58	90	79	56	-29	-39	-42	-96	72	39	11	93	66	-78	53	27	73	54	81	-48	-27	23	34	98	19	-43	92	-60	-27	56	75	45	-17	-2	-81	46	50	-6	-9	-31	60	6	39	44	70	-80	99	24	-88	36	18	-85	-6	27	-36	-21	25	-61	26	79	15	-91	-59	8	-19	16	77	-26	-16	-10	-92
-100	-71	-24	95	55	17	-32	-22	51	8	-73	-64	-39	-44	88	-14	28	19	-75	-28	58	75	-56	20	54	16	-38	9	80	72	75	-2	79	-9	51	82	65	36	-37	-3	-10	36	-97	-18	43	89	9	-70	-71	50	11	8	89	96	33	66	-97	-56	-16	100	-43	25	-74	9	-57	-29	91	-99	44	-8	39	-91	-77	62	38	81	25	-7	77	-62	46	2	0	5	48	4	51	51	-19	-21	-60	-52	4	-9	-25	-51	-78	-46	-4	-70
-66	82	25	-4	97	-57	17	49	-64	47	-6	-66	58	-48	38	-19	51	-53	71	87	18	45	-4	23	-60	-89	94	16	72	57	-19	-8	-100	-66	35	80	79	45	61	-33	6	57	-70	64	-35	100	95	-57	3	-41	-63	9	-87	-64	5	52	-82	-50	72	-74	53	89	-8	33	4	-95	98	26	-35	51	-15	50	-21	-57	20	30	73	96	-38	32	46	-86	-46	-75	-89	-49	69	62	-53	68	-4	4	-100	-48	51	-70	-75	-95	16	15
43	85	73	93	-81	94	-87	-66	62	-19	-57	76	26	73	-78	98	54	8	-14	8	-57	16	71	-79	-64	-100	49	-95	87	28	-29	-23	-59	-34	-46	18	-21	70	-38	-70	-8	2	-89	76	86	71	-60	99	-6	-80	-7	-64	-88	80	-15	43	-89	-18	79	2	-24	-88	97	28	-80	7	73	97	-44	-8	83	67	-93	41	52	-76	-59	32	-6	80	-90	-36	-23	29	-7	-42	-72	100	21	86	38	-98	-46	-96	97	15	-75	58	32	74
16	-31	19	-83	28	11	76	-39	2	-95	76	62	36	19	41	19	96	-85	-46	-93	32	38	-83	-23	88	84	-56	84	32	-94	24	42	1	39	44	-80	-86	-98	-84	-48	-43	-1	92	5	7	-8	25	-75	67	25	65	26	-27	9	85	54	-15	63	43	4	23	-81	36	30	25	12	100	-82	-56	61	-38	50	-79	-89	-53	6	-44	-44	-98	-91	-51	-29	98	62	58	-80	92	-30	-8	2	-67	23	-52	-50	97	15	-15	-79	83	62
-82	53	52	83	56	47	25	-58	-13	24	93	-46	-55	-32	-60	51	-90	41	67	17	35	22	46	-51	-9	-63	99	-8	58	-7	-41	-57	17	-96	57	-71	-28	56	52	56	72	-22	40	54	-76	-42	73	66	3	-6	53	72	-99	-79	-64	39	43	-3	-69	-6	-16	88	12	-90	-30	89	-34	-34	-45	-73	57	22	-35	34	79	-47	-49	13	-94	-18	21	69	96	74	-97	-23	-70	80	-11	45	-71	-70	-97	-88	-76	-72	-63	70	18	53
