-47	-89	-21	86	94	-22	15	-68	56	-10	79	26	12	79	14	84	51	-96	-61	47	6	-68	42	25	51	-72	-1	-100	94	-37	78	-94	-69	10	-60	-22	43	-83	-21	67	88	2	-30	33	75	7	45	-60	-20	82	36	-21	-18	42	-8	-93	-36	79	-74	-44	97	25	98	-51	-33	27	21	-56	-83	64	45	-81	-31	35	56	-81	93	97	18	-54	62	59	16	-10	-49	-93	-6	-12	38	5	84	97	70	99	60	11	-88	-53	1	-39
-95	92	4	34	-14	-55	62	96	-36	-90	-30	-65	77	38	-87	-58	93	-19	49	-85	27	-54	-100	72	-73	-56	26	-4	79	28	-23	-25	-88	-55	60	-35	-51	-27	-94	-94	84	-6	-13	-47	-90	76	24	-2	48	-93	-9	-90	-44	19	94	-49	31	34	29	95	-49	-31	15	27	26	92	10	59	19	-22	91	-8	45	47	51	95	-96	70	-74	-43	-29	-35	-68	75	2	-43	-2	37	56	-87	84	12	14	-6	-36	-79	-54	49	57	-86
-21	-90	20	-15	70	11	-40	-64	30	34	6	-64	-80	43	-40	-40	27	-13	82	39	-46	73	69	-66	15	16	-39	-29	-62	-83	-51	87	-43	-11	-81	-70	-53	12	97	-68	-74	-28	-99	52	93	-89	27	-44	0	-4	95	7	44	93	-1	-73	-55	-18	7	-73	48	-47	-76	-27	24	-54	61	8	50	-20	17	-58	16	-73	85	67	-34	40	-61	80	51	51	-1	-94	-72	-3	-66	78	-54	28	-77	86	-100	-2	-12	95	73	-10	-30	-36
50	-76	-1	-89	-15	26	-74	-93	-63	-22	46	9	19	-55	-76	-98	-98	53	-42	54	80	-69	93	-30	65	-93	-43	-19	94	64	-64	-57	-57	-76	-25	-73	-42	-58	95	18	-24	47	-13	54	-27	-59	48	58	43	21	-53	-60	-92	-69	49	67	83	68	14	16	-47	-9	98	-35	-19	-16	52	-67	82	-22	-28	-94	13	-47	-24	-19	-48	-72	-93	25	74	-87	-92	-72	71	-88	99	4	-60	75	6	79	68	47	66	81	-66	-68	64	1
57	-54	-21	1	49	55	34	-17	3	59	54	-37	53	7	2	-36	-3	-74	8	-63	56	-44	96	50	-90	-75	-44	11	-1	85	20	-83	-67	35	-4	92	0	54	-81	-23	78	32	83	-35	96	10	-79	-11	-16	-61	80	-21	-19	-64	52	-98	-25	-35	79	-96	64	15	-4	72	-41	-52	10	21	81	74	45	68	34	48	-35	12	74	18	-68	69	87	-2	64	-54	-27	-53	-86	96	44	45	66	-1	-33	18	-91	-10	79	-59	-32	93
-54	-83	-44	-94	-72	100	1	-48	-90	-80	63	-16	39	-89	17	-35	57	64	23	58	-21	36	-29	-24	-48	68	-1	82	-53	-81	62	30	10	35	19	-27	24	-55	18	71	44	85	46	93	-33	-26	-82	19	60	64	-45	-72	60	49	-33	30	-14	77	52	-9	-48	-11	24	64	93	-51	-14	75	-6	19	56	50	97	-95	94	87	-56	93	-9	-89	-11	65	14	-89	26	19	80	93	-72	-64	54	-63	-8	32	79	97	12	-67	70	82
78	9	-15	-97	69	-41	62	35	28	-67	-88	91	57	59	-2	11	51	-89	-30	-50	79	62	54	-48	3	-19	39	18	-74	-90	-79	-62	-5	77	45	-50	97	90	41	-87	-38	-29	4	36	-1	68	57	-72	24	-75	90	-35	36	-64	21	-77	38	-70	-40	-42	-97	-93	-39	-13	-93	-61	89	0	-61	2	-9	48	-49	5	8	-87	-32	88	66	63	-63	-77	13	-59	52	-70	-24	-71	-44	68	-55	-71	26	61	83	-60	-67	-6	-40	-83
14	-94	73	63	89	45	-46	73	60	62	58	87	-79	-11	84	-95	-93	-21	96	-16	88	75	19	-70	-65	-49	69	-15	21	53	58	80	-63	-68	4	-32	8	68	-88	-56	42	-29	97	17	78	-63	-53	-57	-59	8	-11	-88	-47	26	-81	43	15	-100	-33	-99	81	82	-19	-59	-51	-49	-40	-80	-21	-42	-57	64	-44	-20	-99	55	-42	-56	79	31	-7	-59	-20	42	-72	-79	82	34	9	-68	11	-64	76	28	68	30	-8	-92	72	62
-58	87	77	-48	-16	5	-18	68	-26	-26	32	44	-13	-62	-91	-25	47	-2	73	16	2	35	-23	19	40	62	-12	-75	93	-79	34	58	29	-57	-47	24	-30	-40	79	7	-7	56	1	-5	87	83	-67	-46	-18	82	45	-16	94	-11	33	87	12	-62	36	63	23	29	29	80	60	52	-18	58	87	98	48	-2	-8	-43	-99	-66	98	-10	-91	94	11	91	6	-55	-77	82	-62	29	-10	-57	-26	-61	-78	64	-44	-84	67	-47	0	62
-12	79	-40	-99	-85	-47	80	-75	-77	-99	23	-95	-78	-55	-91	24	-62	-74	11	-16	54	90	-42	29	-87	46	-68	-22	68	77	58	71	-46	84	-28	61	89	-55	-99	-50	87	-45	16	-92	-94	46	26	12	20	43	64	-98	-65	-94	28	77	-98	-43	83	-59	71	19	29	100	90	-24	48	60	9	-39	-15	53	40	16	-39	35	49	34	27	-8	66	-6	-91	-66	76	-94	11	59	-10	-14	15	81	49	35	-62	3	-90	-20	-95	-69
-13	0	81	-96	-20	-94	-41	61	60	86	5	-81	65	-55	63	24	-55	-78	36	57	75	16	-2	-77	19	-58	-83	17	-14	64	-19	-67	98	-8	-5	89	-75	-68	-90	44	-94	-34	69	25	37	-68	-95	-33	65	-67	85	-61	-52	-2	8	-58	65	21	18	11	-60	-86	-43	-35	-89	19	30	-60	67	29	-41	41	-32	67	21	75	34	-64	-79	87	-28	98	81	-62	66	-60	21	86	-14	-81	48	-16	14	11	33	-72	4	-47	-40	-84
-56	17	-36	100	1	92	60	23	-9	-61	-45	-66	-100	3	-87	30	45	46	-79	-70	-55	-75	89	63	17	-34	-59	65	-20	82	-65	-4	77	-60	-42	-48	-33	-12	-9	94	-19	-72	-62	63	-38	98	80	64	63	58	-95	55	98	-1	12	88	69	-71	-3	-58	7	-87	-89	60	91	93	-87	-99	94	39	-2	-42	13	-77	-31	-4	-14	-18	94	66	-82	57	89	-18	11	30	-78	-79	-58	-43	32	51	15	-36	37	21	80	56	39	-62
15	81	11	-10	-57	0	68	99	74	83	41	-39	73	76	-82	21	85	19	74	-44	60	26	67	68	25	-51	76	15	21	25	50	11	51	-21	75	-41	15	33	-66	3	99	-22	-21	45	-42	81	94	59	92	-97	-92	42	78	20	45	-43	79	-20	86	57	-71	37	37	-19	-76	-92	-30	52	-25	-93	44	-89	-62	-20	44	22	60	32	-41	-2	83	53	-10	-73	-88	-100	100	-84	29	17	-75	-48	-51	85	44	1	-11	72	-9	-69
76	2	-70	64	-49	93	100	-14	35	17	16	14	-43	32	-29	-79	8	-40	-39	13	-5	-74	-7	62	-29	91	47	-77	97	61	-18	9	-74	-6	39	-56	96	51	64	93	15	-14	-67	17	-25	-87	42	24	16	17	84	-66	21	34	50	-21	-47	-92	-74	-11	-38	49	93	3	12	68	-16	96	27	-89	-96	28	-24	19	-80	40	-39	-36	-68	91	32	37	73	88	70	100	-62	39	-68	62	86	-34	-86	-31	50	-62	74	-78	26	84
25	57	10	-86	60	-97	-84	60	-24	23	64	-10	64	-29	-37	-71	-30	67	-61	1	4	45	32	-36	-54	94	-25	-27	28	-48	3	38	-51	-63	79	-34	14	-78	-3	79	-98	-43	-97	96	-15	26	-61	81	-53	1	18	-5	11	-7	67	-11	-81	97	22	-88	-15	-39	63	-81	52	8	-98	-21	-45	-52	34	-99	86	-99	28	76	-84	-55	59	-20	-18	-97	27	4	56	23	-14	90	-16	-78	97	-45	92	54	-7	30	86	-7	85	-23
95	29	-75	-64	48	-53	-69	-7	52	2	68	97	51	54	-48	100	18	48	73	86	39	90	73	-35	63	-37	34	-74	85	-98	-14	-1	-9	55	-42	-44	-4	-14	-4	78	38	60	-31	-61	-72	-31	28	66	42	59	-17	18	-82	36	44	-41	-29	72	42	21	26	3	-5	-76	30	-23	24	-69	-100	55	96	-76	-10	-74	71	76	-54	-63	44	55	6	-26	-38	-93	29	-30	69	-98	8	-83	-88	84	16	-99	-42	75	52	59	69	53
-86	30	-97	95	8	-93	-72	57	89	-51	63	100	-3	-92	-73	69	-24	12	-31	-4	-90	-39	86	-50	8	53	38	21	83	59	-69	53	-27	-41	15	13	91	51	75	20	-97	44	63	87	-44	-22	-87	-77	3	88	-29	35	78	-45	-83	-30	23	-9	-16	57	-66	-19	-56	80	-32	59	-48	-64	-5	5	10	35	-1	40	-100	13	-28	50	-32	-43	17	-64	-45	1	-41	24	95	15	64	81	-36	-81	64	86	-18	22	52	-42	10	56
61	-22	8	-90	-48	89	-33	-56	-26	11	-19	-76	50	-81	0	11	-25	-56	-73	19	95	39	40	-1	86	29	-14	-56	58	19	-11	-94	55	-65	-70	-59	88	-71	65	-100	19	22	13	-22	-54	10	-72	80	-61	60	-47	53	-77	12	-80	-24	-71	-59	17	28	-100	-45	26	-84	-23	-5	44	45	83	65	32	24	-75	-62	-25	-52	-19	-72	-77	37	54	75	-35	96	-37	47	40	-68	-11	-22	-18	-2	-58	-85	27	-14	20	87	48	-87
-59	-32	-77	-10	26	85	67	10	-38	58	-16	-24	-30	0	-100	-90	-98	86	29	-80	-14	99	-66	20	85	85	-44	54	-49	-13	-75	93	-63	92	4	-79	76	-21	30	59	57	29	-17	-99	39	83	37	-58	90	-41	15	-78	-29	-42	-71	-90	36	27	52	-14	-53	-81	8	37	-87	-4	85	94	61	-9	-3	53	-84	-83	-46	8	-62	41	49	-81	-6	68	-10	32	33	71	-31	-51	85	-74	-22	-20	68	-59	-26	-43	-16	-46	24	-63
-21	-19	33	-36	17	-98	-71	87	-63	-70	-5	-16	-61	-38	31	92	83	65	-30	57	-88	29	-72	0	-10	-94	0	-85	66	-2	-62	40	82	67	98	6	62	81	-88	-94	-83	-9	-48	11	-6	-56	-89	72	-57	-5	66	-34	-41	99	-90	28	-66	10	-22	-44	29	-1	61	52	-84	10	90	-56	95	48	31	76	-75	-4	86	-52	10	-62	0	-92	-13	-27	-54	40	47	48	99	21	-73	59	-60	-58	-32	-70	10	24	52	-85	40	42
47	-55	-55	92	13	-4	-63	-96	-3	76	-86	30	-93	49	-92	88	70	48	69	-100	-69	88	-82	-25	100	-98	-3	-42	23	-14	-39	49	1	-91	49	-99	34	-7	33	33	-58	19	-43	-9	94	-99	26	6	-11	-39	94	-58	-85	-38	50	-48	68	-96	-43	68	22	-4	-26	-15	83	81	28	53	-24	60	47	-22	-84	19	36	89	-17	95	-96	72	-57	-40	48	58	-23	-78	-94	-99	-31	19	19	87	-85	-70	84	20	-90	-22	46	86
100	50	40	54	36	-75	-92	-95	-54	87	-48	4	-6	61	66	-52	-32	-41	-85	-97	36	-31	7	18	-89	-90	-45	76	-78	-25	16	38	-59	99	-1	-97	71	94	5	-52	41	-27	-53	-94	-92	66	17	33	-30	53	78	69	38	29	22	-34	-4	51	39	-100	58	66	-45	82	-11	-60	-82	-18	73	50	-57	34	90	-12	-65	-84	63	-78	-22	-49	47	32	4	-18	71	7	53	-98	56	-59	92	40	5	-16	68	43	20	54	12	-90
-59	-82	84	-96	23	83	33	-60	-71	-100	58	63	-15	1	-8	-19	-64	87	-34	71	8	-92	-14	55	63	-100	-92	-81	-27	-76	-91	-93	5	-86	40	68	58	94	89	74	-25	88	27	89	76	41	64	53	17	98	70	86	-65	-21	-76	94	-54	11	41	88	97	-45	20	64	42	-7	47	63	-28	73	52	-10	57	41	55	52	-57	-71	6	-15	16	79	17	-56	-7	40	34	-36	-18	59	94	89	71	95	82	-70	48	-39	-11	-54
3	76	-28	54	52	-73	-15	-8	34	17	72	94	-84	59	-59	-97	-85	-91	70	-30	-39	23	-45	-32	-29	96	-1	64	0	-74	41	35	-5	-87	-36	-79	28	-67	-77	-9	11	89	77	50	53	-13	61	-81	40	38	22	22	-40	33	-5	72	-88	5	-89	6	-74	-8	-78	-15	-90	-76	84	-32	-53	61	-37	72	31	69	73	26	79	-4	29	12	89	-3	64	72	-47	-16	-61	-59	51	42	27	3	58	38	-31	7	-73	-5	86	-60
-38	23	-59	-87	9	-48	-83	-23	78	53	-40	38	76	44	-15	-21	49	3	1	-4	-71	62	70	-37	-37	28	-64	12	94	3	-46	16	73	-35	2	47	-39	-15	33	3	-90	-89	96	-23	-50	22	-71	-12	3	51	56	8	77	-58	97	-5	-89	-13	-80	-49	52	37	72	59	99	-37	-79	-85	87	95	30	-69	11	-27	71	-88	25	23	-38	57	-36	75	-71	15	-30	78	55	-47	-57	34	74	27	-41	33	46	-3	-41	83	-27	-35
-52	-6	-5	98	-75	-48	20	-21	-29	-60	61	-41	0	-68	-24	-50	4	-61	-23	-22	-20	-95	-51	47	59	-37	-78	79	-40	-35	43	6	-10	-14	-94	46	59	50	-74	-87	-69	-23	-22	-60	-31	-2	-78	62	47	-37	86	81	-49	69	-4	16	53	78	67	-90	60	96	-57	51	-78	-34	-23	-6	19	87	-44	31	-71	40	42	-24	-89	-75	72	65	-43	-76	23	100	88	12	61	-10	-1	-56	61	46	74	29	-72	-18	82	-27	38	-17
-73	-26	6	-19	-43	84	-42	-8	38	-29	4	-28	22	56	50	-32	78	93	23	-94	-84	12	-46	19	-21	-56	12	71	-17	-35	-59	-67	38	-84	70	-9	53	-40	-49	26	15	74	-47	-82	-3	-56	-20	4	94	-65	-42	-61	35	0	68	22	72	-82	-13	30	-36	-10	-12	64	-95	71	43	-45	-30	20	89	20	-76	29	-42	32	72	50	-50	-62	-92	55	52	21	85	61	49	-63	-15	99	-19	-59	25	-84	-84	49	47	16	-29	22
-14	69	30	50	-40	-14	-86	-33	76	43	88	-92	98	33	-46	-32	-44	-98	-68	-64	-31	50	-94	-76	66	11	96	61	10	-42	-50	-92	36	-60	87	71	11	-56	-1	30	90	-76	-17	91	98	-77	-6	66	-81	-25	-73	51	-57	-15	82	34	55	-60	36	26	44	89	21	16	27	19	44	-63	-99	46	-32	-36	-69	-33	88	99	-33	6	84	94	7	31	-15	12	25	15	57	-98	36	74	80	-5	49	8	20	8	-55	34	-37	-32
-23	-18	-91	-86	-92	-25	-88	50	-49	-85	45	10	-18	-63	-56	-69	-8	-79	-94	36	93	-59	-95	-77	44	-11	-60	-43	20	51	-82	-88	19	88	54	93	-68	30	-66	-44	-76	-91	-83	-91	12	-96	-33	-67	12	91	36	-18	-8	-19	-4	2	22	-60	-55	39	-53	-35	-75	-57	-34	-68	-44	-20	76	55	-36	90	17	42	38	0	-72	14	51	93	82	81	99	-3	-84	-46	-87	-98	-96	39	96	-89	63	10	18	28	38	72	-62	31
-32	-62	89	83	-17	-9	-92	-42	-69	85	91	83	49	-68	-23	23	55	-88	-39	-76	13	-42	68	-4	94	87	81	-92	77	36	4	15	86	-4	-17	-40	-16	-70	22	74	-69	-27	-11	51	-95	-29	-14	58	-13	-81	-1	-81	-6	71	26	-33	-64	-86	-64	26	-85	46	-93	-38	-2	-5	67	-87	97	62	54	38	-45	39	69	36	-21	4	15	21	-93	-10	4	39	-61	67	30	-44	-24	-81	-10	41	-81	-9	-91	-42	88	30	78	-33
-85	3	14	-3	0	24	44	-19	23	51	-86	-5	-94	97	38	-8	-65	89	15	95	7	-98	-12	96	-4	-89	19	8	-88	-2	-89	32	-66	-31	82	56	-35	36	-14	-53	-99	-1	-46	-79	-23	-82	7	-13	-18	39	9	-53	54	-29	-11	20	90	81	-92	83	-11	10	-51	-81	-57	90	-34	80	93	6	91	99	-4	62	-59	-64	56	-100	-27	44	95	88	-23	0	24	14	-18	15	-60	-38	42	-82	-92	-5	72	75	-27	100	30	37
52	15	-90	-93	54	-85	26	-41	-14	-100	-45	0	-97	28	-83	-3	51	-79	56	65	-47	-8	-46	60	-91	52	-39	-10	85	-27	20	84	68	-46	34	72	66	-70	-45	26	86	-41	-56	10	3	-4	-76	-98	98	-83	-61	-90	74	82	79	-91	79	-12	-72	-59	-29	-54	-20	-28	-72	2	54	52	11	-100	-55	-93	43	65	9	-81	74	21	46	63	-49	-33	-60	48	18	-47	41	70	-42	81	94	-24	-23	46	52	90	-19	-87	-46	-93
33	-85	47	97	-30	-7	-35	-90	-60	-97	-37	58	85	-43	-94	-34	100	78	39	66	-20	88	77	100	82	65	19	-55	29	75	70	-93	97	-87	-20	-52	30	20	-34	-91	-62	-48	31	-22	13	-65	74	-16	-77	10	-23	-45	-11	-3	-1	-70	-50	92	-75	-45	-37	46	-70	-13	22	31	35	32	-96	-33	3	-49	-91	-94	13	-23	5	8	-74	-42	-83	99	-99	88	12	77	5	-8	-81	27	-10	-43	-57	74	6	55	-1	-85	-76	-99
6	-29	92	-46	77	-98	-62	-44	41	-98	-42	48	-4	-11	53	-85	-63	57	34	-91	37	-83	-36	43	-44	47	-88	-93	97	49	64	-76	80	-16	-12	-98	73	-50	-37	-59	-40	-1	-36	67	-82	-84	-2	8	-36	-48	55	-37	4	46	28	-61	-94	-43	-15	-28	-61	68	-85	-25	69	64	-75	99	-43	-5	12	-79	7	82	53	23	73	-95	55	87	24	-24	28	92	75	-50	-43	12	-38	-65	-25	-82	57	-61	-59	-74	-66	-78	16	2
67	-48	82	29	40	-90	-22	-64	81	-26	-38	-59	50	-55	-67	97	93	-15	69	-33	27	-74	-20	-76	-43	-62	48	18	84	96	16	-90	-1	-28	10	-77	70	8	-43	-36	11	48	-69	-23	23	9	-34	-81	94	-26	-34	86	-18	84	-20	63	8	-41	-94	18	4	-69	-24	16	-58	77	6	79	-22	29	51	98	-66	-54	-3	24	12	77	-95	31	34	95	-16	-40	-27	-69	40	-55	-56	-52	-16	65	-52	37	36	30	-92	-28	34	67
53	40	-24	-91	31	8	-94	9	-33	-43	-9	-9	-24	23	-22	-48	45	51	-73	-61	92	93	79	49	-67	75	84	-23	-83	-64	-42	24	99	-78	23	46	-93	-21	-18	96	97	-48	63	85	-41	-99	-41	91	81	-38	48	91	48	54	-34	83	-18	-26	31	49	0	-62	33	-2	-15	-42	1	17	53	-26	81	97	-5	-64	78	95	-98	-9	90	-96	76	-30	-69	86	6	-58	-5	-79	41	-72	-67	-20	-11	-27	50	-43	89	-46	-21	54
64	-37	-18	-40	31	-58	-15	43	15	-39	73	-24	52	27	-4	-7	-2	-82	-54	-85	-64	90	69	15	-48	-19	-62	89	-72	-90	-6	-70	7	-33	-76	33	-100	52	-73	-20	79	24	-65	35	88	-21	-54	-13	-19	86	-98	14	20	-57	92	-64	94	-53	61	49	-70	-11	50	18	-95	-94	-42	-35	8	11	9	74	-73	86	70	76	-9	63	58	51	-73	9	-21	-97	-1	10	-18	-100	-65	-58	26	42	83	94	65	97	3	-33	-33	11
-24	-82	-18	4	2	29	-97	-76	-11	-46	-13	-49	-39	-79	-21	-9	-8	-49	-5	99	-37	-21	-47	-49	56	-61	-47	62	-49	-58	43	39	29	-100	88	-25	-23	-21	83	-58	-95	-79	-29	-56	58	38	-54	-6	11	44	-49	51	-9	75	84	64	-22	-85	-39	76	-92	-18	68	12	11	-46	43	-71	78	92	-4	59	-51	27	90	30	-47	74	100	-13	96	-47	23	-45	71	-13	48	24	5	-96	-34	-29	36	-5	90	3	62	83	-29	-86
-70	4	68	-37	-71	-19	76	-22	46	38	100	46	53	-18	-54	34	98	-17	52	28	-15	45	18	53	76	-19	-29	90	4	48	-85	13	91	-15	32	38	-11	54	55	67	61	40	53	5	52	47	-62	99	29	82	-57	-87	66	14	84	-57	23	39	3	-79	50	73	98	81	18	73	-100	-44	24	-19	-88	-8	96	43	13	79	28	-21	-73	-94	84	-79	30	74	67	-16	94	19	-83	88	96	6	-1	58	-99	87	61	37	100	-21
-44	-87	-3	39	-73	-75	2	-92	66	-22	-41	-11	16	30	27	42	-98	-82	96	-8	-1	1	-6	20	-56	-14	-14	92	9	-93	-77	-70	95	-19	49	-24	-60	32	49	-1	-45	13	-78	65	-24	37	54	-22	-20	-46	-52	-89	-67	-69	42	34	99	60	53	-82	65	3	-50	-54	32	0	-74	35	-81	-34	-70	-43	-48	-57	-55	66	12	-41	-87	-89	61	-64	-29	-76	-50	-59	76	-26	-87	13	1	96	-48	-62	26	-42	-13	97	-64	-68
-77	27	-69	-31	5	38	-57	7	-6	27	-17	40	19	-71	-45	-18	26	6	100	-7	4	58	59	-55	-29	38	67	-74	73	32	19	87	-18	82	27	58	51	12	-13	89	82	-91	-12	80	5	-81	3	-59	69	69	27	-51	-66	19	80	84	-87	-83	-70	-73	-72	15	-63	79	42	36	-32	-55	87	-39	-66	-35	1	68	-27	16	97	-19	29	-13	-44	-59	7	51	21	20	29	6	27	87	30	-44	-31	16	68	-68	-16	-50	90	98
43	80	-72	-78	-43	49	-72	-27	17	-3	56	-75	71	-83	-99	56	25	-83	-36	-44	-78	26	-12	86	79	2	24	54	-37	44	-98	93	-96	-93	64	-40	14	23	11	-85	21	-98	-17	-93	79	93	-8	-31	-97	14	97	-86	-87	-74	-12	-85	-63	-55	-62	-36	57	-94	-36	8	74	-3	-81	23	86	-14	-64	-10	56	-85	87	95	-43	66	56	23	10	-51	-38	14	60	49	-17	-35	21	-20	4	-29	57	5	23	92	-62	-12	95	-97
47	-10	-6	-25	-4	-54	57	93	40	-98	-95	-72	-90	-62	59	-87	-27	8	-11	77	-53	66	-89	-52	44	39	69	-89	-83	-23	-73	-55	63	61	-81	-25	4	92	73	-32	-22	-36	-88	-14	23	-84	-30	84	-46	56	-68	-38	-85	-44	-47	29	41	-62	43	12	-51	61	-84	-62	51	-21	-17	90	-13	92	-15	58	52	59	-71	-8	34	30	-30	-31	24	-54	-92	-93	64	12	-33	60	89	-12	94	46	-48	-14	-69	-31	-26	-30	-84	-83
-44	-92	-45	-42	-27	-5	-39	-54	-17	18	72	63	87	93	4	-84	-58	-91	80	96	88	-37	-51	41	-83	-84	-96	-38	-69	-8	84	81	75	-36	-19	35	37	-75	16	-95	38	-79	-86	-21	67	-80	-95	-100	-85	71	-40	43	68	80	83	-95	-97	2	-71	-2	-2	50	-89	79	-90	3	-40	-59	52	-39	-33	49	50	-88	35	-88	-80	93	-66	-78	-40	-4	44	-3	51	24	-70	-23	99	-63	14	99	47	-31	-34	27	41	-71	38	-74
88	81	-34	-18	62	-31	53	-3	-83	-64	-61	57	28	-73	-84	-28	88	-69	31	58	-9	32	-35	41	-20	-84	34	-2	-27	69	54	-85	-6	66	-15	-57	50	-55	-78	10	15	-71	-98	-3	65	-55	10	45	8	57	-88	58	-46	81	54	-12	-72	66	0	-57	31	-49	78	-42	94	27	-8	26	-92	67	27	-25	48	-4	39	-81	69	62	35	19	-23	-64	-96	-47	-6	79	97	-49	51	34	-92	0	-48	48	-85	50	1	37	24	53
-8	-24	-13	71	-77	-18	-76	89	-15	36	32	-89	43	-30	0	-4	44	100	-56	38	-46	-33	-48	58	-30	-97	89	55	63	56	79	-38	20	-28	33	67	31	-81	-68	13	19	-23	-64	63	-3	44	35	-96	-80	-48	19	10	-55	58	-24	7	-31	-27	-33	83	-82	14	20	-96	53	72	-15	61	-91	20	-8	92	-48	86	-84	56	-74	86	-47	94	-30	-96	28	10	4	-6	15	-64	40	67	-76	37	14	6	4	97	11	85	-17	-37
34	47	41	-97	36	46	-34	-71	81	-11	-11	66	-43	-55	62	-43	68	-18	86	-91	-21	-60	54	-19	-98	35	-29	71	-75	-39	-69	36	12	-15	66	-63	75	47	-13	67	-12	-44	-21	-73	85	-90	-57	-5	-14	-90	70	-85	21	60	54	61	-69	-1	52	62	-2	71	85	-25	39	-32	54	-8	-34	-82	-92	-18	-51	74	-30	15	59	59	-34	-9	-34	-61	76	60	40	97	93	64	-62	-67	57	-47	31	-84	-43	57	34	25	65	-28
68	63	-57	-25	27	-88	-61	20	52	-8	-56	83	92	8	10	30	97	-20	56	-96	-82	1	32	81	-94	-1	70	-83	-2	11	34	32	-31	-32	73	-26	39	77	-15	57	70	-22	92	78	-21	4	55	-61	-35	25	-70	-87	-12	18	-50	-29	0	-15	34	-82	30	41	-6	7	2	18	39	89	21	25	-70	-70	-26	99	50	41	-17	26	-55	-17	56	-42	-73	-12	20	56	42	96	-62	-86	-52	-36	41	81	-88	53	19	-78	47	-72
26	-35	-21	10	35	-9	69	-32	82	-57	36	81	37	92	-97	38	-14	-9	67	-9	-65	7	-52	52	40	-100	-31	35	11	-45	-72	-43	48	71	-16	78	12	-91	-98	0	-76	98	56	47	98	-94	53	-95	66	-34	61	31	-6	-29	82	-84	99	-36	-26	-23	-18	39	-58	1	-62	92	-56	44	-90	-40	-52	39	93	-87	-62	-50	5	-15	98	-6	-86	69	20	77	70	-83	9	-93	-32	-92	-72	85	-5	13	-7	-48	68	-22	-16	-80
-41	97	-55	-85	-91	53	68	-58	65	89	8	48	-68	71	-10	-71	36	53	-66	86	67	-31	75	-24	4	-97	63	-5	-57	17	20	-91	28	-59	-38	37	-100	-88	56	-81	-25	-23	-53	-72	-14	79	59	20	-38	-59	16	60	14	-19	71	-6	-6	-65	-73	19	-71	22	-35	58	-98	21	49	91	14	-84	-55	-1	-94	-24	-39	16	-2	-38	8	-69	-13	43	-100	51	72	-24	33	-39	-59	-87	-99	-43	-91	70	-66	45	-40	71	55	22
29	-40	69	-72	-84	43	-6	-10	-42	-38	-7	55	-68	-24	-91	-9	52	-61	-22	44	-13	38	62	-32	-16	98	-18	-9	90	-10	34	2	-83	-60	71	50	-82	96	20	26	8	-2	-66	94	76	78	97	-16	-60	64	42	64	-12	-57	-85	84	-18	-53	-46	46	28	30	-81	38	74	-82	98	-74	-8	56	93	64	60	64	21	-56	33	86	51	-95	-37	-58	96	-76	-17	28	56	86	15	94	-75	-37	-44	-68	-60	-29	-69	0	-74	-56
66	38	67	6	30	73	-94	-6	74	-95	-8	-68	20	21	-40	-21	78	45	36	95	-55	-19	-57	70	-68	-29	-39	-54	51	-75	-61	-49	69	-60	81	25	23	73	46	-86	-37	-57	-28	49	-8	-58	53	-90	-74	-16	-80	-57	80	-18	-88	28	-41	-54	-77	32	-89	71	-70	-43	96	59	15	-14	29	56	-59	98	-42	39	-37	-23	-34	-81	-37	66	-38	77	19	-5	-100	-10	-82	18	78	13	32	-58	-24	-71	61	-58	64	-78	91	-75
-83	-56	25	-58	-53	-81	-12	-25	-63	-28	71	-85	-56	-95	89	-93	-23	-19	-9	-26	58	89	-32	31	64	-5	-1	71	-73	-12	24	-7	-92	-74	81	-46	-45	88	-8	-20	-21	-53	84	16	39	65	27	70	47	-27	-74	58	68	-39	-17	81	-100	-88	81	48	29	-4	16	72	-96	16	78	57	-17	-13	84	-73	7	55	-23	-51	-18	75	-82	58	-86	50	-91	-90	-33	-26	97	-65	-100	100	12	81	67	-98	63	-82	-41	-29	33	37
-18	-21	90	-82	3	16	-87	24	-59	-15	73	15	21	0	30	-64	3	56	-58	6	10	70	98	76	74	0	58	43	-52	87	-41	80	-47	-14	-49	-72	34	29	-48	-87	70	-100	95	32	69	61	35	-51	21	-28	72	79	58	-74	-100	4	22	43	-50	-18	89	57	-66	24	-13	-10	-98	-90	95	59	-99	-3	13	-58	-69	-58	96	11	-49	-55	3	-72	90	-45	17	-89	-58	-64	-15	-60	77	1	-28	-42	-89	50	-15	-18	53	19
36	-1	85	-88	45	80	61	11	18	-85	-26	55	65	42	-94	9	-26	-69	-18	22	31	-97	-52	-38	-1	18	96	-30	-2	-69	7	-72	5	66	67	95	-63	-25	37	-69	96	-87	-25	-79	33	-1	78	-34	-76	-74	48	-46	41	-71	-57	54	44	-77	4	84	84	89	36	65	1	-45	-37	25	-34	42	0	23	9	31	-74	-88	-26	3	74	-90	-100	-5	-35	-35	-52	81	76	36	-85	57	0	-75	60	-5	-27	-97	-82	61	83	40
-27	73	-92	53	54	71	-40	12	74	-20	66	-100	-74	24	58	80	-20	-82	-90	-23	-19	56	-33	95	-80	-41	-42	2	89	-35	52	-31	44	15	-100	-41	48	-96	-31	68	43	-85	-62	-47	50	-73	-95	-11	-14	-3	-83	80	33	-22	33	83	58	42	-86	-26	26	25	-39	-22	-30	99	74	-51	25	51	-35	81	64	-81	-39	28	38	50	45	16	0	21	53	-98	14	-20	-59	37	74	87	1	-34	-48	6	3	-19	-51	42	-92	78
-48	-16	49	95	65	85	-24	82	-63	-58	57	-10	-3	6	-58	-25	71	69	-25	-83	-77	-80	63	93	30	30	42	99	49	57	-57	-95	58	72	-35	100	-88	24	-70	15	-2	91	-49	7	-40	57	-24	56	74	60	-27	47	-91	-32	77	-20	34	49	7	-3	72	-8	100	-19	-20	-79	-5	84	70	95	10	-6	-96	-75	81	-48	-94	-7	-21	15	10	11	-97	-17	74	17	77	44	-81	73	0	78	-27	25	-8	-48	82	33	-7	73
-17	-69	-12	-62	49	95	91	6	4	87	-2	30	31	-88	22	-10	-70	-99	88	-64	-3	-39	10	-67	-21	50	90	-6	-37	0	17	22	-17	-49	-96	56	-40	63	18	20	-81	-64	-52	-12	96	54	63	-34	-74	-61	72	-44	-58	-72	-72	69	-37	-63	42	-62	25	17	-26	-33	-76	93	-40	-77	-72	-3	92	-92	4	73	64	60	-34	-86	98	-35	34	-3	87	58	-81	76	-15	33	13	-90	100	-90	20	-39	37	52	-91	-68	18	-63
51	-20	-84	-39	100	73	-6	-96	17	-9	-68	71	-25	-30	53	41	-42	79	-66	61	91	-41	-24	50	-86	9	-38	-38	-15	-51	-35	-23	-10	48	54	-51	-38	-43	10	30	66	-22	-76	-75	-7	-42	64	25	0	82	-69	-47	-51	-52	-4	-14	16	75	-76	-73	80	49	19	-10	50	8	37	14	30	64	56	-54	-22	53	54	14	-29	49	14	-73	-43	67	-65	-98	-82	63	50	-19	-70	-91	27	-90	18	93	68	31	24	66	-42	-45
33	7	-16	53	-92	-36	41	-85	80	78	16	-99	-94	-66	-13	51	-55	13	13	66	-39	-19	0	77	45	11	-24	-68	-26	20	94	5	25	84	88	-33	24	31	33	56	75	100	97	92	-96	28	-6	-26	-37	32	-56	-82	66	-25	-1	-84	91	91	-59	84	-99	54	-69	26	-79	55	90	82	64	-20	-25	23	34	26	-7	-33	78	-27	2	-82	99	84	-99	-76	-77	86	-72	-48	-87	-34	58	-63	-74	53	-49	-60	-88	63	-49	81
86	47	-54	92	-84	-37	-75	-46	30	36	-16	-18	70	93	14	-23	37	35	13	55	-40	42	-64	-31	75	19	-86	98	-48	3	55	98	12	94	100	77	-84	82	10	-30	-85	-20	80	-51	68	-95	-83	-94	26	68	-37	19	84	-60	8	39	80	88	35	72	98	-28	-56	-28	49	-51	63	27	-79	-31	31	-18	-73	-85	-50	-98	84	-9	-79	79	52	34	-81	92	-90	63	-9	71	94	-14	-62	25	-17	26	9	12	60	-27	-43	27
52	29	53	-6	36	-26	52	-60	-23	36	-32	-63	-92	16	56	-70	-64	56	-93	-11	-43	58	-8	23	-95	14	-60	-15	-94	-36	-6	15	-34	98	-74	-73	12	52	100	-14	-5	4	91	72	-74	-92	98	-67	49	-4	-75	94	-22	-95	-56	100	27	-99	-39	-29	37	45	88	-2	68	-85	36	39	-50	24	59	-3	63	-11	-7	59	22	13	-96	52	72	27	47	-19	-39	-98	99	37	42	-45	-28	-60	-91	-55	-59	-19	64	-51	-67	-87
67	29	-33	37	58	17	-21	-24	7	-86	-42	-32	-92	-63	-47	100	-72	-81	58	-70	90	-51	-36	9	14	6	89	-81	-7	-88	75	75	92	17	-67	66	12	13	39	97	-80	69	60	38	57	-48	-41	-63	19	8	77	18	83	-68	-43	37	54	-45	-13	12	41	84	90	-85	-70	99	-8	57	42	-76	59	-12	29	32	-4	-61	45	-85	-62	-55	-77	-25	-73	11	-26	-55	-91	-19	2	13	15	-87	13	19	-60	-80	19	1	-39	-23
45	48	-21	-24	76	52	-66	17	5	41	-8	-84	-40	42	22	76	41	27	-32	-55	91	-82	36	-89	99	90	-40	22	39	-58	-24	20	43	-40	-92	70	59	-85	61	-85	-14	-48	-69	56	81	-41	-88	87	-46	-14	35	72	-97	-76	-51	83	-54	39	89	-30	40	-93	-19	7	-74	91	71	1	69	-84	50	-33	6	-78	51	-95	-17	14	72	-41	-83	25	-88	68	32	87	-16	-27	60	-72	13	17	-76	-41	-44	23	-21	10	-13	-47
-25	-41	7	-13	90	82	-22	-50	68	-64	-39	-80	-7	-8	-16	44	6	-24	65	-72	-3	-48	45	96	-39	58	-49	49	12	-8	-32	88	-95	97	-53	-96	-91	6	10	-75	80	92	-99	10	-91	55	44	-24	20	-90	87	-87	-58	-58	-19	-99	-70	-6	46	-34	95	31	-21	-93	-68	25	70	-68	-50	-41	-87	-59	83	-56	-52	20	-76	-59	-53	60	74	-21	-70	-77	87	90	88	42	35	-2	18	-47	-25	-78	-10	-54	41	58	0	-3
43	81	-39	-28	-38	-75	-33	51	76	-84	-59	72	-48	49	19	-79	-57	-48	71	-64	36	-22	39	52	41	-40	77	-69	84	42	-94	29	13	22	-31	-73	12	78	23	-65	-56	-3	-47	23	-64	-62	50	57	-98	-96	73	-95	-70	46	71	99	56	-91	-40	-87	74	-95	-53	-8	8	73	52	0	-64	-58	-92	-19	-96	90	37	64	-33	21	59	87	-36	-70	76	-22	-25	83	-24	75	-68	-68	78	-37	22	74	-65	7	44	35	-15	-44
75	92	-33	-37	44	-48	-60	-71	-43	-24	-93	-92	91	36	-89	-48	-65	-97	66	75	17	97	70	-40	-60	-36	23	-90	-2	44	24	30	-28	-89	-13	71	-46	70	-5	-2	44	61	8	-92	35	-64	-43	5	93	40	-52	25	-1	-15	52	-21	54	10	-55	93	-87	55	-77	1	4	0	-70	17	47	58	56	29	8	59	-65	-14	-5	94	96	99	4	-68	-45	-90	-46	82	57	56	-37	99	-60	58	-90	-27	48	-3	35	-61	90	81
22	49	-86	-16	-10	21	-78	23	89	92	22	-71	19	-86	-87	59	-16	41	-4	-27	21	7	-13	50	-5	-28	-71	37	42	-7	81	-41	43	-23	67	-20	93	-75	-39	-33	-39	44	35	-98	-11	99	84	46	52	-82	72	78	-63	56	67	-56	-66	5	-36	81	17	41	-11	-18	66	-86	30	67	-36	62	9	-96	48	3	-94	-56	48	-24	20	18	23	-84	-41	-74	-54	-28	-22	-57	37	22	41	-70	18	42	42	-57	92	3	70	-4
93	58	-2	15	81	-97	28	-73	-66	-34	-83	40	55	-4	89	58	35	-73	-62	-72	-11	-66	-9	-28	49	32	-87	68	-53	-25	59	6	-82	-94	88	-77	12	-55	7	74	8	66	22	-51	-14	91	-15	3	-4	85	-72	-29	66	9	38	-31	8	20	62	-47	-71	-44	-44	-46	-24	22	-92	45	26	-80	74	-65	-59	-12	-72	65	49	58	-76	-92	63	66	97	50	64	-55	19	30	-55	-4	89	57	-35	18	87	40	-58	86	-43	15
-93	-99	19	41	-96	-38	-42	37	26	-98	76	27	-33	54	91	-25	64	34	11	25	-33	-49	54	8	36	-63	-45	-43	-82	52	95	78	29	-93	91	55	-90	4	36	11	-90	-79	-9	32	73	-3	-90	55	-46	-5	78	-37	2	-46	-84	-42	-30	-30	-66	-3	54	2	13	-75	-92	-76	-16	91	-48	1	-65	-75	43	-87	53	-70	79	-64	72	58	-30	76	-89	18	-21	68	-75	-54	75	61	21	79	69	22	77	-90	-21	-9	28	64
15	-82	51	-44	17	-73	57	-43	30	78	43	86	-67	-12	91	82	72	-100	-58	3	-24	17	47	16	38	29	75	0	13	65	39	-35	-61	-75	10	97	-18	-80	58	92	-99	-42	17	52	43	59	-46	-45	42	-29	91	40	23	71	-25	-24	-2	-35	45	-79	-11	79	41	50	43	-10	2	-96	-81	37	-81	85	62	12	-99	-60	90	65	-91	90	56	-84	-52	78	-95	13	42	-40	-48	-52	56	-13	-53	69	-96	-39	34	-47	-37	-95
38	-90	81	-83	49	20	81	-44	-57	53	11	-29	-29	18	-25	91	88	-85	-97	-84	12	56	22	-11	-73	19	53	13	-51	-91	14	2	74	52	27	-38	55	47	-30	45	-40	-69	43	-23	20	-22	-58	6	31	-65	17	-61	34	-47	91	-25	26	88	-63	-39	76	57	-86	-63	54	-44	-25	61	34	72	-9	-68	38	53	38	100	47	37	-82	90	23	-5	-39	22	-76	-72	53	63	49	-20	-10	53	-43	-56	47	-87	34	84	-75	28
-17	-64	87	81	-89	-71	41	75	24	-41	27	-55	30	99	75	40	22	-39	-100	-62	-20	-53	25	-33	55	-14	-68	57	46	57	32	73	82	-5	43	73	20	90	59	35	-8	-62	-21	25	-63	92	21	8	53	-41	-93	-11	14	61	-11	75	-51	86	100	46	81	55	-15	-51	27	69	-35	8	-100	95	-66	-39	60	32	-96	-82	78	-14	-33	62	45	-81	-49	10	-93	72	-100	68	-71	-45	55	52	51	72	-88	-32	2	35	-30	91
47	0	-9	39	-93	36	-62	19	8	-22	74	44	65	75	-12	-83	-18	69	5	-30	-40	-33	39	-5	-93	50	-47	-24	-26	35	-86	26	-37	17	76	69	57	3	44	-39	-45	42	16	-81	3	-21	-33	27	-72	-61	34	20	-5	-29	57	-22	-56	71	-94	28	-44	-11	-1	-27	-52	-93	38	31	-34	100	-13	-37	96	80	19	75	-22	-16	-93	-55	-5	63	17	-15	-72	-32	-39	-3	98	50	79	-88	92	-93	78	68	-44	-29	99	26
50	23	28	-57	91	-33	-62	64	-76	22	72	-39	-85	54	53	78	-28	93	46	-15	-56	-35	86	51	-12	-68	15	-5	-17	-34	27	-26	-31	-86	-58	-54	86	-75	-89	10	-88	-23	-87	10	-11	-50	96	72	40	34	4	-39	44	-62	8	100	-61	51	31	-89	43	37	-80	-91	-47	87	-41	16	-48	-81	91	-83	-49	-66	50	49	-34	-74	-44	-1	67	-74	-70	11	71	-87	-31	30	-2	-97	-86	85	-92	-91	-53	21	-95	66	36	-90
-39	-44	-94	-24	21	94	5	-30	69	5	62	-4	-14	91	65	89	-51	-16	-84	-38	66	62	2	-94	-32	-58	-96	-61	62	-1	-48	-64	-55	-49	-39	73	-96	31	-9	-34	-80	-7	60	-86	16	-11	52	-83	53	58	4	-17	97	-99	-48	61	38	-3	-35	-91	4	-63	98	-89	-41	-28	60	86	-96	27	-82	1	-78	67	36	-93	68	28	8	71	89	-46	30	8	5	70	-42	92	36	-32	97	67	14	-3	-53	-46	-19	12	-95	-41
42	32	-30	-88	29	22	-58	-24	77	-36	-10	-6	33	-77	54	23	-92	-99	-46	14	-61	81	-96	-73	4	-10	18	-10	-33	97	71	55	55	74	64	-60	91	85	-38	76	-36	49	87	-85	-64	-53	84	-76	-24	98	-43	-36	-78	6	-75	-81	5	-35	9	-70	82	-68	-71	65	92	85	67	-86	-44	-47	72	64	-2	75	80	49	-24	-19	41	-62	17	-77	1	50	-46	-5	-85	87	-64	-59	-70	3	-82	89	33	69	-25	86	32	100
4	-11	-35	-12	-94	19	-96	-55	-42	-59	32	88	-42	-73	-14	-71	60	-100	-5	84	-89	-67	72	98	-13	-51	-54	-13	-17	-18	-1	-52	90	-100	-39	91	9	-23	-62	-6	48	84	-68	-35	33	72	-63	-86	-84	94	-11	-87	64	-46	50	3	-27	-52	17	14	-91	63	-100	93	47	47	44	-19	49	66	-47	25	-13	87	59	90	-64	10	98	42	-28	-51	24	-36	-3	0	-78	-99	-50	42	-49	5	82	31	43	29	-23	86	75	-98
-79	-65	26	-74	84	-82	-83	-63	37	68	14	-55	-22	12	-88	55	83	-4	-81	98	37	-25	-11	47	-70	19	-37	-66	-63	-1	92	3	56	44	27	-95	56	41	84	-39	-6	82	-37	-91	77	83	4	-89	-93	-72	-42	-9	33	-20	64	75	67	-62	69	0	67	58	-44	-48	80	-76	39	5	90	95	-16	27	-81	-92	-86	43	-41	-53	-61	-26	-90	17	49	50	31	41	19	-83	63	-29	-54	61	-20	52	17	-49	87	22	52	-29
12	-45	19	-34	-81	46	38	5	-8	89	71	-33	91	55	24	-26	29	94	13	26	2	3	96	-63	36	-94	15	-24	-62	97	-31	78	-27	-39	-38	-11	84	64	78	48	-26	-94	-19	-62	-60	-65	-97	73	-31	52	-73	72	-35	58	51	-37	-52	29	95	27	4	-33	-69	70	-13	-28	16	64	89	21	-39	-11	17	89	53	74	-45	52	4	21	16	41	21	-92	-25	53	-88	-27	-86	21	-96	72	-90	-56	-74	-4	67	75	-61	-28
-4	-36	11	-83	-27	65	62	-1	6	33	-64	-94	5	50	-39	43	65	7	-68	0	-13	38	13	-30	81	11	10	-90	-61	1	13	21	-87	-8	40	96	97	78	-35	-44	91	-67	-99	-20	-31	-100	-47	-97	-70	87	-76	-37	-47	45	46	70	-33	-32	-10	34	91	-3	-70	-98	-85	3	6	-74	40	-60	79	-64	-20	66	-20	-17	-40	19	-44	53	-97	-38	86	93	57	34	35	3	-57	-61	-79	59	15	-28	76	-26	19	28	28	59
3	64	-9	-53	-70	84	20	-45	82	82	43	2	-10	40	-18	-100	-65	14	-40	-35	2	-62	58	20	42	14	73	-45	42	65	67	66	82	-93	-97	-38	-82	-27	68	-50	17	-22	76	-2	7	-65	64	52	-100	8	-33	36	37	-45	95	-29	-26	-55	-40	-24	-18	-57	93	-14	-43	-95	-73	-88	-43	13	7	42	63	14	43	50	-60	4	36	-85	-11	90	2	-95	75	-2	-65	-22	-82	41	76	85	-52	-66	28	82	2	87	-40	-75
60	82	-60	55	-77	65	70	97	37	-52	72	21	12	49	-17	26	40	-61	-49	23	4	18	-76	-99	-47	18	32	93	64	-35	6	39	12	81	98	-3	72	13	54	-1	-88	55	36	97	20	54	11	-39	-96	69	-39	-37	52	-84	99	48	-29	52	26	68	-48	73	-71	-19	-100	-94	38	54	-63	60	1	-37	-78	10	52	88	85	30	93	-62	94	73	-35	10	-82	96	9	84	94	59	-69	27	33	-90	82	-19	2	94	78	71
-93	65	-89	42	-55	-25	-74	-65	19	-68	66	30	19	49	-24	10	61	73	98	85	-96	57	80	15	82	22	-59	-26	-41	-66	96	-73	48	49	-49	91	23	-55	69	-65	71	6	36	32	-6	-19	43	-23	-1	-76	-2	87	24	-26	7	-22	30	34	-29	-26	-33	68	-41	-10	-92	78	-38	-49	-58	65	-88	16	-86	82	-56	-16	-54	-35	-43	27	21	41	-19	-94	64	-20	0	-3	-33	30	83	-18	9	16	26	3	69	34	-81	64
-82	68	-11	-77	25	-21	23	-5	60	2	-58	-75	33	-44	-39	-46	-18	-67	100	69	-47	-31	1	13	85	79	-25	75	46	-53	-27	-17	99	61	-22	65	-37	38	65	-95	42	64	-69	16	66	10	28	81	33	-49	-49	-27	-81	98	39	-54	52	40	69	50	-52	-64	18	-6	77	38	-42	-14	31	60	42	33	77	17	19	-23	-3	72	-44	74	46	61	-100	-87	-30	34	-26	-48	-85	54	-15	-17	-58	55	4	43	-76	48	6	78
-59	-60	48	77	-56	23	95	-2	-64	-2	67	30	75	-40	-72	-47	-90	15	-21	14	-78	-89	-49	72	74	6	37	-94	40	-62	-98	-35	67	-40	83	-44	-39	-84	92	-13	-29	-15	-94	11	79	-33	67	69	35	73	85	54	-20	33	71	-36	39	-55	-33	-14	41	72	-14	-99	48	61	-92	-66	56	83	-47	50	64	91	14	-47	-61	-22	71	-29	-22	-49	-66	38	-21	-18	-70	-41	-92	75	-8	-76	1	28	-74	75	0	85	-77	-92
55	57	88	-34	-27	24	-53	94	57	62	27	91	-1	98	22	-14	-40	-72	53	-41	-52	4	38	-55	-82	-4	3	-22	60	15	95	54	-28	-25	9	-31	68	-46	-44	1	20	-53	57	87	-76	-9	91	-28	-25	-62	-92	-74	77	67	-23	-80	70	-77	-7	-65	-38	79	-63	91	-94	44	-95	-66	65	-16	45	-50	87	-66	74	-78	79	23	92	86	-19	-74	95	78	94	-14	-13	-85	-34	97	14	13	-18	50	-24	-20	56	-56	18	-24
44	35	-13	-98	1	-86	-45	-34	-72	47	-36	-71	67	41	36	76	92	29	73	-41	86	-47	-71	-93	-30	64	-14	-4	61	49	1	-77	83	-88	-10	-95	-2	79	-92	-62	51	-5	-56	-71	-88	-83	87	-55	19	-8	-21	40	77	-23	20	-21	-33	41	87	100	-36	62	49	-31	-60	-97	-47	8	-35	-11	7	-73	-99	69	85	-44	-50	73	-8	-68	70	-70	65	-73	-57	75	-6	-10	50	14	84	48	67	-31	61	58	58	-4	-89	14
-77	-1	92	59	-67	61	47	-18	-62	16	-83	5	34	47	28	-67	-63	49	92	29	22	78	-18	8	-7	-8	82	44	48	97	69	-44	-52	80	-75	0	52	47	93	-73	-51	64	95	-69	89	-60	-1	-98	-65	18	66	-14	-90	96	-69	64	18	0	75	-76	-87	-99	-58	-96	-76	64	-68	19	44	-90	-77	67	-32	10	-49	-15	-68	23	-4	-60	-60	8	70	-5	-45	-15	-54	-82	-24	62	-96	-62	29	91	43	7	15	41	-8	-60
-40	-52	-90	-79	23	-33	-68	-53	68	40	62	-35	-74	-78	81	-5	32	19	-28	-92	-12	53	-33	-11	29	13	48	10	-100	-61	-24	-85	69	87	-13	91	-87	-75	87	27	-17	100	52	-83	-66	98	-61	-48	-92	90	-84	27	-11	77	-56	91	89	20	-62	-46	3	-7	-76	-11	-91	50	-46	56	-35	-63	-19	-53	91	-49	-80	69	-12	-82	49	-6	-63	17	47	-3	-63	65	83	-18	14	59	7	68	-43	2	-11	71	88	83	44	78
51	29	-74	56	48	-51	38	67	-52	97	7	39	-78	-22	45	-51	31	88	27	53	-3	66	26	-78	55	77	74	-80	-56	-65	27	-19	8	78	76	86	5	18	69	-89	-95	-71	-89	80	-23	90	-49	-10	-83	51	99	-82	-46	-14	-20	-14	62	5	88	32	-68	49	53	86	-35	25	-57	-20	68	-78	-19	6	-11	-7	-42	77	69	-91	32	-53	98	-74	-17	-65	-95	-97	-11	34	82	4	-7	96	-35	20	-79	-89	-26	75	-40	-5
-48	82	-34	-79	-5	-31	-80	-35	19	35	-77	34	88	-19	3	-24	-78	-98	-8	-32	100	37	49	13	-88	61	-83	-98	26	29	-5	-57	-75	34	0	52	-7	-4	-62	-27	-7	94	-22	-38	-83	26	-71	-34	9	-73	53	30	-33	95	89	55	-93	95	43	-87	59	-89	-29	-4	87	3	20	-62	-31	-90	29	88	86	33	-51	-95	-17	-9	-79	37	-99	-67	-75	92	-15	-6	-20	46	-46	-54	-82	-54	63	-76	-96	73	-64	91	-19	46
-8	7	-87	12	72	24	88	22	52	57	51	-51	74	-45	1	18	92	11	84	97	-62	-59	82	69	-92	59	-98	38	-88	55	-95	41	-34	-17	-48	44	40	87	59	-49	71	-66	10	14	100	-88	35	89	-87	61	-43	21	83	42	-7	-87	-6	54	-7	10	33	89	45	22	-85	91	99	15	-56	-87	-99	-57	42	19	-89	38	29	5	-67	50	15	-96	54	-60	83	13	35	-84	92	-38	88	16	-41	-63	-10	11	-59	37	-41	5
-8	95	85	-75	64	49	-93	-69	25	-66	70	-64	-20	7	18	94	69	21	53	53	28	-74	71	100	22	12	-71	66	-56	25	32	64	64	6	33	26	99	-14	-4	-21	45	80	-43	-48	-48	87	-91	85	7	40	30	-63	-18	-90	1	50	58	-86	-60	-50	-53	-4	-44	-71	-55	75	-13	-68	51	-94	-52	90	-81	-7	69	-4	71	-21	96	-32	-38	71	-89	34	65	-22	41	-65	25	-57	66	-2	-71	76	61	-26	-15	81	14	81
98	20	41	-57	-31	45	52	-61	43	6	-39	12	-20	-42	-29	29	75	16	11	1	20	-15	-55	-35	-63	11	64	-30	-60	41	52	-65	22	22	-85	-40	73	32	79	88	75	13	-32	-98	51	26	68	5	22	36	36	-81	15	-82	90	-51	6	-97	54	1	-55	20	24	69	40	-100	34	32	-44	93	-89	-65	85	-32	80	-40	36	-38	-43	41	4	42	-32	94	23	-49	64	-30	90	83	-31	-11	65	55	72	21	26	35	17	-13
-40	-6	-18	31	-26	-90	61	-35	-30	79	-30	52	54	-57	-82	-59	-76	86	33	56	67	85	98	-85	-3	-90	92	60	51	-79	-4	70	-98	-40	57	59	87	86	-43	-94	-32	7	-28	-11	-8	88	-64	-19	-71	-39	-50	-8	94	3	32	11	90	39	91	62	29	-65	-31	81	33	-92	84	-15	58	-23	46	-48	-75	76	-35	75	93	-6	-71	-45	-46	-63	-48	-92	-1	33	-14	90	18	-26	-65	-28	-20	-21	-92	-45	79	38	4	-57
8	-27	-95	-71	52	25	-25	24	13	-99	31	-38	-14	-23	-73	87	-26	-41	-48	-37	-44	-4	-38	11	26	57	-98	-39	-48	-25	-37	-50	-35	-36	-11	-53	-11	39	-94	-67	43	-49	-76	74	-65	-19	-75	79	-8	46	60	-52	58	-22	-50	-68	15	-56	-13	-48	-67	-26	-3	88	-93	-14	-63	-11	-19	66	6	-90	78	80	-78	14	-73	-31	8	49	28	-32	-64	42	40	-62	54	-9	27	89	-15	93	3	-38	24	90	56	-16	-4	-67
84	66	22	-98	8	17	-73	-21	30	-7	37	36	-99	-34	-13	-53	-87	-21	49	100	-42	92	3	-17	-96	56	64	-62	38	-67	1	-74	23	69	18	96	75	-59	1	91	57	97	46	31	98	-7	79	-24	58	-40	-48	-33	66	100	86	-41	-35	23	62	-35	21	-65	-49	31	37	99	29	75	81	82	-14	-30	57	-10	-67	78	-58	-23	79	67	-43	-42	-9	56	-69	81	0	-6	-67	38	100	82	78	63	55	-74	-66	48	84	66
-94	-39	43	4	84	-17	-33	10	-1	4	-77	-36	-4	-46	58	-43	45	-27	-20	-31	-99	88	12	12	6	-51	83	22	-8	-32	-18	-37	51	36	-32	-18	25	4	-3	-20	100	22	84	-81	-72	98	89	28	18	-77	-63	-21	-97	65	77	-39	-69	-82	-3	-60	68	45	27	36	59	-82	-16	-48	-36	47	-80	88	97	-19	-82	-38	-23	-37	-1	90	78	96	-16	0	32	90	99	49	14	-43	23	-9	98	-21	-16	19	-3	-18	-37	78
19	-97	97	-46	-88	-81	-55	-51	-71	-41	48	-98	-85	85	5	-13	3	-34	-81	21	83	83	-27	84	78	19	99	-21	2	15	80	6	-1	61	-61	-5	56	-27	13	-39	80	68	-8	-77	83	13	89	42	-56	91	-82	-84	39	-53	-45	51	26	-52	28	-48	-1	16	33	-65	-36	-95	84	-83	54	-46	-32	99	82	-16	-33	-34	79	15	49	-49	-10	-89	6	86	-8	-44	96	86	-76	6	87	60	-21	-43	-38	-51	-18	-45	9	44
