94	-10	15	-2	24	-77	-28	33	-27	47	98	27	9	78	-56	10	-96	-90	-55	74	-64	-43	27	-28	9	-31	26	-74	36	3	67	64	36	-1	-72	-32	-26	-96	-50	97	-73	55	69	-97	-16	-28	74	62	-53	-75	99	30	-10	-27	-1	-84	-50	52	14	62	-48	84	74	62	49	37	82	18	47	-21	-5	-12	60	37	3	-87	-57	73	47	92	-20	-13	-38	62	7	-66	74	-58	-50	0	-23	-82	89	55	-53	24	24	-95	-13	-83
1	-23	-72	40	29	-11	-92	99	-98	40	72	-89	-1	44	-95	-30	73	95	-45	-77	84	39	98	25	-79	-96	-64	41	87	55	82	77	-97	26	19	-84	-94	-23	-72	-59	99	78	-60	-78	-77	80	-18	10	35	33	31	81	-43	-14	9	-3	37	-12	75	-7	-34	-100	87	-25	99	-48	-61	-24	-36	13	-6	-71	85	-49	-14	10	-55	-23	-64	98	-9	12	32	2	-75	37	6	100	-19	-93	61	-62	20	-18	-31	71	-38	-96	93	23
-7	-21	87	68	67	9	56	50	-84	18	-13	-81	-75	98	-93	-58	-27	-87	-84	-54	82	39	97	-22	1	-89	21	63	-18	-20	87	-71	84	-20	-76	-56	17	-36	-29	79	-8	71	-35	46	-87	17	80	95	-2	-46	-36	36	-20	-9	73	82	8	-15	-27	62	68	-72	98	-46	20	-92	-27	10	93	97	28	68	-88	6	94	-4	57	-36	20	-70	-65	87	11	77	68	-99	-24	-87	73	-90	51	46	89	57	70	28	-83	-81	43	0
-6	82	19	-1	-81	-43	-96	-5	35	27	-14	43	-3	-59	17	-68	33	-58	40	92	43	-65	52	-55	15	72	58	-6	77	53	-89	-18	78	-17	22	7	22	-11	-28	-55	-20	95	-40	-87	22	54	23	-28	-41	48	-64	-54	-64	62	14	-57	12	-27	47	90	35	7	96	25	-68	20	-18	-88	66	-33	5	-84	-67	-89	-36	12	52	-17	43	67	-70	-80	-75	-34	-35	3	55	-41	39	-39	50	-63	-7	12	92	81	-42	-62	-29	-86
1	90	-58	-75	54	-60	29	-30	35	-53	64	48	-44	-91	-95	-97	86	-27	98	59	-38	69	74	10	84	84	29	-78	-15	70	6	-46	24	39	22	-1	-94	51	-93	-47	-80	-90	-48	48	3	88	-73	-79	-54	8	28	10	89	-35	-53	-6	-47	-11	69	-84	-56	-67	-39	-25	-53	-35	-64	-58	71	4	21	14	36	-82	-66	0	94	83	51	-57	62	-40	35	25	46	76	-64	79	52	-31	27	35	48	-74	-90	-1	72	-73	-28	0
-9	-63	-62	-54	-49	12	-89	20	26	-57	28	15	-65	98	-33	67	50	94	-20	-58	-12	-25	7	20	38	81	95	1	60	71	-32	-26	-53	-41	-96	64	0	46	-34	-34	-80	93	-26	52	-26	-46	-52	-82	-12	96	-20	90	-16	-68	-50	-12	-71	-56	-88	36	-16	-99	-27	-97	-28	43	-97	92	-80	-87	-53	41	30	61	-91	69	-90	-68	95	55	85	17	-57	-90	36	-53	62	11	27	25	95	-82	-4	84	47	32	-64	-48	-38	44
-16	67	53	-7	94	99	80	33	-73	71	-61	30	-23	60	-58	-23	-72	49	91	90	-24	38	-21	55	65	3	-23	72	26	-23	2	-85	-3	-71	93	-10	-30	-51	-1	91	-73	88	-77	15	-28	-16	65	-65	96	17	-31	81	80	-98	62	-61	-52	21	-85	-37	-35	-36	26	96	-50	-65	5	47	71	-8	38	-100	87	57	-40	4	79	-20	12	-42	-19	68	-24	-83	83	-91	55	-37	-67	-77	94	70	-94	72	-90	60	-77	90	62	23
68	80	-8	-96	-31	-17	-49	-42	-27	-22	56	68	93	-35	36	98	-64	-10	30	93	70	53	-55	86	-65	54	-6	72	-66	-40	-43	-76	73	42	7	70	54	-92	-31	-69	23	-42	28	-80	56	-83	47	-34	65	-79	29	-72	68	82	86	85	80	91	-40	-54	-1	76	-39	91	34	75	32	-51	8	45	77	51	-59	-81	66	74	-89	-85	79	13	11	-73	-88	35	43	1	-12	-35	-33	-72	37	1	-46	-27	74	46	-97	-74	-44	-49
-90	-27	28	87	-93	75	4	-30	87	-82	0	25	-59	97	83	-13	21	-6	1	7	-30	-29	-68	-15	97	-98	-34	-36	18	-32	86	25	38	-23	25	-94	82	40	-88	39	4	-43	-63	41	-22	76	87	-16	-69	10	-27	53	-33	10	-93	60	-15	-45	34	3	-81	-73	23	-52	38	-29	43	-77	0	-31	-80	11	12	-90	-81	58	-22	53	-46	13	76	-79	97	-37	31	-89	-73	40	22	100	74	-44	-81	-86	-61	69	40	61	-46	99
28	-95	-20	-82	39	37	5	71	8	67	-99	38	71	-11	-48	25	-82	-73	-32	19	-3	31	-25	92	70	98	-11	40	-23	-51	18	73	-30	91	-86	46	84	78	-82	67	1	-84	-15	89	29	-48	-81	9	-79	65	-98	-59	23	-5	9	93	-33	-42	11	-80	-73	5	59	-65	70	-15	-67	-61	73	80	-57	57	-66	50	21	-87	-37	-42	18	-42	2	11	-17	-11	-46	-3	91	57	37	41	90	-24	36	10	-55	29	-40	72	-41	92
75	67	67	92	20	66	61	-60	-70	42	-74	66	-86	-4	90	-35	39	24	-57	-49	32	34	-36	-23	-87	-17	-53	-18	-95	-40	49	-97	-2	-33	71	-88	-63	-94	-18	-84	-3	-92	96	39	-58	-57	48	-57	-86	-80	-91	-41	31	69	-4	-85	43	90	-48	-37	36	-73	90	38	-90	-80	-50	86	53	-97	54	-76	78	-18	27	-34	-90	100	-18	-34	-8	19	88	-96	-85	6	-92	92	52	16	-25	8	60	-96	-7	-30	61	85	31	81
-95	-94	73	68	-35	-8	18	-11	12	-90	-14	-74	87	-45	-96	9	-85	86	3	-77	-21	-46	-60	-24	-73	-44	43	-26	-94	-39	94	42	-74	13	56	39	59	84	-52	84	-70	34	-28	-66	83	33	94	-73	-86	-60	77	89	88	2	15	-54	53	-25	-91	-42	-84	28	-85	-61	-66	27	93	-18	22	75	-5	-100	-16	-92	-30	49	47	52	73	39	-99	-1	-84	-27	3	24	99	79	-24	-24	51	51	21	-33	-68	74	-96	94	-47	-37
-77	5	55	-91	-93	-34	60	25	-67	66	29	70	6	29	85	26	48	-97	72	54	-2	30	-20	-20	58	-14	25	87	-95	-61	-43	-37	96	43	68	90	59	-65	-88	84	94	-70	26	-57	86	3	59	91	-18	-73	-83	38	-61	-31	12	-75	-40	66	-3	57	-55	28	98	7	-88	9	-8	97	75	46	-67	72	-54	-44	17	82	-57	-32	-62	-8	-43	-38	4	-28	-90	52	-9	20	-27	-74	4	2	-2	14	69	75	-5	49	63	-97
76	-65	-34	1	-76	-46	-13	19	84	-88	-42	61	-64	23	74	-85	-51	-22	13	40	68	12	-90	77	-3	-85	-47	32	-59	-66	45	-3	-9	17	-11	-5	-38	-58	52	-58	96	44	-72	67	99	-77	-85	21	-96	86	-43	54	-84	10	8	-76	-83	63	-16	10	-27	-76	-57	-19	44	-60	-40	35	-93	18	88	-25	33	-34	-21	-54	15	-61	36	-95	4	53	-76	57	38	-53	21	-85	-97	69	-18	88	98	-9	85	32	17	-13	30	65
51	-48	52	12	27	-7	16	-76	100	-35	15	50	-92	-17	56	-82	-17	68	30	-43	91	-35	35	63	-89	28	-68	-11	15	82	-86	23	41	-53	16	-27	-5	-17	-90	-42	47	-61	66	57	-86	70	30	40	-26	52	-41	-17	-76	97	79	-98	-47	-55	86	-95	94	-81	46	54	22	-53	62	-82	-72	14	-32	0	60	-22	7	-94	78	-39	-68	-54	-15	-55	31	-80	23	0	65	39	-86	-81	-82	-99	30	-46	-96	-82	49	98	38	-34
1	-94	8	-86	27	41	-23	95	77	39	72	-18	-58	-73	-64	30	-4	81	24	74	-77	-29	31	3	47	81	43	98	46	8	-67	-41	-90	-17	-34	29	-31	4	-16	-85	49	38	42	-48	-75	-34	31	94	-8	54	37	-59	-19	76	-68	-23	33	99	68	-11	18	-75	-51	-47	-57	-43	79	-44	-35	-55	24	37	-2	-63	-18	-77	-83	97	-82	-2	-82	-94	36	79	-76	-26	-91	-30	65	-96	-68	-98	29	17	43	73	-52	-43	91	-72
62	-70	47	86	66	98	80	-79	-65	-18	10	-18	-93	63	86	-95	-84	31	91	79	99	-39	-88	-37	71	3	5	-56	-3	-14	-7	-88	-51	73	-85	-1	-59	-22	46	-12	-93	98	-76	-86	-66	-17	98	100	-81	31	37	-43	-1	-72	11	-33	-41	29	15	-98	94	-52	15	28	-51	7	97	68	90	-63	54	23	74	-96	-25	-55	95	-4	-18	-57	68	-95	43	-29	-47	63	71	73	40	8	81	-92	-52	-83	38	51	-99	-87	11	54
-3	42	29	20	-31	-89	-81	-19	-97	42	-93	-23	-72	-87	26	-96	44	-80	58	77	-12	98	89	-24	76	-29	-50	14	34	30	-24	-90	-59	55	54	-34	46	42	-10	39	-55	-56	14	-55	-3	23	79	47	24	75	-79	-47	10	-82	37	-40	-55	-15	26	94	-100	60	-26	-33	-9	-39	-22	14	-2	81	31	1	-90	69	12	-74	-73	-51	-51	4	1	-10	-71	78	51	82	9	-60	-90	-7	-99	-44	82	29	-16	-9	-100	34	76	1
43	-54	96	96	-64	-86	-12	42	93	56	40	39	-39	-11	-84	60	75	62	88	-7	44	94	-29	34	-73	-22	1	-77	-3	22	39	-46	64	10	-9	23	-99	84	-34	0	-85	33	-2	72	-47	93	28	-12	66	49	66	69	82	-5	99	86	-48	71	-43	-95	43	86	9	28	-66	89	-89	-88	-9	95	62	-29	83	-28	-98	67	97	-99	-96	20	-23	-11	-64	81	61	-70	-23	16	85	-16	31	-27	100	36	-93	-34	-32	23	-77	59
-23	50	16	45	-98	-41	-97	96	-11	-16	-64	-79	100	46	23	45	82	74	11	15	86	64	-12	55	3	43	53	-56	98	-46	49	-97	-20	8	-33	52	26	-62	71	-17	62	-44	42	-6	-36	14	-10	39	-80	1	-44	25	37	92	-73	50	18	28	50	4	-1	-48	-82	24	80	-69	-59	-97	15	-6	67	43	92	19	-58	10	8	72	-34	31	39	-56	-100	78	100	46	-79	-58	-42	60	76	8	-96	32	-52	100	-94	-83	-100	5
-56	4	-18	0	74	92	14	31	-56	68	80	-59	72	-43	25	-20	27	54	-12	-65	29	54	-90	51	45	-7	33	-66	-69	-37	-29	8	-15	-78	28	-12	-78	-79	-57	-92	85	-84	31	40	-27	7	43	3	43	30	-65	-56	-92	81	80	9	66	5	26	-54	-95	-50	30	-32	-37	85	-89	-37	4	68	-89	97	29	73	34	40	-14	-62	-19	48	17	-74	8	83	-91	-98	-61	-5	64	-79	9	73	-49	98	99	49	46	98	60	15
-38	-52	-2	-9	46	24	-68	-50	-4	9	-64	-4	34	-12	-92	-95	-16	5	21	86	21	-47	-61	10	-83	28	47	-14	60	-55	13	-92	-54	-63	23	-55	-75	-24	-50	79	-93	-51	-13	95	80	-67	17	90	-15	94	6	-28	34	42	-71	30	-42	-78	57	-96	66	-68	-94	50	-40	-21	-57	-91	9	17	33	-100	70	-25	90	35	21	47	-59	19	70	-18	-65	77	78	-80	-95	24	-1	70	-59	-54	-18	-67	-100	-80	-89	9	1	5
78	-2	-41	48	29	-47	-2	-68	-59	-19	-71	-45	87	70	-30	-93	18	-53	-30	-54	-89	11	86	-24	45	-47	29	12	30	-97	51	13	97	99	-63	-59	-81	-28	-31	-59	97	-60	64	-21	97	44	-94	87	-16	-21	33	-49	-51	-45	39	-34	40	-94	-83	-76	-25	2	-84	-30	97	-58	-9	86	43	81	-73	100	-81	98	-94	-27	46	87	-72	-56	-89	60	46	-83	82	-90	17	-34	-39	-79	-94	21	-56	45	-92	-35	30	46	45	80
53	-1	49	62	45	-1	85	82	48	-69	24	84	26	6	-13	-46	0	-43	38	-82	-88	2	93	31	-89	-94	-11	-42	8	45	-12	51	12	-19	-21	1	-21	-71	92	-69	5	28	37	65	-95	89	75	84	86	36	-22	-60	-23	-30	88	-66	57	-79	37	46	54	96	-29	37	75	90	-83	-73	-32	54	-3	33	-75	-31	-84	-62	49	47	72	-29	-65	-64	99	-74	-61	46	27	-32	-30	41	-83	39	65	-29	47	77	-89	-47	-38	-8
-40	84	44	-28	-75	95	40	-68	-35	47	-48	83	-5	9	5	-54	-68	-92	37	-13	15	-38	-83	-47	40	-19	-12	46	-74	-40	-72	-92	-69	55	-35	90	-94	89	46	56	56	-14	4	-72	40	-80	-32	-18	1	-11	43	56	-69	-66	36	33	-63	94	56	-37	-54	23	-92	-86	60	-2	-12	-9	30	-51	-35	-81	68	94	-74	5	-63	51	-24	-3	2	-97	18	-43	50	-27	55	41	-54	-82	-35	-74	71	-76	-12	-93	67	77	-76	9
17	-15	97	66	-56	-27	54	-83	-50	-72	-13	-22	34	43	-83	83	28	27	-93	-40	70	-77	-57	34	-82	-26	0	-25	61	52	62	-88	-32	-73	53	-45	27	-55	-97	-71	67	-73	-33	-55	-63	-14	19	-10	-31	55	39	58	-51	-56	77	-25	-80	31	-20	61	-61	15	-60	-12	-59	-2	14	-22	-37	22	3	74	40	64	52	66	-84	-94	22	27	73	50	80	-4	48	-59	-30	71	51	98	-9	-61	95	84	54	-44	-14	-62	83	48
36	-100	-52	62	-59	-31	66	-99	-18	89	76	-60	-6	-17	-33	-7	-58	-94	-22	15	45	-30	58	21	1	96	-82	-42	15	-28	36	-35	86	34	-26	-39	-66	-40	67	-72	-82	-59	-11	-70	-71	78	84	-87	-50	14	95	-48	59	14	-59	-66	24	-14	-96	-65	25	13	8	-38	87	74	-85	-98	-99	78	-2	-79	47	14	24	-66	96	-5	43	-87	-89	31	-37	95	-2	36	-54	-57	-1	9	-59	-61	-63	-50	46	82	-30	-23	-28	61
-19	22	-33	84	29	-99	-61	-100	-15	70	-72	-22	-16	-81	-46	-91	41	40	-56	-30	5	-68	39	5	-11	-69	35	-36	-33	9	-75	81	10	-59	81	-28	13	-44	73	-63	-85	-87	-61	-55	50	45	-10	-51	19	23	1	65	56	-39	-81	76	35	30	-1	-31	22	-4	5	-53	-69	0	18	77	61	-94	-79	-20	24	-9	-51	-97	-53	4	43	7	59	-53	-99	-49	22	22	62	43	28	54	-30	-74	-75	26	33	80	70	76	-65	-72
78	-86	96	-7	-16	18	-89	77	91	-46	67	-54	-58	-94	5	0	-91	-88	22	8	26	83	-72	50	98	19	-41	90	-3	-58	7	83	74	99	-28	-37	-49	-63	27	28	80	7	35	36	87	86	50	-10	-69	-40	-26	-90	-44	-32	47	23	56	16	43	-25	62	-28	-1	-4	18	59	68	-85	-64	-48	9	70	-75	-89	-25	23	-87	-25	66	74	-55	-63	84	40	-6	-5	1	39	-52	96	-46	-35	-67	-57	-2	-70	21	-77	-3	-25
8	-81	13	3	-96	47	1	37	89	-79	88	31	-62	17	39	29	97	-12	-67	83	32	-41	-42	25	58	-19	-5	97	91	-16	8	80	-25	-60	-64	55	21	-58	-24	6	23	-72	84	100	-46	43	-8	34	28	-56	-87	-87	-90	-26	-1	39	-15	92	-71	81	17	-94	-56	40	48	-42	20	-6	88	-23	-6	96	-59	79	-70	97	-86	-43	70	79	45	-24	5	51	-81	-6	-42	40	3	55	58	-61	75	25	97	-11	-22	76	41	46
-59	-28	-34	51	51	-19	92	89	54	25	-58	99	51	-68	17	9	66	-18	23	-50	-39	-27	50	17	-7	58	-67	60	68	-58	6	-4	63	14	-44	-65	-49	46	0	8	63	-13	-88	-14	-32	-86	-22	48	97	53	20	20	-60	-1	79	-91	18	60	87	-50	-68	-80	-35	-31	35	-57	23	-61	63	-14	-11	-13	-56	-12	-30	-82	-76	-20	98	23	-70	56	31	15	4	-30	-5	-80	-17	35	-49	94	-3	50	-2	66	-61	72	-40	-40
-46	76	62	-15	43	26	-74	1	47	59	0	16	-78	41	-91	-72	-46	13	-90	-53	-22	66	68	61	27	48	-5	66	-52	-26	-56	-68	-84	-16	75	-59	54	23	-2	-42	99	52	14	-3	-49	-25	-61	-41	26	-50	-86	59	20	50	-75	77	-60	-4	12	59	-48	-12	12	94	76	72	-47	-81	74	-43	71	91	-13	-48	-48	-18	-51	55	-41	40	-68	74	54	-48	-19	-60	22	-64	71	43	43	-28	-98	79	58	27	20	-64	-11	-38
-91	-65	-13	63	-16	-21	-11	-60	28	82	17	12	-68	48	-75	64	87	-12	-99	-48	-1	51	-56	23	51	-47	24	25	98	76	-72	-85	-81	-18	-43	-52	-24	-67	38	-59	73	27	6	91	-57	47	-49	-52	61	98	83	-67	26	83	60	22	-56	-62	26	-55	70	20	-69	54	36	79	-97	29	89	88	3	-40	48	-88	-31	21	-79	-88	87	-47	99	92	55	93	44	54	86	-16	19	71	12	85	7	35	80	55	-67	61	-7	-9
-46	-63	96	-22	85	78	-76	-37	-11	-55	-73	-77	32	79	69	-25	66	3	94	-21	24	55	99	86	-65	34	-78	-54	-31	-64	38	31	-84	-59	18	-61	34	40	52	43	10	39	-83	24	-67	12	55	-90	35	-17	-43	30	-53	53	-42	15	13	-77	-24	3	16	20	-94	-56	69	-75	53	-84	60	27	39	-33	-46	-62	-95	-37	-57	-52	50	-5	37	23	-65	89	-23	33	-5	86	-16	-2	-36	-84	-55	91	53	18	8	89	-85	-88
-19	-11	84	-19	-61	23	29	36	2	-25	-55	71	1	32	12	-16	81	-99	-60	-56	58	91	60	-18	-60	48	73	76	-26	-25	-85	46	-5	-85	-25	-65	95	-35	82	40	40	-97	99	-88	52	-84	-80	60	87	-79	-90	55	36	54	37	17	23	76	-68	-29	-64	23	70	-97	10	-71	-38	53	-4	-84	-83	80	45	-19	-42	93	75	-59	79	-57	65	-32	25	78	-99	-31	-34	41	-19	-24	-51	78	-55	2	3	-52	18	59	15	24
-51	66	-36	-42	93	4	-93	93	82	-74	45	3	-97	-46	-47	-70	62	5	-68	41	-50	-36	-27	-19	-65	33	-93	-68	-75	99	-85	93	18	-50	-81	-24	-77	-54	40	35	-37	41	19	45	15	-95	-64	63	80	-91	-69	-24	-87	77	-23	97	-27	-5	56	92	59	-61	-44	2	-49	-85	-79	-9	-15	-38	-39	-40	-12	7	-43	-99	74	56	99	-39	100	7	-76	81	-59	46	-61	-36	91	65	98	-60	-1	68	-100	47	-58	44	-62	80
-72	-32	-78	-11	68	99	-77	77	97	-69	9	-92	13	-37	18	23	33	0	67	-45	-91	-63	-48	-19	-88	-40	28	-33	88	10	52	8	-57	44	-91	-53	99	-47	-29	68	31	-45	11	-30	92	48	-8	47	56	19	-46	-26	-23	-64	81	-32	7	-67	42	-52	-52	71	-7	99	-23	98	28	72	-70	90	56	-85	-52	-32	-13	-75	6	72	-53	-57	99	80	-85	1	-28	81	41	8	-91	-41	19	93	66	-69	65	84	42	-59	1	61
90	65	95	66	-61	49	9	-17	13	7	-56	39	77	-86	-3	43	23	-37	30	89	-58	-3	-27	-41	78	-62	-18	-4	92	69	-91	54	65	4	11	-23	57	-18	-45	-63	-64	-38	-1	-100	-16	-72	46	54	54	10	-28	91	10	-9	4	-48	62	17	-95	78	88	-58	73	3	-79	-46	-3	-60	46	90	-6	39	-92	-63	-88	-9	64	36	8	89	8	53	-41	57	-73	-2	-63	-18	-5	8	53	22	-47	79	-31	15	19	-70	12	71
-43	73	-28	10	33	-89	3	75	32	-35	3	-7	90	-22	-53	-28	-29	42	71	-54	24	-96	-85	32	80	1	-51	82	79	-28	28	2	-97	-89	-82	96	43	-43	-79	-98	36	60	69	13	-42	-47	50	-94	75	35	63	-93	-69	30	44	86	35	-53	7	-48	79	-86	-27	38	-45	79	35	-1	-73	55	3	25	-84	19	44	84	-63	-67	61	-47	-52	-9	0	33	62	-87	93	57	-11	-97	7	-18	-15	-11	-89	61	84	55	-94	0
96	76	23	53	-4	-44	24	7	6	85	-80	72	96	-2	-2	27	-2	27	70	24	-24	-82	-23	-50	96	75	92	-32	-74	40	57	-49	-23	87	-78	-91	-67	21	-44	32	-58	-35	68	-41	44	60	32	-49	-16	36	-40	27	-71	6	-70	-34	94	-100	-80	82	67	-98	47	-26	-41	25	-76	-28	-74	15	-57	-87	-15	-82	-44	20	-76	25	-2	18	-28	-66	62	83	-74	-71	-55	7	-56	-89	-2	11	-53	58	-75	21	-100	85	-44	54
-39	0	-33	14	-85	9	44	96	-33	96	8	-91	-82	-82	-24	19	0	-17	-5	30	58	42	45	-10	78	-3	-36	-94	43	-23	-35	-99	78	-14	71	72	42	-97	-24	61	64	-69	-47	-77	8	91	98	-17	58	-86	-87	55	-68	-1	-78	46	5	-15	-55	-83	73	49	0	-80	-17	-7	-26	-66	83	-72	65	-68	-88	48	9	10	31	-35	18	-42	91	13	48	40	-37	-62	-98	31	45	-44	89	-92	-40	12	4	93	-40	79	58	66
-28	-58	-11	-18	54	-52	16	-50	25	36	94	60	77	-26	53	30	-13	-75	-13	-56	-13	-70	-39	-83	6	-36	32	-83	0	-87	-76	58	63	-76	64	-68	-8	-54	87	-38	-32	93	24	-12	48	21	21	-87	10	90	52	22	39	-69	-19	71	-59	21	-47	56	-20	-41	-45	-33	41	79	20	27	32	31	84	27	46	-54	-13	1	85	-32	68	-73	-68	30	10	-14	53	-15	1	-15	-24	-37	24	-54	32	92	46	-39	62	1	-90	59
-2	64	68	-58	37	-11	-97	-25	38	13	-64	11	-96	40	-86	56	80	-63	-62	-11	-15	0	11	55	85	-94	51	17	86	-18	-95	97	19	28	75	-84	-95	23	42	46	-37	98	25	-23	94	94	88	89	-58	-9	-67	60	-33	64	-89	-97	48	49	56	24	-58	-51	29	37	48	37	88	-15	75	21	-31	-40	-26	-41	-63	-81	20	-32	-59	-47	75	52	-44	-93	-74	-82	-69	75	-7	-98	91	68	23	-8	-83	-21	-47	58	-9	-64
79	-6	4	-38	-37	-70	-3	22	19	-70	79	72	-25	-11	84	-71	-9	-80	68	62	77	-57	-76	13	48	55	-98	-48	33	-70	-33	55	-89	53	33	77	44	-30	64	-48	18	5	-19	28	99	-93	-64	51	7	-39	-85	-89	44	80	38	63	15	63	-72	-83	-96	-66	-50	72	-49	94	0	46	-19	49	94	-68	14	-81	98	41	98	-87	78	-45	-59	59	-33	93	57	-73	22	62	33	-87	29	-6	65	-68	22	90	35	-7	90	-28
-86	47	42	-11	23	-20	-2	-50	-10	58	-72	34	-12	99	-23	-23	94	-35	14	75	-6	-9	35	90	44	-29	33	-27	-14	94	30	78	91	41	48	-48	-6	-29	81	66	48	8	1	13	46	78	54	55	21	-9	22	-54	-61	9	2	73	-26	13	-38	-50	-80	-50	-4	-38	6	43	-48	57	-20	-44	54	-40	-13	22	-80	27	-94	-9	-67	81	-23	98	33	0	-81	71	55	52	66	65	51	-9	-19	82	1	-43	-31	-24	68	-69
13	-57	-37	98	40	80	-12	-73	15	-13	55	61	60	-52	-74	-59	63	-19	94	82	-58	-27	68	72	66	-59	-68	-3	-22	9	-49	15	82	-76	1	-92	79	98	-32	68	16	-45	71	-50	87	-5	-96	-34	-39	-94	-20	-6	82	-31	71	66	-96	-84	44	-8	60	15	28	-100	100	53	-40	-94	47	100	57	51	88	90	-23	80	29	30	-17	-76	28	-28	46	-44	-89	-78	39	-50	-28	36	79	-17	51	-64	-98	-2	-68	69	96	-58
64	-42	-91	-77	-64	-32	64	-51	82	-8	-45	21	37	-97	-54	-72	70	11	70	28	-63	-63	57	-27	66	-99	-59	-1	-11	-23	-67	52	-42	0	-26	70	62	33	88	-45	13	94	41	-25	13	54	39	-60	-55	-12	92	-38	35	5	-16	79	22	-6	-64	-19	91	67	52	71	-70	-69	-75	19	14	73	-34	-38	7	-64	79	58	44	49	-5	82	95	75	-31	-83	16	-35	-76	-71	61	12	-88	-2	65	-18	99	77	-12	-52	-20	2
-96	48	-67	-76	-39	15	88	42	-13	2	65	-88	35	-90	-3	60	-51	-52	1	81	63	-99	4	-59	-67	13	43	-45	-3	95	80	35	23	48	37	99	18	-91	-24	-54	58	80	16	51	-90	2	-96	-76	20	-54	-46	86	-56	-64	-1	87	-12	-61	-97	-92	-20	70	33	14	26	-29	95	-54	-6	-90	-47	-88	4	-60	50	10	-94	74	-98	-45	52	38	16	-92	-64	1	-94	-83	-12	-4	-21	24	27	-69	84	-42	15	22	-33	78
-93	-64	-10	21	7	31	32	42	13	-9	59	-11	-62	-67	-79	71	36	-57	90	41	56	71	79	39	56	31	90	89	-37	-75	-69	-99	-10	-58	-52	63	-5	92	80	-100	-69	23	-68	87	53	-71	57	31	-23	80	-18	-69	-84	-68	-98	-7	18	94	-46	-16	14	-41	8	37	74	-5	60	58	42	-3	51	-15	-29	1	93	-10	-69	93	-82	-62	-51	16	34	97	95	-87	76	-52	90	19	84	59	45	-26	-96	-56	58	-49	-59	67
-54	23	-1	50	-43	-24	17	89	-66	68	-77	-72	-30	28	-49	-28	-12	67	74	-98	16	-43	30	28	-30	51	-20	8	61	-48	52	34	12	14	-35	-81	-72	88	3	-55	-33	23	-31	74	21	-33	55	81	27	59	-9	28	-49	37	-11	-20	97	38	-13	-23	-66	21	-84	75	-47	48	-95	19	-45	-61	87	-41	82	21	-2	47	9	24	59	52	-29	-7	95	-34	-9	11	43	93	-59	87	52	-42	-92	55	-37	-77	-88	-68	90	-4
82	-59	90	-70	-13	99	-8	-65	-55	36	82	73	97	-84	96	-25	-75	-36	64	99	8	50	-20	27	82	-53	40	-50	65	-79	-48	-99	97	-54	-95	20	-44	-69	-21	74	23	89	-77	28	-30	-82	-19	-30	35	94	8	-100	-21	8	-93	61	4	40	-10	-23	58	-46	-86	100	89	-71	81	71	-50	-66	-40	-54	-27	-21	-81	60	-4	-86	23	67	43	33	-82	31	-15	33	80	86	95	-23	-30	4	22	14	44	-5	49	56	43	-80
-10	-11	-23	24	58	69	53	-75	95	85	26	-100	-56	-99	46	44	-17	-95	-13	-67	-56	-41	95	99	-38	-3	79	67	-74	71	-42	69	99	54	-57	-93	-5	-34	-11	21	87	33	-76	89	49	31	22	-98	-74	79	-25	26	-54	69	-55	91	-50	-97	94	-18	-28	20	75	90	94	-52	15	-89	89	97	-80	29	61	82	86	-8	44	-68	32	-52	-82	4	-51	-27	-100	87	50	-51	15	-41	-83	59	46	28	45	-10	33	-64	2	-35
-2	64	-60	45	33	100	3	-90	-48	71	-64	80	-55	-42	-40	38	-87	-41	-21	-23	-48	-97	-98	18	99	-82	34	8	-40	-6	26	38	3	59	-25	-26	-10	55	47	78	-18	-81	20	57	-31	-11	36	-37	60	6	53	53	-3	-13	-18	42	33	-49	-33	17	-10	80	-2	19	-90	87	-92	-43	-85	-18	73	-40	63	23	31	48	49	-27	-93	-73	-62	-54	12	-5	77	-29	-88	74	-35	79	-51	-94	-51	7	-49	36	8	72	-1	29
-54	0	42	27	62	-27	89	-54	-65	3	19	98	-69	18	-20	60	21	29	66	-74	14	2	-3	41	1	-6	13	-89	3	10	-27	-7	-92	-15	-49	85	-35	57	-11	16	24	-88	-29	-9	47	-6	9	-80	-24	-88	1	13	67	-89	-27	93	1	93	-55	-2	-72	-58	94	-52	-36	80	10	-70	-16	-81	-78	-16	11	-73	66	-35	-78	44	-13	81	84	-14	84	96	-35	-71	98	-74	34	-75	-57	-100	-65	63	-29	-21	66	23	-55	-57
-5	-6	-71	-3	82	65	99	-16	52	-5	90	82	-98	-38	48	-48	24	74	-70	-34	56	-54	-7	34	-18	21	-65	99	29	-43	76	-70	53	-41	-7	-79	20	80	64	-31	11	-19	-12	55	58	-47	-45	-23	-43	80	86	-49	-65	2	-12	70	100	-64	-97	57	67	-46	-84	89	69	61	-27	50	69	67	-97	-50	-55	96	-60	-58	-83	75	35	-92	-80	-5	-83	-20	89	2	-1	64	-77	83	-90	-28	-25	86	-45	75	-93	89	0	33
27	15	3	37	-8	29	42	96	-54	-8	73	-41	-21	15	30	-90	27	-50	-34	-39	-31	-71	82	-97	-54	-52	2	88	2	38	-60	65	46	36	44	5	-55	7	-95	-22	30	-9	-48	1	26	31	77	62	99	-19	68	-57	52	-19	-60	10	-88	-61	-7	59	56	-69	75	8	65	0	-8	-44	-49	-20	98	-60	32	33	71	-34	21	68	-24	-3	-52	36	-63	95	-34	-47	-19	69	-70	17	-47	-49	48	-3	-94	-40	43	-79	33	45
76	100	7	-43	-42	-57	-76	23	17	97	10	-81	48	26	-22	-8	-50	85	40	-81	32	100	-44	-51	-85	67	-69	-97	57	-45	-42	81	32	-3	-11	-49	86	-8	-89	50	74	16	98	44	-31	60	32	-4	42	84	-92	-99	-25	71	-100	-24	77	-45	66	-65	-83	-99	46	77	69	-73	89	-74	-2	98	56	-39	94	95	-67	-40	-2	77	34	78	85	-46	-29	-61	46	66	71	-78	-26	18	-30	36	23	-44	43	68	-73	-69	-48	-98
5	39	-59	84	2	-70	-33	30	-62	22	-76	57	33	10	-53	85	55	65	-31	-52	-53	-89	-32	52	48	-38	94	28	-87	-45	-42	39	25	96	-19	-28	89	-8	-90	-73	-2	-13	-32	-48	96	58	-97	-44	-95	99	-94	-11	-48	100	5	65	-58	-32	-91	1	-9	41	-51	-51	69	-68	-36	-3	23	-84	-73	73	-87	54	-2	13	23	-80	96	-17	67	-9	-34	-27	15	-11	83	-61	15	99	-8	-56	-74	-55	-66	-78	21	28	7	-39
98	20	58	35	6	-32	58	-59	-99	15	76	43	32	71	87	-68	60	28	42	11	-10	20	51	-13	-54	81	13	33	-48	21	37	-86	45	-61	50	92	49	-58	-83	6	36	35	56	4	85	85	-71	68	-27	63	-61	78	-12	49	-27	92	21	-57	61	62	65	-85	20	-87	-81	-7	-54	41	-42	90	-27	26	6	-71	62	-26	-99	-36	-75	-66	-82	81	-46	54	94	77	55	-4	55	5	88	-44	42	71	-38	-26	-51	-80	-18	6
-82	10	94	94	-90	55	44	-28	-16	48	-45	53	89	83	6	12	-92	-51	75	-13	68	8	48	-100	50	-53	26	7	-91	89	9	-69	87	-11	-85	-19	85	-17	-16	-93	63	-83	-62	-29	-96	89	-88	-31	-52	-70	-40	82	-51	-51	74	-25	-47	54	-22	-91	62	46	10	42	-57	-58	71	-78	-86	-80	-59	90	-64	-13	2	-24	-100	-60	71	47	-1	-57	77	65	-22	69	34	-99	-9	-75	-17	28	-44	-47	48	83	-23	2	95	-96
-4	54	-50	-60	-18	-8	-94	-65	-43	92	69	45	-78	30	60	85	-99	89	46	-5	-33	68	46	44	34	-26	19	86	-4	48	-13	-19	87	33	-61	-100	63	99	-15	26	15	-5	40	-98	64	55	56	41	11	84	3	49	63	27	50	68	-52	-92	-21	82	56	12	92	28	-15	-71	64	-42	73	-66	64	73	69	-18	6	-60	26	-73	-50	-61	53	63	86	17	26	78	-92	36	-15	43	-25	-96	-73	92	-76	26	85	76	-63	72
-51	47	6	59	-21	98	21	-38	-40	-34	-44	96	-17	78	51	90	-69	47	-57	53	67	-71	-42	87	-79	41	-75	-73	75	44	93	-65	16	-70	-67	33	86	93	64	-61	41	-30	-48	16	3	19	86	-75	-36	-41	-54	-11	98	-97	-85	48	73	-68	33	-15	-40	-95	76	-46	-6	-76	-40	-29	-91	29	-5	58	-6	55	-47	64	-44	-25	89	92	-14	12	6	-71	-75	91	8	-84	-85	14	-24	8	84	12	86	-23	53	23	89	94
-11	-12	79	-92	81	34	-80	-34	-32	69	-31	-49	2	-37	-72	92	-96	-7	28	27	13	-94	-81	91	-75	-17	-91	53	-7	80	66	-57	8	-21	-21	87	39	87	-6	-78	-29	-42	81	35	80	27	-43	-100	62	-17	62	-8	69	14	7	-2	-94	-47	-86	29	84	-17	-74	70	18	-45	-80	-6	6	-61	-7	-6	-85	-60	-72	85	-81	-38	-90	-66	70	70	1	-94	-9	-56	19	76	3	26	87	73	14	-73	-1	-91	65	49	65	24
-49	-30	36	-72	63	65	-88	28	-42	19	-40	65	16	68	19	29	74	-48	-74	63	12	63	-30	18	-52	-18	-7	-77	3	37	-6	50	96	32	-77	17	-21	42	-1	38	58	45	-92	-30	-48	-78	-68	3	92	-82	40	10	40	26	-66	-41	76	-21	-47	12	81	-78	99	-48	20	43	31	100	4	-97	-64	85	12	0	53	-72	-7	59	-38	-5	42	-77	60	-29	73	75	-27	-91	11	-30	-51	-57	-92	-92	-83	13	-41	94	-90	-50
40	57	-97	-72	-15	59	49	98	44	80	-11	94	100	-24	23	46	-41	-87	-40	-62	74	84	47	83	68	76	-2	97	-5	-24	13	-100	43	100	-72	71	-89	-15	-32	-45	39	87	10	-54	-35	-72	98	55	47	88	-27	1	78	38	21	62	18	25	54	50	16	65	-72	91	12	24	-53	0	-96	62	52	51	68	28	-94	71	-30	98	21	46	34	73	-100	-61	-36	5	-42	-60	-4	-11	-58	-97	-35	22	-44	84	18	-34	77	59
-12	59	12	50	-76	60	-52	96	34	-14	30	-31	72	-60	-97	50	-24	58	93	-67	36	51	33	-96	-17	-79	-39	-71	-96	42	-71	-81	14	-77	-82	36	34	52	-59	95	-62	-97	12	-71	45	48	-92	-76	67	-35	-51	35	98	8	-53	3	99	-23	90	2	-66	-56	-10	-19	-75	53	72	30	64	-97	83	-41	-86	73	-87	-94	-40	46	88	-92	10	93	52	-26	25	-71	-11	-51	-1	-81	18	-71	-18	-6	-79	-10	50	-79	-89	-9
-83	81	0	-74	6	23	-75	21	-8	-33	-46	-22	7	-7	0	65	-60	-19	-2	-47	-22	-86	67	19	-20	15	98	-44	-65	-89	72	77	-94	-6	-29	83	-80	-35	69	54	-62	-63	-9	38	88	83	23	-47	3	-52	18	-23	-25	63	87	95	-24	35	-18	-73	100	50	-19	-31	-56	73	-43	-95	-3	-63	93	44	27	17	-20	-18	57	79	24	-68	-50	80	57	-77	-48	-21	-95	-85	46	-74	9	-27	59	-46	-23	-40	-90	41	51	89
97	-12	-98	-51	-66	27	-69	32	-49	100	-70	16	-32	25	-46	-64	74	31	23	71	-27	76	28	-41	-25	-67	36	67	0	96	-87	54	60	-60	-68	-35	22	-54	-100	52	49	71	-44	60	89	1	39	27	-65	-7	18	53	-75	-16	-21	-91	-9	-11	-38	27	11	85	99	97	82	-33	34	46	-41	20	-84	-27	0	-55	-18	-44	-93	-3	74	-42	64	-53	-59	-76	71	-19	-11	95	-45	-23	60	-56	-38	52	-65	20	-67	60	-86	6
34	4	-82	-30	-88	-93	62	-62	0	-65	53	-70	36	-17	77	-34	70	-77	63	-47	-9	-8	-22	-10	68	48	51	-81	74	81	-17	-36	64	-78	-68	2	-44	-95	-46	82	-49	44	96	7	39	47	100	47	95	-64	-68	-30	100	90	-3	-73	-52	-76	-38	81	-49	-65	88	-46	-85	52	-73	15	-53	45	48	72	-66	27	76	-14	-90	-3	89	84	57	29	-92	-72	89	67	32	68	-18	75	8	84	58	-8	27	56	-67	45	-38	-47
64	-85	-10	21	42	76	7	-32	-1	23	-3	76	65	-99	11	16	-5	-36	10	50	40	31	-33	-89	-99	-35	-73	67	-8	1	-76	-100	-7	74	-65	15	-55	28	-49	79	-31	82	-41	82	16	29	-10	98	-81	-37	-40	-18	3	-28	-59	26	98	-48	71	-13	-66	28	-91	-32	96	-75	-1	-47	59	-38	-85	35	1	88	90	-37	-69	-42	-88	-75	-91	54	-32	-16	1	-70	-49	-15	30	-73	-49	9	61	89	-16	-43	-19	74	-83	9
51	20	87	4	-49	96	9	-62	-49	70	90	-12	9	73	-34	-9	48	42	-97	68	72	99	-5	46	-10	-68	-85	-65	-80	-27	57	72	-78	6	-88	-67	0	-45	-42	16	35	77	-30	-32	-47	-21	-67	-60	-2	21	-55	0	-33	-9	94	95	85	-89	-27	-28	-87	100	-72	70	-90	68	-9	-89	32	-14	81	-72	65	79	-88	66	41	-50	90	-24	-18	56	-73	77	-8	-71	-11	-29	-4	-58	48	92	53	-19	-62	68	45	61	-21	74
32	71	-33	-61	97	7	-10	-91	61	-97	35	-82	-65	-99	4	59	-90	26	-67	-40	87	18	81	-83	-87	-38	85	50	22	36	3	21	-28	-77	86	79	-48	13	-52	81	71	-65	52	62	-10	89	85	-92	92	74	-82	-89	13	-10	24	59	39	29	58	48	-16	-82	0	24	48	9	-49	67	-75	62	33	-44	-20	22	100	-55	85	29	33	-33	21	-78	94	-44	43	31	14	69	-78	45	-49	-2	20	59	26	-6	-29	-85	-14	86
-23	-50	59	-66	26	37	61	-55	69	-63	53	49	39	7	-63	83	-37	89	96	85	81	61	25	25	-64	55	-77	-95	61	93	-83	25	7	-38	39	14	93	17	-6	14	-22	-71	79	56	84	-82	-74	-65	-99	-12	17	86	0	94	-71	-14	47	82	-84	5	49	5	-68	87	-62	-34	29	85	37	-55	50	-44	94	-33	-42	94	-95	1	-9	-67	58	48	98	-29	37	94	-75	-81	26	-9	-77	80	-23	60	79	-77	-18	-60	31	35
91	-30	94	76	-63	21	40	4	-47	31	16	-78	-35	-41	27	-86	-51	-44	50	-3	47	-69	-43	86	-78	-93	-94	97	50	76	30	-95	53	75	-55	-14	48	-40	62	74	-10	35	35	-54	-66	27	52	42	34	64	92	97	82	-91	-52	-64	-81	-30	-26	40	-35	2	5	-43	-21	-30	-66	29	2	-66	-54	12	53	44	50	-80	73	-2	-79	48	18	-92	-3	49	-93	-24	-64	21	74	-67	82	34	-59	99	9	47	-100	86	80	22
-1	-32	-75	24	-77	-88	82	72	-1	-62	53	23	-58	-82	68	-60	4	-37	-49	37	-75	95	-79	-65	-31	25	-20	-63	-85	19	-84	90	31	-5	-33	46	-12	-56	-22	-44	-83	6	19	1	-71	37	74	90	-38	45	-6	53	65	52	-79	60	74	48	-72	-76	-12	1	92	90	-83	-22	9	36	4	24	47	94	10	-30	85	13	-14	-1	54	68	39	-82	-62	-5	-93	-21	-46	68	36	39	-39	-23	-7	68	17	31	-55	-66	-81	-98
40	78	-64	59	52	-19	-39	58	-96	-10	-9	59	-69	62	51	58	51	-83	-13	58	100	-74	-87	-48	80	44	69	-77	69	5	-62	99	73	99	-92	27	63	84	-82	-5	-2	-82	-82	-27	-89	-6	-63	87	26	78	23	-82	63	-78	-71	20	-88	-63	80	-64	28	20	-23	3	84	-54	-22	8	84	-88	-16	53	31	100	-89	40	55	-65	45	-61	-35	39	65	8	-71	20	30	-66	-97	22	-44	49	-30	-29	40	-11	-29	49	58	-81
-37	-84	-86	10	28	-71	55	-60	-17	-90	98	83	61	-3	46	70	-83	-60	28	98	81	-18	86	61	34	1	15	-37	-59	-41	25	60	-63	71	-15	11	-54	15	23	-42	-12	69	-41	-91	-26	60	-66	66	85	-69	-25	32	-47	68	65	90	26	-32	85	-86	84	-24	-47	62	24	-71	85	-60	-85	-63	43	-18	36	-63	11	71	6	-35	-14	58	-40	-8	25	37	72	-26	29	45	99	-29	34	57	-76	3	57	46	-15	-53	-76	77
-76	-58	94	22	7	-50	-1	38	84	67	-64	-70	-23	89	-18	29	-76	-74	61	53	14	-72	-89	2	39	38	11	62	-74	-22	10	-31	2	47	-92	-20	11	62	-59	7	-48	87	100	-40	12	95	75	-25	-93	14	-54	81	-89	-85	68	-34	53	-70	-92	99	-86	50	29	-16	-55	-23	-58	61	-93	-78	68	54	-79	-97	-32	37	-97	-44	-6	68	40	43	-15	-2	54	32	57	36	-54	55	30	-11	20	45	53	91	-54	49	-31	89
86	-87	-48	-92	12	-19	-2	-53	-9	97	37	58	90	48	-92	-9	-70	33	0	41	50	100	73	99	-3	-86	-53	74	8	78	22	-29	38	-50	16	-21	9	-37	79	89	92	82	83	4	-71	54	35	72	2	95	-80	-4	-52	-36	-65	17	79	83	-37	-70	-17	-47	-79	-32	-92	27	-22	72	76	-17	22	86	70	28	95	-84	35	-93	17	99	-75	74	5	6	-24	6	76	-59	53	12	-96	-60	20	-50	21	26	-88	66	0	70
63	-56	-86	82	41	-12	-99	-57	84	42	51	42	-81	55	90	15	81	51	-34	70	80	-81	52	-83	-37	79	-76	18	-66	-46	-73	-36	-42	-84	26	-45	-83	86	-57	33	-3	6	-98	-75	-72	58	-68	100	-12	-99	8	-82	90	32	-51	7	68	-22	-52	-93	95	80	62	-8	-20	-2	-87	25	40	-90	-85	73	-49	-90	48	22	-45	40	77	-52	40	86	-5	-63	-13	-67	-24	75	51	2	46	-61	-62	41	2	92	96	31	60	-52
9	-81	-37	-3	-16	74	54	27	89	-20	55	-46	-87	6	17	85	68	-24	-92	16	58	32	-91	-54	-99	-55	-69	-11	82	-41	-52	-66	40	46	-27	-10	-22	-16	-20	-7	-79	27	-33	61	80	94	-42	-15	-10	72	6	-39	-56	3	-21	-11	-43	-86	-56	-89	12	-3	-49	-71	53	22	-5	25	12	62	-72	35	-27	-11	53	-80	-21	97	87	-3	-90	-48	-1	-9	-66	-12	75	96	-99	-83	57	60	71	-26	-29	63	34	-71	5	49
43	-91	-66	9	98	-26	-13	75	-77	25	-34	-12	49	-35	-34	13	80	68	-33	-37	-83	92	99	65	99	-54	-66	99	-65	-35	-34	-89	45	78	-8	-19	-93	67	96	-14	59	-14	-7	-81	-25	59	-94	-62	-74	-96	69	99	85	-31	-14	-56	-72	-67	-76	-11	65	-44	48	-85	21	-82	90	-41	-9	-62	73	24	-22	28	-69	-22	-69	91	45	-96	-66	-91	-9	33	63	-58	-5	95	-15	81	-74	78	-17	91	88	88	51	90	-26	-87
47	-5	6	-35	-2	-89	63	-94	-84	3	99	76	31	-4	-75	89	-11	-99	-18	-61	52	57	24	31	23	-28	25	78	78	78	-100	-73	-31	80	-99	-77	47	-56	-22	6	-8	100	-53	26	61	-30	-77	-68	-82	34	28	13	-35	-53	-95	79	-68	-37	72	-35	-7	-26	5	-20	-19	-33	-43	-54	-58	53	-97	-89	-69	50	63	-30	-48	56	100	-82	-5	-88	-86	-74	-48	-96	-74	-67	68	-89	85	55	-97	87	17	-33	-36	67	35	-85
11	-80	-30	-59	38	-72	-59	-99	99	16	79	-100	15	94	52	-24	14	74	18	88	-5	100	89	-97	-90	-39	-56	32	-37	-74	-57	-19	92	-39	-53	-33	-21	75	-69	14	-91	-95	-31	20	74	-80	37	-45	56	1	-75	-42	-6	-28	67	-22	80	-98	-1	4	25	75	25	1	44	27	-25	-56	77	-17	79	82	-47	-15	-55	73	-22	81	59	37	-20	5	90	18	-20	-99	-67	-70	-5	9	42	62	-26	75	-8	-32	98	-73	0	-20
-8	84	62	3	-95	93	-70	-5	-41	-2	-88	37	-54	-59	29	-25	73	-38	88	-67	92	79	-50	82	32	43	64	-49	-84	98	58	-72	-55	73	38	-22	27	72	24	-13	48	89	-69	-96	-19	-23	-35	89	-68	-82	11	19	-9	-29	73	44	55	81	-21	42	-41	-2	72	-73	37	94	-43	-55	56	-88	-88	-29	-79	64	-72	26	-66	-43	5	-64	-90	57	9	-18	39	12	29	19	74	-87	18	-100	-45	-45	83	43	81	-12	74	-76
97	4	63	44	4	-42	37	58	-50	31	-94	97	-79	63	44	-1	-8	-94	-61	60	-72	100	6	-65	81	35	78	-35	-37	99	-18	48	-72	56	96	77	25	24	-21	-77	-42	-27	-22	60	-30	-27	13	-52	-41	-71	-39	2	-13	-90	-90	-78	-55	29	62	-69	-99	48	-78	91	81	-98	89	49	-55	-11	89	-36	-91	15	0	-74	-55	15	88	35	46	-83	-15	-2	17	82	-18	-46	89	-6	-88	36	64	-42	-55	12	-60	86	-24	-91
37	21	15	68	13	-10	90	-87	-54	-40	47	-62	63	-17	-5	19	-28	25	-60	11	54	-51	60	-62	-48	-76	-21	-13	83	51	-2	0	57	-27	11	72	78	-41	-97	-87	-78	80	-2	53	50	63	18	35	1	5	56	-77	-66	79	-72	65	-95	-54	-100	-5	49	2	-36	81	13	-35	24	-27	3	42	-42	-51	32	-55	-14	-82	1	-33	15	-59	10	-1	94	35	17	-78	47	7	14	-86	-19	-20	29	4	-92	77	-76	-69	89	-62
-18	-70	28	23	17	13	36	-44	56	50	12	-66	79	31	-60	87	-75	33	98	-100	75	27	-29	35	13	29	-73	22	52	84	22	68	-61	14	73	30	94	-43	-40	98	90	27	22	-51	63	27	-34	53	-100	13	-82	88	-17	21	5	-78	-74	-7	45	23	99	-26	-82	47	73	-28	25	-64	4	41	-18	-27	14	60	-33	76	59	51	-4	-35	-43	100	-42	-100	-56	39	80	-79	91	83	-95	-61	24	-96	74	5	5	-50	79	98
62	-70	100	-68	86	-97	16	45	62	42	72	45	-2	99	92	15	-39	51	34	-26	-16	1	41	-85	-28	69	-61	-73	-50	-7	-78	-85	-36	63	16	-61	94	31	-33	-79	83	-77	12	53	96	53	52	84	57	92	21	23	45	79	-27	35	82	21	-36	21	-91	-81	91	12	-16	62	16	38	29	34	-13	55	67	78	56	65	49	-15	99	-56	74	14	30	-93	-77	-53	21	-10	-75	16	16	78	-28	-13	-28	40	81	-93	95	2
40	24	57	-7	17	-81	90	14	-36	-67	23	100	-18	47	60	-70	44	-67	-17	-99	-32	-33	54	-84	62	9	88	-8	24	32	-89	-33	-25	97	-89	-63	-60	64	87	69	11	73	59	62	81	54	85	96	99	94	-97	-40	-39	-35	-95	91	-3	-44	94	81	90	84	-89	-30	51	-6	81	63	98	41	-3	22	58	78	-72	-50	36	40	-37	-88	-94	-72	95	-85	72	-76	54	99	-59	-69	73	-15	-62	-53	-55	-91	4	32	-39	-98
76	-70	-41	24	75	87	52	-28	51	-8	75	93	17	-43	-16	35	23	94	-41	-64	-56	78	14	-81	-76	-39	-100	-82	70	-86	64	-39	4	17	-82	54	-87	-62	39	-39	-39	58	-9	12	60	-24	-51	6	55	-44	5	8	28	-78	-94	74	0	76	-38	0	-77	-47	70	37	99	-87	-85	89	-65	-90	73	53	-5	-71	-56	-33	-61	-3	78	-76	-60	-92	91	-66	34	-46	-34	-47	-28	17	44	25	83	65	79	-68	-52	-99	62	5
38	-93	55	-45	22	15	-95	31	-4	-15	33	19	16	-76	13	-25	-2	-60	27	-32	-56	-31	27	-25	-14	-19	44	-62	-15	-1	42	-40	-84	64	-51	25	-6	26	90	-97	23	-39	27	-48	-40	-34	-26	23	54	32	-74	-91	-71	-49	14	42	-62	23	-13	24	-73	-64	18	46	3	44	-16	-62	24	56	69	70	52	-46	78	-53	-91	94	-79	-2	-28	22	-56	69	42	-49	-57	-54	-91	-4	79	-96	-98	51	-84	-49	-83	99	22	48
39	-39	-20	41	73	66	-54	-20	10	64	67	-2	21	72	71	-25	45	-42	-96	-81	-40	-74	90	29	-61	-41	-89	79	-1	94	32	-62	49	74	6	-48	59	-99	74	20	33	84	58	76	48	-70	82	-42	-67	36	25	-90	41	34	-25	8	14	-62	31	47	22	-16	38	-32	-28	-63	-61	51	-8	4	-40	97	-30	-57	24	-38	-11	-67	-63	3	33	82	27	58	-23	55	-67	18	72	-93	76	23	9	-39	-55	17	56	93	76	41
-33	-27	98	61	4	-8	-93	-47	19	1	-41	95	-41	-99	68	-98	56	85	25	-74	-10	32	-20	7	57	50	-29	-41	-65	13	85	-66	15	83	-31	52	81	62	30	32	96	-99	-85	-50	99	-51	58	63	18	-13	62	35	-80	-82	21	-85	79	-7	2	34	-91	42	11	-76	43	-70	82	20	-74	-100	-77	54	39	-24	91	26	100	-54	-86	-90	-16	63	34	6	-44	-17	18	22	-5	-94	87	35	64	42	98	-81	79	78	11	-43
-35	-64	15	-48	79	85	-15	-91	19	31	7	78	44	-54	53	31	17	73	-8	-59	-95	43	-26	51	-6	85	-14	92	-12	-92	-30	-97	14	61	40	-21	78	-61	-73	82	-17	-69	26	-64	83	-86	-61	71	48	5	78	-33	99	82	24	-47	-19	-1	-46	-22	-9	59	39	-59	90	-86	56	-80	-28	-70	7	-7	-15	-51	-50	-80	-73	-70	-2	25	-75	99	-49	-10	-32	22	-16	-70	-60	68	-85	3	-10	-52	-87	-95	-95	13	76	-51
79	-71	-78	51	-44	-59	-17	-59	-5	-96	-77	-67	1	-100	13	-67	-83	-57	8	-8	-41	-75	81	-8	-81	100	-36	84	26	50	-5	79	63	-52	-62	35	39	73	-53	77	55	-28	-69	-76	-94	-78	-36	84	86	44	25	-26	59	0	-92	-30	30	-39	-42	50	91	-64	37	70	-49	79	-84	13	71	86	45	55	39	69	-63	-41	-13	12	7	-80	11	-83	53	68	66	-64	92	-66	27	59	63	-80	-20	10	-93	40	0	65	-61	-48
-49	-69	75	-89	-24	-47	40	-15	-53	87	-10	5	-9	41	-22	-73	-69	50	100	-11	-34	0	-46	35	-2	-14	76	86	-69	10	-16	39	-17	86	-80	-33	5	-1	-75	-99	-7	24	-86	-43	49	90	72	-60	-84	73	53	-82	22	-73	-37	94	-19	-1	88	5	-21	16	16	91	-55	-5	76	-59	-44	19	79	-8	23	-65	21	100	-98	78	36	-42	91	-26	-19	-34	35	19	-54	6	83	39	28	21	52	-98	-86	96	-75	90	69	-56
-90	87	78	-10	-34	86	-99	-53	70	-33	77	-99	-67	19	-63	84	72	16	24	10	84	4	-25	94	91	-26	41	-49	3	-66	-18	13	81	2	-52	33	90	-66	-93	97	32	96	27	19	82	-61	75	26	-84	-100	90	85	-5	-61	-43	-10	-26	-3	16	-44	52	-79	22	32	-20	-95	72	-30	-68	65	-26	-14	-88	-36	11	-32	72	-93	-27	-91	-63	-59	-52	72	-91	-50	56	-93	82	-29	70	63	-5	-71	-61	7	87	94	4	69
16	-14	-7	31	27	-65	-69	89	99	15	-9	-81	-70	2	3	19	-56	95	-11	45	-40	-93	27	79	-51	49	-49	89	-100	-82	28	-16	98	29	66	6	36	-79	-70	-69	58	67	-78	-44	-16	-1	-44	-100	-75	51	-82	-47	69	-97	-12	-40	-80	-49	76	-88	91	-97	50	61	27	45	94	36	49	92	23	59	76	-51	81	39	37	-41	81	73	7	-87	15	-21	-56	-41	-88	-12	88	-98	-82	53	-48	20	12	2	44	-35	97	-81
68	38	-77	92	-76	-65	-8	-8	72	-39	39	83	80	-18	-98	-11	66	92	52	29	-92	-28	62	-34	-96	9	72	-29	85	90	88	-6	7	91	18	-15	-49	-46	25	77	81	14	-45	14	57	50	46	-13	-20	63	-88	27	47	4	-37	65	70	-10	-79	-73	-5	-42	2	24	74	69	53	-98	61	-3	93	-7	-35	-1	-64	-70	-53	78	-92	-41	-5	46	92	-99	-69	38	30	32	93	-11	72	67	72	13	86	30	37	17	-31	96
