78	-48	-71	-63	-12	-14	-16	59	-62	-16	57	-44	79	-51	57	-3	100	-48	87	22	11	-58	81	95	-96	4	-57	49	-60	-14	89	96	-81	99	-55	-40	-53	43	23	-87	43	14	1	-74	-5	1	-14	6	-82	-78	-33	-71	63	23	-21	98	-84	-39	5	49	27	69	10	59	-57	-13	75	61	47	92	72	-50	-8	70	10	-49	66	-54	-51	31	52	-69	86	77	-53	32	62	-91	13	-92	-67	83	74	-20	74	92	-78	82	-36	53
-17	-46	-94	-55	-26	-93	-20	98	55	71	-73	-47	23	-11	-48	-61	63	41	37	91	-61	-80	-36	-54	-35	-37	-15	-89	-47	-84	72	-59	-98	68	-72	-4	-7	71	-8	-92	61	-75	25	58	23	-97	10	64	-78	-51	-16	0	23	83	12	-67	-93	-11	-60	-86	-25	51	73	100	-31	-47	23	-59	66	92	-27	46	-75	58	39	-8	-83	-89	-48	80	-6	11	87	-60	-91	-69	-4	94	-88	-11	33	7	84	-88	57	-52	24	-15	-18	98
-22	90	-19	33	-36	-68	-20	-28	61	-33	-27	62	14	69	-49	-15	63	-53	40	97	-80	-26	-56	44	-26	16	33	-32	-35	27	-95	26	-98	89	-56	65	12	-64	47	84	80	-49	-72	52	-75	-1	88	13	21	24	-88	-4	21	-44	43	39	14	-15	46	-84	46	47	-85	63	-24	-13	4	18	-30	38	-50	58	-59	-15	-72	91	90	-80	-97	60	-23	45	-20	10	53	-48	-1	20	-41	-30	18	-56	30	26	-51	53	-8	-64	9	-64
49	-54	62	-12	-76	31	72	-17	43	59	28	68	-63	-39	90	0	-79	-53	-22	76	-74	25	-27	9	70	63	86	38	65	-99	-92	68	-79	-89	39	-44	48	-96	41	100	-22	12	-84	-52	83	25	-8	-24	19	57	61	85	-18	34	52	-12	-31	17	53	76	49	-18	76	-58	-92	57	-64	20	-83	-13	32	47	49	98	-82	-11	-18	16	-55	-57	80	74	9	11	-100	-19	-75	-86	-38	-7	-79	-60	60	14	-48	21	-51	-60	66	6
-29	50	-19	70	51	-25	58	-39	-97	-46	-67	-52	10	-17	57	24	-20	-87	31	22	-16	-5	-58	71	-98	-25	-18	-4	33	-16	-51	-37	27	-37	-15	-54	-39	68	-100	65	65	-75	73	53	-44	7	-17	-43	-26	-32	-54	-83	-94	8	49	-34	-81	-66	-74	79	40	-52	20	41	32	-9	-52	-97	-88	3	48	-3	-21	48	-40	85	31	7	-31	47	17	-45	-44	-72	-47	91	-93	-25	-68	40	-29	85	82	84	-1	-36	64	24	-84	-26
-49	66	69	-12	-17	-79	-4	29	94	-43	49	-78	61	53	23	49	-67	41	-27	-88	13	7	76	-26	73	81	4	86	-35	25	31	24	-44	-7	-100	-46	-96	22	73	-96	-42	85	14	-14	7	32	40	-80	-57	55	-33	-64	-90	51	33	-25	87	-40	49	-10	43	72	-39	-62	34	3	-71	100	-4	10	58	3	-64	-86	-9	-80	24	-28	0	25	-22	-77	54	21	-73	33	-48	-44	6	6	-20	-64	-10	39	-84	-33	82	-51	76	-86
-30	-5	-65	100	-30	-48	86	-2	-82	-24	64	-90	-89	55	-98	4	73	-5	44	-50	-42	-69	-5	53	-6	-70	37	-55	58	77	94	50	69	-99	-49	91	38	-11	-62	-57	-63	-24	-40	13	99	-19	-28	-15	18	85	73	84	-21	94	61	-29	-71	-9	88	88	45	58	32	-9	100	-66	8	-94	35	4	63	65	-73	18	-61	76	-12	67	-83	-26	-92	-61	96	57	-6	92	-62	69	45	6	-95	-69	-1	94	-22	87	32	-31	-87	1
85	-41	-97	74	17	-43	-5	70	21	20	-62	-68	-57	95	96	-53	-61	85	56	-63	5	95	69	-39	87	96	-12	52	94	81	70	-27	80	86	-4	0	48	-68	-28	53	-32	0	-36	-65	38	-61	-10	10	49	53	62	67	-90	89	11	-80	96	-61	-77	84	-40	-32	-100	-33	32	3	30	92	-35	-44	68	-55	10	6	-84	72	73	44	9	37	16	24	2	-20	-6	-92	36	2	81	-8	-19	-33	1	-11	-74	-46	90	-43	66	68
93	-36	-70	-75	38	-67	24	-71	88	65	-82	69	18	-61	-25	86	60	-65	-69	-7	85	-43	54	-27	4	-80	-96	-4	76	-33	-13	-55	87	-3	-49	-55	-23	-16	36	-10	-25	37	34	-36	-74	26	37	16	-92	90	-91	71	69	47	59	-32	-11	-69	77	32	77	26	77	78	12	91	-55	-44	30	99	69	92	-3	40	9	-69	94	5	6	8	-69	-85	31	54	-25	28	47	-54	24	-73	-22	-15	25	-67	-13	-86	-40	-19	81	91
-81	-33	46	-41	55	63	-81	-92	-54	52	94	-86	-77	9	-58	26	-70	-5	80	77	37	84	95	-4	22	-12	0	37	59	-87	-86	-66	94	-41	88	-50	10	8	91	-67	-67	-57	64	-98	54	-30	-51	61	-37	70	45	-76	94	-71	-21	-6	49	-100	-32	25	-9	-32	90	93	63	-48	-71	-58	25	-83	-39	75	-10	-90	-61	-18	77	70	-63	22	34	-45	-69	61	-20	57	-99	75	-58	-66	58	4	-74	-54	79	-50	65	-99	-31	15
54	-89	-52	51	91	-1	14	-86	-42	96	-43	-70	-57	-50	-88	88	8	27	-57	59	-99	93	-45	-8	79	-59	41	98	30	45	35	-9	47	-87	-41	-36	-42	80	40	58	-89	-99	-94	-44	-7	91	-91	-65	58	-24	-45	-46	94	24	-76	-48	-8	-81	-84	-37	61	89	-6	-84	44	12	-62	81	42	-41	3	85	80	-42	11	-39	-3	36	-78	-9	-50	-32	-36	68	34	-90	-18	96	-80	-36	-25	86	-19	-32	98	-25	64	-32	100	34
94	-7	-63	-34	-43	-22	-4	39	-56	-96	-47	-25	-64	-94	-62	-69	-11	48	-31	-48	-43	-39	80	44	-96	14	10	-88	-31	38	16	27	62	79	-66	94	12	-2	-51	-45	42	-98	-69	-93	86	-22	7	12	-22	82	97	-12	49	-100	-31	-38	45	-2	-1	-73	-20	63	-33	-34	-46	-14	50	32	-35	-76	48	19	-10	76	-81	-16	2	15	7	-64	10	26	86	-91	-52	-65	-80	16	-81	52	91	-64	80	-77	-24	-87	-60	-9	-35	3
-87	-48	-13	-8	60	-99	-21	52	93	44	-47	81	-63	43	57	86	-1	-15	-24	46	75	65	32	-71	35	38	-62	66	-13	-86	-100	97	23	63	78	-50	-88	12	11	-59	32	82	24	42	-88	67	-96	52	-38	-70	-49	9	85	98	77	-32	-29	-9	-21	18	50	-20	20	-33	-84	59	69	-9	-34	76	-57	24	-29	99	-100	62	61	36	5	80	98	-67	42	-70	-94	91	-56	-40	90	39	13	-80	-95	-66	-76	76	40	-8	68	98
-26	-35	-95	-93	-92	-90	42	-3	-33	-60	40	-67	-49	22	53	-94	32	-37	86	80	-96	64	-79	-60	25	-21	-76	-15	-1	98	-55	65	-13	53	-43	-85	-57	77	63	-100	0	-18	100	-20	51	-35	-29	95	-58	-58	-31	86	24	-35	26	100	86	-99	70	-91	77	-45	-15	-64	-69	-73	-4	45	-10	47	26	-75	-18	-30	-45	1	-84	-4	-57	-4	14	51	-71	69	98	-64	-14	-33	-23	26	-92	70	56	-6	83	2	-1	-5	28	-53
39	88	-72	-53	12	45	69	70	97	92	45	37	94	-48	79	19	-41	-65	56	54	93	-78	-21	48	-67	-18	25	-47	73	-96	-12	-43	-25	-96	-4	67	78	-68	15	-71	-46	-68	79	36	7	-60	2	84	-50	-22	61	22	-14	71	7	-24	-21	-9	59	-93	97	-36	-59	-26	94	40	59	-35	-69	45	32	86	39	80	20	-29	-88	94	97	-25	33	18	-58	-19	-3	-71	89	37	-39	16	-29	-1	69	55	-71	44	6	24	15	78
26	-60	53	86	12	-70	57	3	23	-35	16	75	39	-46	56	-9	85	-30	95	81	-27	-99	83	32	-41	-68	-87	84	8	-8	-10	-53	-30	66	-17	40	-92	77	88	-90	9	-21	-49	-34	-83	-46	-99	-41	-39	93	-13	5	-95	-77	-60	65	91	-37	81	57	78	56	-19	61	-42	51	-3	-20	-43	36	-72	-37	24	-54	97	-43	49	68	36	73	27	-95	17	-48	-64	-2	-15	-59	82	-7	-3	85	82	-26	-65	-64	41	-33	-59	46
65	-29	98	50	55	-43	-93	-37	99	-27	27	82	-92	-85	19	80	21	-30	-59	-3	-52	-86	89	-74	-63	-66	64	-66	-30	-17	-41	-46	55	-61	82	-80	92	-67	-96	-84	60	-3	-69	61	-67	64	87	65	-82	-43	-49	93	-2	80	74	7	73	-46	74	30	-44	12	-79	85	-23	27	30	22	21	51	-12	-92	-20	-58	-18	-88	-85	62	-99	-8	80	41	-29	19	16	-46	7	-72	21	74	74	13	28	-53	-46	49	-1	40	-23	75
-68	45	-16	12	80	-29	71	-8	-42	2	34	35	-3	-70	-19	49	7	67	57	47	79	62	-37	13	-26	-51	-35	-28	-85	84	-10	-15	13	-73	10	32	-12	85	-49	59	-72	49	88	-94	-51	-89	69	-94	6	-41	-86	-13	9	20	91	98	-73	-64	-16	-8	-33	-90	-95	55	85	52	96	-18	4	-55	-68	-59	65	-88	-41	-62	-10	-10	0	88	69	96	25	18	-4	-36	94	-17	-79	-40	81	-84	-81	78	-11	66	-97	35	-79	-13
-68	45	-66	7	47	19	36	26	26	-76	28	69	-14	2	38	13	11	-84	63	30	-46	-95	38	29	-74	16	59	-34	22	-51	-75	5	45	67	-15	-4	-22	80	24	-87	-77	4	-59	42	-76	-20	59	-36	-23	13	-50	46	91	23	-21	50	-39	-94	68	-87	58	62	-87	61	-18	73	29	39	78	53	15	-40	-79	53	-38	99	68	-100	39	64	-17	77	52	84	84	-89	79	-33	90	67	-13	-94	-74	72	44	-63	-56	21	98	70
-60	74	-13	-34	-71	-80	45	-47	-36	-37	69	-35	28	100	69	-14	76	49	92	-27	-57	-59	-34	42	41	29	5	-24	44	40	45	-81	78	-24	48	-51	1	-49	-27	7	-46	10	-46	60	-40	-79	6	99	11	-2	15	-32	66	-90	-47	-98	-11	-6	-68	67	-59	73	49	-24	-21	-8	100	-27	62	88	-95	-31	17	39	-14	-9	55	78	30	23	78	78	30	-32	-33	-5	-59	-64	99	-18	-74	98	-90	-94	19	-92	63	80	9	70
-21	76	53	24	13	-2	-48	94	31	6	-39	88	-45	66	14	-100	-29	-25	-24	77	-92	-6	-10	19	-76	-57	86	-42	-49	61	-77	-23	-84	-1	40	-93	-12	-64	76	64	-77	-71	-35	-76	-13	93	-45	39	32	-21	73	66	45	-71	78	20	-12	-24	99	35	100	-37	-12	67	-46	-21	-85	-56	-76	2	-4	-80	-50	9	1	-83	67	87	-30	-76	100	-9	91	31	64	-26	74	-39	76	73	-87	-28	48	-6	73	30	-28	60	-31	-18
-35	11	-53	49	27	15	-76	88	73	21	76	13	-1	-42	55	68	6	-33	-83	-20	-59	-39	-4	57	53	44	1	-45	-98	94	-51	14	-8	-42	56	-47	-41	53	-92	-10	19	58	94	55	31	79	18	87	57	-46	-74	-67	14	-17	-81	84	65	-97	30	-36	29	63	-89	-92	17	35	8	-60	-61	-62	-90	-97	67	22	20	-51	-89	-9	75	-51	-34	90	-91	-4	23	50	54	-51	87	-7	-81	71	47	33	-50	-31	-14	15	-70	-39
-79	-64	41	-38	-31	68	2	-9	-44	49	-47	79	-30	-97	-52	-76	-81	87	80	-1	72	35	28	-5	-14	4	76	-19	-94	90	-12	76	-74	60	84	2	32	22	82	-87	26	-66	12	58	73	25	-33	-8	47	-98	-36	-27	-59	23	60	43	-3	99	-60	82	65	-60	-38	-84	14	-26	68	92	-98	-98	9	-97	38	0	42	-18	1	52	22	11	-71	-64	-90	-37	68	29	-48	-76	-9	89	-38	-63	44	93	-51	-16	50	-58	-92	43
-63	52	-90	97	39	48	31	86	-74	-24	96	-98	-79	-5	-86	98	-38	8	13	-89	-81	-31	-40	58	66	19	13	79	29	-32	-63	-98	-18	16	47	-45	-19	-79	-51	33	0	25	28	-62	77	47	8	73	-6	37	34	-67	56	90	61	-53	-97	87	47	-29	-74	60	34	-9	65	24	-10	-100	-55	-80	-97	66	55	-44	12	84	-56	-62	53	-13	99	90	-54	-36	10	-10	-22	27	5	33	-61	-93	71	-5	46	-73	-6	0	1	95
81	-60	-41	29	70	-26	-1	-88	-44	-61	-51	56	81	0	41	31	-97	60	51	-63	14	-2	3	40	61	-56	-95	80	-6	-15	-70	-81	-10	-89	-76	46	15	-18	68	-95	-30	37	-23	92	10	42	32	-33	65	-12	-74	8	-54	-89	-75	-54	11	-62	11	50	87	29	-31	-57	91	-9	17	88	70	-62	97	91	35	-72	-39	4	-36	-71	-14	20	9	-37	-59	-91	74	23	28	-97	-17	15	-79	-53	37	-45	22	-98	76	97	85	-6
-14	53	-51	35	86	10	27	47	-24	-43	-76	-54	-65	-29	-75	60	11	-46	-30	40	-5	-49	-3	-47	-22	79	70	31	88	8	79	-25	-91	-39	27	80	-29	-13	-78	-51	81	-75	53	97	-44	36	-90	-93	-16	-46	-37	78	-78	-92	15	-31	23	45	81	-100	-34	54	-3	-47	-26	16	-19	95	78	14	-31	-51	-13	-77	27	-48	-1	-85	31	12	40	-40	16	63	2	25	-80	-67	-60	-33	10	77	-42	81	-45	-36	96	-77	-85	-22
43	-12	75	-9	82	69	25	57	81	38	69	-77	52	-88	47	49	75	96	-60	83	80	64	-87	-87	3	-94	53	26	-48	81	-33	-62	7	57	-1	27	31	53	65	-57	-63	12	-9	-76	-17	-44	84	-9	41	-15	-42	-86	41	65	-8	1	28	32	-8	31	51	-22	-17	75	-55	-29	-17	-46	33	83	-20	-88	-98	72	-65	-5	84	35	88	-10	19	50	17	51	84	37	67	-41	32	46	76	57	-59	97	76	-29	97	35	-46	-24
-3	71	-44	-12	-77	94	-70	26	25	18	-72	-34	-44	-95	2	91	44	-20	-34	-57	-12	98	14	56	51	-21	31	46	-75	10	6	73	58	-87	83	46	-57	-76	61	76	34	-82	-29	56	-6	-44	-89	-70	-21	83	78	-97	11	44	47	-23	-84	-36	-47	14	-91	76	46	88	-21	-91	-22	-22	-1	57	48	96	53	-21	95	18	43	-42	79	-64	-4	-53	38	31	-59	26	29	-65	-61	-80	61	54	-8	2	-24	46	89	62	0	-17
59	-22	-15	-82	18	41	-87	54	29	-6	-28	-59	40	-96	-33	-99	11	-14	-75	9	-34	66	75	-28	-97	50	56	52	-90	-77	-38	86	-66	52	-84	-40	32	-14	84	57	78	-48	-64	-70	27	-15	-9	-45	16	45	38	-9	87	17	-57	81	-21	-87	-12	-38	-47	-11	-79	-24	49	49	81	-51	60	40	-36	70	-14	-56	24	65	78	-34	-27	-89	47	-55	7	-37	95	88	100	68	9	-14	-40	-91	93	-96	-76	-25	-16	57	23	-6
22	74	-66	-79	-60	-37	35	47	100	-46	-69	63	-17	47	55	27	-69	-12	17	74	-93	-28	79	7	-30	63	-16	71	-30	65	-31	13	-5	48	-72	42	-27	56	-60	-1	-94	-5	-58	-74	-69	23	59	67	13	47	20	64	-49	64	-57	-96	96	53	-46	18	-53	-59	69	71	-18	58	-56	57	-86	-52	72	77	28	9	-94	-31	87	90	-60	-10	31	47	22	100	68	-26	12	-80	95	45	-2	29	57	-80	-16	-49	60	8	-45	-97
-66	75	-60	-13	-100	22	-90	-36	-76	27	-45	15	21	69	88	59	47	-68	44	-57	50	12	-96	-29	86	36	80	56	-92	53	-62	-1	3	-66	8	-83	73	48	-12	43	-93	-4	-34	98	95	81	-98	72	72	90	-40	13	3	-37	15	23	-64	-49	55	-18	18	-88	-60	-22	-91	-84	-93	0	39	-81	-41	94	92	-49	92	71	-68	21	-86	93	4	26	-16	90	8	100	-58	67	-16	-67	86	-19	-93	-84	92	-99	87	17	-32	5
-33	-31	91	9	-58	-100	87	-34	68	84	-61	60	74	-46	-81	-44	-80	51	54	4	-17	52	-25	60	-81	-56	-25	-38	60	77	25	14	-38	46	-11	-93	76	-46	-12	-26	83	-23	-18	-12	68	5	51	-96	-93	12	-62	-45	79	-85	-87	-92	-34	17	80	5	99	70	-56	-97	57	-99	40	7	59	-42	41	-75	-20	-67	-98	89	-88	-30	23	-2	-93	15	-100	-37	-18	-41	-38	-8	16	-76	-71	29	22	82	58	-72	99	-9	-47	-76
-24	85	41	4	25	79	-46	-7	34	45	37	-40	30	53	7	-3	-1	-77	8	-15	51	57	70	70	-61	-77	-48	-64	-50	-38	95	73	-21	14	-97	5	96	-18	95	-77	-79	-11	2	-62	-33	42	27	11	-10	55	25	96	45	-78	-78	-73	-37	-18	-47	14	-15	-60	98	-92	30	85	64	28	-31	-84	63	-21	31	13	-54	93	26	-59	8	-29	27	-64	56	-91	91	-57	-81	95	30	25	53	70	39	-16	-84	-59	-61	68	27	98
8	-19	-73	81	38	91	44	75	17	-98	6	-36	-5	-25	-33	76	93	-47	99	76	-91	-11	-41	99	13	-41	-33	83	58	-54	-100	-65	16	-56	37	-58	33	-39	-5	-57	-66	-10	-40	27	-64	-83	-57	3	-52	-19	18	90	37	57	-83	-13	-85	24	-96	28	-47	-92	-31	93	-4	22	94	-61	73	70	30	-24	-18	-55	71	82	6	10	-22	-83	90	50	-62	-27	-93	54	-29	73	44	19	-81	-79	-1	63	19	-71	26	-98	-10	81
-71	62	-82	35	9	71	26	96	-99	-89	-19	6	-11	40	-81	-9	80	-67	-39	-65	25	-52	-82	-66	-71	8	-21	47	9	-96	81	55	18	-76	93	73	61	22	-78	3	-78	84	59	-42	9	22	-83	42	44	-15	75	31	-40	21	5	-27	-28	-36	9	-22	54	-76	83	31	-51	67	42	-82	6	-71	62	69	4	52	-37	-77	98	15	-95	49	-78	-76	50	79	90	33	44	5	93	89	-86	49	6	-73	66	8	-59	71	69	-29
-94	32	62	-94	-9	15	-62	-2	-44	-72	99	98	29	36	96	52	82	63	92	-41	75	45	62	-69	-44	38	97	3	89	-53	35	-72	-97	67	-13	27	15	57	-3	1	100	-62	-20	90	-24	52	12	85	-38	49	35	42	-57	64	1	92	17	11	-20	17	-96	-95	63	14	85	-2	26	-36	90	-90	30	-60	31	-87	20	-54	24	55	55	-89	-17	-54	1	-87	32	8	69	21	48	-9	-33	-71	-54	46	-33	80	89	1	-18	88
-17	-96	39	-82	-44	3	-29	67	16	62	40	-10	22	8	-59	-76	56	-7	-43	-44	99	-57	-11	92	-10	30	-72	-38	-78	-59	7	43	-68	-95	61	-74	-52	39	-40	37	75	73	-41	88	-53	-20	70	79	-19	-56	-97	-17	-59	30	2	-48	-71	62	93	-39	88	22	-64	14	18	80	-80	48	47	90	25	40	75	67	-2	36	62	82	8	-66	55	93	-66	-16	-66	-51	71	59	-23	18	36	-45	-73	37	65	-74	-59	29	-96	28
78	-63	48	-51	-1	-47	30	-18	-70	70	15	100	-44	45	-99	87	76	-34	-71	4	-54	28	-84	-71	-98	-78	-31	-70	-19	19	61	-80	30	32	3	20	-96	-71	-90	50	-77	-17	76	-79	-31	-70	-67	71	79	17	-40	97	19	51	-93	73	-7	-86	-9	-45	9	60	61	-47	87	-84	100	-38	-94	64	-77	19	96	46	33	79	75	-76	-17	-69	22	-91	72	-13	57	33	-61	99	-66	59	-74	54	-98	-50	-72	94	-11	-88	-37	76
100	61	-75	-44	-86	30	-16	93	-2	61	96	-80	75	-22	-99	2	-45	97	-27	-97	-27	18	32	-18	-53	-53	-48	78	98	-24	-34	-83	15	99	53	40	-85	-62	-14	6	32	-72	24	-60	3	-77	48	-33	47	81	-3	-74	-64	-54	-27	-51	43	-72	70	23	-59	15	-6	-32	-38	-9	-59	-22	-72	-89	37	-33	-96	98	-85	77	42	-67	-80	-81	89	-13	-7	34	-69	-88	16	54	55	-90	19	87	-57	21	-49	2	-67	81	-89	88
11	51	69	-16	67	-42	-15	15	41	24	-80	-31	86	73	-83	15	85	-47	-93	-99	3	-100	51	-77	100	0	-26	65	32	4	-98	-18	-6	98	-34	3	56	-57	-72	-41	68	37	40	33	74	-48	12	62	25	33	-41	-46	69	65	95	-93	97	-6	61	11	46	31	65	-68	-9	40	-71	47	14	-44	-92	19	28	36	-57	-62	30	-56	-32	-23	93	-97	-39	-17	62	-80	-36	11	-78	29	84	95	39	55	-54	67	18	53	48	53
-59	-98	100	-90	-33	-83	3	10	-40	74	-56	-46	-36	55	64	-42	-95	19	32	10	-89	-1	-61	4	86	45	-42	93	-6	61	-70	-58	46	-100	-27	-49	49	-7	90	-67	28	80	75	-29	71	5	83	32	23	4	74	-86	5	-26	-28	14	77	61	-75	52	91	-56	-52	-53	-25	59	12	-56	83	-40	64	-25	90	-33	-96	65	-52	-57	-38	40	-28	4	4	-75	-99	-15	1	-75	21	-24	27	99	77	-21	-74	63	40	-41	-61	54
-36	82	46	75	-98	-79	-14	98	-64	-20	25	-74	-25	7	-100	-53	19	32	-59	72	-1	56	100	39	-72	62	-67	-61	52	-47	-64	-62	-41	95	97	-11	44	81	-5	85	47	-7	-35	-45	-62	10	-3	-24	-78	-40	-100	99	-72	-28	11	25	-39	-8	-32	-68	67	-48	-44	-20	58	-37	-37	-74	-82	-73	70	91	-14	1	-52	-78	-52	-7	-51	89	21	-15	9	-76	44	-98	-90	25	18	-20	-92	7	94	-28	-18	-81	94	99	-87	-3
-28	26	-91	45	36	-3	90	-49	17	-28	-48	33	93	-36	-41	56	70	-58	-54	-31	-4	-48	41	27	-40	-58	-27	-35	-46	13	-96	82	-81	72	-14	37	69	77	56	3	-36	-26	-37	13	-86	39	-41	-77	-72	64	95	96	-61	-33	46	-89	-77	97	48	43	-41	35	32	34	-68	96	11	58	-40	16	47	11	-2	82	-37	19	-77	41	-79	15	-75	-42	82	-27	-87	-10	41	-6	51	95	-10	21	93	-90	-8	-50	-78	77	-45	70
98	-59	0	-59	74	-24	-53	-80	-66	40	-75	-73	72	-87	-95	77	-64	-18	-79	-39	-15	28	-44	39	-17	-21	38	-68	69	-40	17	-4	70	33	-11	92	43	-55	-5	-13	-21	21	-75	-25	32	4	-75	-17	23	55	-42	14	-43	3	15	76	39	-60	-89	17	-46	71	17	75	-45	-76	89	-2	20	-31	10	49	4	-75	-49	16	63	-45	90	-42	-92	-31	-96	-27	-44	-82	-43	65	-2	-49	-1	-37	9	76	-26	-84	-83	-21	-93	71
-7	26	22	43	-83	-69	39	-89	10	-31	37	-97	-48	26	-29	70	-41	-11	96	-78	-34	18	71	-44	81	6	-29	6	20	-75	59	29	61	-11	85	34	-38	-46	63	-75	31	-87	-48	-35	86	3	-1	63	-52	-69	3	-91	94	18	-68	32	-89	1	-4	84	-96	14	-26	56	-79	-82	74	-19	-46	-40	12	-83	41	36	-31	-92	-74	-78	20	-12	-22	-86	-41	34	-95	-50	78	-27	40	52	-19	-60	17	25	14	-85	23	-8	-12	85
46	58	-27	-46	76	48	-49	74	64	-70	83	96	92	-13	41	63	-96	87	45	78	15	46	58	-37	-18	65	-51	16	-47	55	-4	-76	10	-87	44	8	-10	17	-62	-32	-41	-73	-57	-11	98	-81	-68	56	-38	30	65	88	3	28	83	-95	89	86	27	-24	-81	90	23	-55	67	-24	-84	100	-49	0	-36	-96	67	-61	4	97	74	98	2	-7	39	-6	24	-76	53	-67	-23	31	-73	74	-14	-50	14	-8	54	69	-80	92	-80	-62
91	-35	23	78	-35	70	40	88	56	70	-32	7	-64	-56	90	-31	-83	32	55	71	-81	-28	-71	-78	-64	6	-73	-39	62	-33	35	-33	47	-44	-96	-23	-77	46	79	-39	37	-66	-78	-48	-34	95	3	4	32	-77	95	73	74	84	-55	21	-44	-34	-37	20	65	43	-16	46	61	-53	-47	66	89	-53	55	-80	-51	15	76	-12	39	-76	31	69	-42	3	80	29	-69	9	58	-61	35	-49	73	42	-24	-9	28	43	9	-77	-10	100
19	-63	-35	-87	-64	-70	61	39	18	2	73	88	70	-76	37	18	-29	-97	79	54	12	-38	25	-19	-11	-29	-32	40	19	-50	94	-59	-72	-35	69	-71	69	-37	-12	89	-42	88	-72	-58	-90	-55	-29	-40	-1	12	-62	69	-91	44	-21	86	15	-47	69	43	41	11	-21	14	-63	89	-20	-72	-50	-42	74	13	29	17	-8	-34	-65	16	-68	20	-9	-24	-47	91	-41	-63	1	-42	-45	26	-11	100	16	75	-80	19	87	-33	-76	-4
-47	6	-74	93	1	-44	-33	-11	100	83	37	-9	-25	13	56	-71	-60	23	-32	3	-72	89	-10	-31	37	64	-33	-15	37	99	-88	75	76	7	-52	-36	-12	-96	-32	-54	-65	58	12	23	52	62	85	-50	49	-66	-69	95	-25	90	51	-96	14	-82	80	-93	50	61	76	72	-55	69	81	-30	60	13	-16	43	13	-65	71	9	-12	-53	-16	95	-51	-12	63	79	40	41	-2	-35	17	29	-37	-31	31	34	-66	-21	76	-69	-96	-67
-92	80	-7	-80	10	6	47	-47	-38	-41	100	27	-44	-56	30	-7	-3	47	47	-54	98	-49	67	53	-16	-62	-69	66	1	63	-14	-8	100	54	20	56	61	-56	84	59	-11	43	63	10	-72	-28	40	-96	-48	86	-13	-1	-49	-84	85	-47	-97	3	-60	92	-96	5	-89	23	72	-16	-39	-75	-63	43	61	-8	-9	28	-73	-9	51	-14	43	-94	57	20	-75	87	-12	1	-8	-29	-62	-89	-51	-36	-81	18	52	-18	10	-57	-93	76
31	26	27	27	-81	-12	0	-63	-34	69	12	-19	3	-17	4	7	-63	-80	60	48	-91	99	-69	13	-69	-16	15	-88	47	29	98	-10	-15	-75	-34	61	4	-49	10	78	-98	-49	-42	38	-44	-45	-89	30	-13	84	34	-8	81	-92	1	19	-31	57	-36	95	81	-1	93	-53	84	-87	97	-26	-83	-13	30	-75	3	-90	21	62	46	-22	-5	78	83	62	1	-7	74	-1	-58	-8	4	-78	38	47	97	-29	-83	78	-60	35	-31	-34
18	93	-75	38	-2	-45	24	-12	-55	33	70	-4	-82	34	34	-19	88	-75	44	55	63	15	-37	-11	-63	34	-89	55	-83	-65	90	4	-36	-19	-56	46	99	46	68	-19	-72	5	-99	76	-69	-5	58	-84	91	-51	-42	18	7	54	89	-62	40	-89	-73	26	77	-75	-75	-94	-20	-34	-77	-21	34	-15	69	17	44	-19	36	77	-11	-32	-100	10	20	68	83	82	-43	10	-71	-15	-49	-5	9	5	-33	-14	-10	-42	-77	90	88	42
-62	16	21	-17	-69	49	63	-4	-95	-76	77	24	20	67	-45	-44	27	49	-58	-63	96	-28	-2	85	37	-8	4	-73	-96	54	33	-76	-67	72	-6	-51	-5	28	-38	-70	72	-64	-30	15	56	-69	-66	-72	71	50	51	26	-7	36	81	25	-55	-12	100	74	54	40	-8	21	26	44	28	49	-54	55	-51	29	39	59	-58	-52	42	-70	-52	67	96	-50	-3	-76	-85	-25	33	58	23	68	-30	75	42	-100	-38	-34	-63	-70	-58	83
-7	-63	-96	73	84	-72	-10	17	75	15	-75	19	-41	-60	72	41	-83	14	-27	-58	-71	17	-37	16	-9	-71	-50	41	9	-59	78	13	-90	-13	97	15	84	85	13	-86	69	66	-56	-55	-77	-60	-7	9	31	94	-36	20	17	19	-34	90	67	-11	77	-19	76	-45	-99	54	33	39	33	5	-14	67	-59	13	85	-70	-39	-34	-46	88	33	-1	-80	-51	76	-11	44	-78	93	83	-12	-96	7	28	16	-67	-88	-36	-38	-90	-48	56
-93	-32	-17	-74	-12	57	18	98	-33	-84	-30	46	-7	54	-22	38	3	19	-91	-70	-61	56	40	16	35	-67	12	-67	62	91	-17	32	3	75	49	-36	-66	-4	23	-9	-29	-12	24	36	-19	76	53	-40	3	-74	-24	9	-49	91	-28	-41	26	77	54	39	-84	33	22	62	22	9	74	62	33	7	92	49	-40	38	59	-46	71	-32	36	29	-77	26	92	-71	21	-56	-28	14	-15	-92	54	-60	-14	-72	32	6	-98	-71	58	10
-66	-37	-100	15	38	48	82	44	-77	-71	-1	75	46	-73	-96	-78	-29	97	15	-13	66	-35	40	40	71	10	22	-30	32	-97	-15	46	68	-54	72	64	-41	63	-79	61	39	44	49	31	-90	26	38	-1	71	72	35	-63	-96	62	60	-41	43	32	13	11	13	-56	75	-76	-93	-89	-21	-88	-91	-47	-99	29	-81	-93	-95	-30	-75	39	-8	-50	-14	-83	-82	-93	-51	-57	43	9	47	-69	21	82	43	-96	0	-10	58	-41	-99	-50
62	-88	3	-12	-56	-46	77	94	-10	71	62	98	-24	90	24	54	28	78	80	8	-5	93	32	63	87	-93	64	-84	-67	66	43	5	53	94	-96	84	-13	-82	-81	2	-19	37	72	-86	23	-89	-35	10	-10	34	-50	-60	1	-92	-74	71	32	-94	-36	1	-38	-41	-67	-36	-28	12	90	-36	2	-90	27	78	37	4	-12	74	80	37	-11	-14	-36	-14	41	76	-25	75	-32	87	-64	-40	-80	-9	-52	32	75	-54	21	51	83	63
67	21	45	55	14	-88	-61	53	-100	-68	53	53	-60	-62	-28	35	17	30	-28	28	-11	93	91	-81	-30	99	31	-89	53	-55	4	-38	96	98	46	-87	-25	8	-28	-57	28	-71	-27	-38	92	-25	65	-5	-59	77	-58	4	27	-56	-18	48	-33	6	12	-72	-46	100	-81	-5	-44	-80	76	94	-42	38	53	-83	86	48	-82	75	77	-29	17	18	-14	49	65	97	81	-66	3	-39	-91	19	5	-70	-92	-13	-30	73	19	82	-66	-80
-41	62	87	-39	-79	96	4	-45	-47	82	32	50	-98	-83	-64	-84	67	-45	97	63	20	-65	-31	45	3	98	80	-7	80	-55	7	-46	38	-99	-30	-82	-21	-38	55	-10	58	-22	40	39	-94	56	92	-63	-38	-80	57	-30	59	96	-62	58	65	96	-94	77	79	-91	9	-64	40	-13	-34	100	-97	-60	16	81	-47	-2	-17	81	85	-78	-31	-62	43	-86	-27	97	-1	-65	-8	-51	-48	22	-96	-14	-26	-26	65	-83	-21	-50	4	-79
-2	-42	84	12	-91	-56	-2	67	-97	33	-65	-14	64	94	-24	-17	-38	-71	-26	-40	37	-21	90	-58	-34	59	-15	-62	90	-62	-96	-18	95	-79	-50	-38	2	60	-94	-81	34	38	47	46	83	-29	-15	-44	1	22	-11	39	-56	-82	72	79	12	32	-79	-42	-86	22	-93	54	27	-64	-84	-20	53	95	-99	44	29	56	43	-37	-99	18	-65	77	-65	49	9	-84	-25	-94	-54	91	-29	-18	-41	-5	-6	-23	-76	-25	-83	31	8	-81
-13	12	-13	-86	-97	54	-26	-38	24	13	-52	-75	42	-35	10	-53	13	-6	-82	-9	95	-54	25	58	10	11	60	-65	35	-5	81	-24	98	24	18	-68	-92	-78	-97	9	68	-16	91	90	-19	-30	36	-31	84	-50	-11	8	34	51	-4	21	35	73	-20	17	-41	31	44	-18	94	93	7	-12	18	55	-81	-89	-19	-15	20	100	-32	-36	45	38	75	58	-42	-98	-46	14	71	9	31	-72	24	-89	0	-65	86	46	49	-36	60	65
-15	-10	50	29	-61	-63	50	79	35	-65	93	86	-12	-4	-90	-14	-1	-91	-61	-44	73	-53	29	96	-92	86	40	-98	-19	-7	-84	-90	-28	-74	-17	94	52	65	-56	73	22	-49	8	-51	2	-11	3	89	0	-30	96	-59	-11	52	50	22	-59	60	44	74	-50	73	-81	-47	-26	67	-100	-80	-39	99	-89	40	-41	37	41	59	-10	-96	-55	72	-22	-56	-34	63	-63	89	-78	-13	25	91	35	-72	86	8	34	16	12	-98	-90	-31
38	-56	-41	20	89	-1	7	-78	3	70	-4	-20	-95	24	7	59	-41	-90	-33	16	78	-99	54	-13	83	-42	6	-62	69	26	24	83	43	52	-60	59	5	-92	-10	45	70	20	61	30	18	-30	24	-70	-17	-56	-4	25	99	-12	92	70	-18	11	32	-6	-59	-4	-28	-57	65	-22	3	-15	78	-13	-14	3	41	-32	-84	31	95	23	-30	-86	52	67	-37	89	100	15	51	70	71	11	91	14	54	42	80	-100	-93	-37	18	55
-72	19	-17	-8	-63	85	-22	-93	-79	82	-58	77	17	76	-29	18	68	89	13	19	94	-51	24	-79	29	26	-26	17	15	21	-45	89	-1	76	-12	68	-15	-15	92	62	60	88	-2	31	13	-78	7	56	-12	21	-49	-92	23	80	76	85	-25	-23	-85	77	-49	10	98	89	-90	-44	4	88	-69	60	-33	8	24	-45	-29	-63	-28	21	-6	91	30	-91	-84	-89	60	1	-69	-66	-75	-97	70	-96	4	-29	69	-16	-7	14	-99	-15
-46	-98	-17	-69	-72	-90	57	11	-12	-81	64	-82	49	76	96	44	1	74	29	76	-8	-17	-82	-7	-26	-49	62	-44	-28	22	-81	-13	70	22	10	-86	-16	-17	-82	33	-95	-81	-97	-70	50	-22	57	-41	-80	-96	-20	-22	-100	-87	12	65	-61	-95	29	-46	-42	2	-9	8	7	-7	-77	-38	77	-28	78	34	-74	2	-94	38	-54	80	-97	37	79	-84	2	69	-46	-23	90	-33	71	94	17	-15	-29	-24	-83	27	-2	-24	-63	-8
30	-27	-44	93	-11	100	74	-11	-2	-15	-99	58	48	37	60	-16	-89	42	-6	54	72	-72	-67	42	91	87	-17	64	94	-24	96	-74	-52	-29	7	-16	26	3	-71	-67	76	-58	63	-94	27	-53	-62	76	96	90	74	36	-79	100	-5	79	-11	81	-82	26	-86	-75	76	-46	-97	-2	3	-63	-98	43	76	48	59	-64	-21	-37	17	-60	85	-61	25	-97	0	8	67	-58	-37	-93	34	-25	-10	-11	-31	61	59	-38	-97	88	2	30
95	68	56	-97	-86	46	31	-86	57	26	-16	-68	42	-33	4	2	47	4	48	-36	42	16	96	77	48	100	72	-60	-22	49	-46	-55	94	-100	70	65	37	13	92	-24	-85	-70	-98	97	-75	-73	18	-86	87	69	-80	-41	5	76	14	56	-5	-84	-72	79	-42	-65	51	36	-46	-36	43	81	40	-5	-66	41	94	15	29	56	-34	-39	-68	77	-11	80	-48	8	92	62	84	58	-75	-43	16	16	-56	-91	-27	24	5	57	-84	84
-71	-77	-33	-37	-3	12	46	54	-86	-8	-67	8	36	6	-71	48	9	74	-28	-12	8	56	-17	36	-35	-80	53	-76	50	54	97	-75	-75	14	20	34	-8	-89	-86	-92	-65	-93	-91	19	82	85	-16	88	-60	-9	-51	-38	-5	-51	11	96	-41	-78	-21	30	-43	59	-55	73	-62	-69	4	-68	-35	21	65	26	-51	-82	-62	79	9	28	71	73	-10	-1	33	-63	-36	-96	89	78	73	-97	-56	-37	-25	59	-15	97	100	-94	-53	67
-16	27	-34	86	84	-48	-29	-3	-1	91	30	57	-36	-27	-4	-38	58	14	46	39	-19	72	0	-25	-32	-90	-59	52	-31	-52	-36	-89	-45	-66	-50	-7	50	-23	-66	91	71	-44	-31	-96	17	6	-44	-32	70	-50	-5	-53	-44	53	18	69	59	-49	-27	40	-26	97	-73	-43	-8	-63	44	10	99	5	-53	-82	71	81	74	81	55	-43	-5	90	77	36	72	76	38	61	-13	-21	98	4	-91	-96	67	-7	78	73	62	29	-23	93
50	72	13	81	78	-89	55	-80	-85	-84	44	-30	-4	87	-25	-76	-34	4	0	33	-98	43	48	17	92	61	66	84	60	74	-93	-10	-32	-96	-23	-77	53	-49	-16	76	-73	8	-19	-27	-27	48	93	-95	85	-72	23	92	76	-9	-42	7	-68	-78	38	-72	-96	-6	-15	-64	-46	24	-72	-33	79	-66	6	26	39	-66	-45	1	0	-43	-66	40	-52	31	-76	77	-22	17	76	43	-76	-3	-47	-80	-69	17	69	92	48	-56	-3	-60
14	-36	0	15	-97	68	-35	-3	-2	-73	-23	60	90	54	30	42	-13	-9	94	31	-92	58	-68	-62	91	76	-77	-9	65	18	-59	43	-33	-57	73	22	-19	-1	27	34	-33	79	-76	-2	22	-28	45	94	-23	-20	59	-97	68	-90	-36	-69	-39	-75	-94	-89	-26	-26	11	-31	42	-80	31	-76	41	-2	41	37	-88	-6	-64	-75	-69	-100	86	-94	-52	5	50	12	41	2	-42	-60	36	-43	-65	-28	-51	48	13	57	71	-20	83	80
69	-50	76	-61	39	-13	21	-17	96	-32	-18	-8	-31	95	64	22	97	6	19	-80	99	54	-59	-77	26	94	85	66	-4	-94	-68	57	46	-61	32	56	80	51	11	-54	-54	74	76	99	41	43	-100	53	4	50	40	-48	-43	50	4	-40	94	-35	-28	8	-67	16	56	45	-59	-90	51	-50	-40	19	34	53	-11	-75	14	92	98	88	-58	-90	98	-76	-86	42	76	58	-95	-39	-78	42	-96	9	3	5	74	-13	48	-45	69	82
-94	-9	-42	-62	10	5	18	-80	45	96	8	-68	28	86	-73	-86	27	48	-22	24	-41	50	-98	75	-74	83	-94	-82	87	19	89	68	-5	-65	-31	2	-97	-89	-6	-55	-95	-34	-53	18	97	93	80	-87	39	22	-89	-49	-3	92	17	7	45	-81	-27	-71	77	62	-77	72	65	-44	-96	6	-22	44	75	-66	79	39	-55	71	-67	-58	-50	93	-62	77	18	27	95	0	6	-65	-6	-36	-43	36	-38	-93	33	-31	57	62	23	-9
-2	53	-23	-86	67	57	-81	17	-18	-18	-68	-41	-56	96	-92	-69	-96	-72	-10	51	-60	-25	97	-85	-45	74	-73	86	-38	31	86	-37	51	20	-32	-32	-72	-60	-42	59	-56	61	46	-20	-67	-28	-82	15	48	86	98	96	95	12	5	-55	-2	-57	-63	-20	50	-69	14	-4	-18	49	38	-97	-42	49	3	93	43	72	20	19	-21	-69	54	-49	23	34	-40	72	61	21	43	82	-41	-20	37	13	35	-24	-50	-44	-42	-93	32	93
10	-4	-9	80	97	-81	95	2	20	57	26	-48	-4	-31	12	93	-30	82	60	-56	-98	39	61	73	73	-70	23	96	-6	74	66	-57	79	-93	26	-40	-41	-47	73	71	-40	-88	-89	25	80	-30	-93	-61	-20	4	73	-20	64	19	11	-71	72	-6	6	-3	-72	-75	-49	75	48	60	-90	-7	-39	-75	-49	-13	11	-98	91	56	-86	-84	-3	56	98	97	28	-80	-82	28	-22	-39	-22	83	28	54	18	66	-54	84	5	12	68	-76
90	87	48	41	-11	98	-37	-34	2	-27	-13	90	-23	67	-23	31	-51	-77	92	96	-32	1	-15	-41	11	-45	41	56	-82	-87	-14	2	-43	-10	-26	-76	70	-73	12	-75	-29	-20	10	-86	51	-11	-52	93	15	24	92	-95	12	37	-97	50	16	-90	-80	8	-14	-66	-42	-44	92	9	-45	62	-87	50	-35	-17	75	-15	-78	95	-21	-83	-11	64	-43	34	61	-46	-3	-19	-9	-23	38	-22	73	-43	59	28	66	60	1	85	0	35
-29	23	68	-36	-82	-3	54	-17	-53	73	59	46	-68	6	4	-40	55	-62	96	91	-84	11	16	-54	46	70	17	-36	1	51	-56	32	-34	-53	80	13	-37	50	-18	13	62	97	67	44	44	34	-4	62	-89	-1	83	-21	-57	-62	66	42	-98	59	-58	-88	-90	47	19	-12	-72	13	94	68	-19	-30	-38	-89	-34	-6	-100	-50	-94	-27	95	-78	26	-86	-62	71	56	-68	-75	-99	-60	57	-22	-4	25	63	-5	-24	-10	-70	63	-89
89	-48	-92	77	69	-72	-17	16	86	96	-6	-89	44	-35	-43	33	57	2	-53	91	51	62	88	17	-19	20	-78	-35	-58	11	88	64	-88	64	5	-26	59	20	46	-2	-52	-69	13	63	-36	-96	-22	36	12	10	-90	69	-15	62	-27	0	70	20	86	64	34	-32	-85	-64	-36	-62	96	-83	-99	-68	17	45	67	13	37	79	-2	-77	82	80	62	-28	63	24	-7	-66	-36	-20	-87	-13	100	37	-34	-40	7	52	95	-52	20	82
11	-5	-9	24	78	26	-68	-21	-84	-80	2	9	-66	62	-59	-27	51	-58	28	-96	-62	38	55	-59	-1	-69	15	28	-67	-84	-96	34	-10	8	81	-96	-100	15	-79	-36	30	-23	-76	-73	-91	-27	-63	-56	-16	39	-68	26	79	-93	-93	47	-100	59	83	50	-98	-51	-39	-86	-49	16	39	49	9	89	34	73	-75	-79	82	-94	-70	95	-52	-49	-23	-66	84	-52	12	30	-23	-43	22	-23	48	-58	-20	-55	23	41	-83	17	70	-97
-82	-45	93	29	-25	-18	-7	80	37	37	33	58	-5	26	-27	73	19	46	-1	-13	48	-4	30	-1	-60	24	-16	100	29	-61	30	42	-64	-66	-66	76	69	-63	-100	44	62	13	-46	-43	-68	-80	7	-30	-68	67	-59	-12	-28	-72	-38	57	61	82	-88	-92	-99	-7	-88	-89	12	-2	-78	13	61	1	-58	-14	47	-41	-82	54	72	-67	37	90	3	-4	0	100	-91	28	-4	-66	85	60	31	-18	33	-5	-42	74	89	-99	67	-8
37	39	82	3	1	-36	37	25	3	23	34	18	45	70	-43	-1	22	-27	41	-7	-44	-62	58	43	38	-71	21	3	62	-69	-99	75	91	-79	-83	-44	79	-11	19	79	-51	-75	-81	-16	82	-10	70	39	-13	-76	-96	80	-8	44	29	19	-50	25	37	86	93	-24	44	-5	25	-69	79	-8	-30	-58	-39	-53	-61	79	44	-98	-49	76	-30	61	-43	75	-41	24	42	-79	60	47	39	-61	67	100	51	38	-67	-84	29	-8	-3	88
82	-50	-82	4	69	70	82	-86	-2	-9	-75	-11	-99	-54	86	15	-96	-18	-47	14	-93	18	-9	25	93	-3	-61	64	28	15	-78	98	95	-70	-88	18	-77	17	95	31	-70	51	-39	-60	-55	-70	53	-63	-96	-60	47	69	-9	92	-56	66	-49	96	77	2	-41	75	-80	-11	19	100	91	-34	-2	-94	-85	-74	-61	-67	-57	3	96	15	50	42	19	-13	42	52	65	64	-84	48	20	-14	-28	-39	-83	16	-27	14	-95	-15	0	44
-51	-49	63	25	26	73	38	49	-39	79	-59	-29	22	29	39	-45	71	-40	-65	64	-28	8	2	31	-84	17	-59	35	-95	1	13	2	14	-78	-33	-93	84	43	-60	-64	-68	-60	26	49	71	67	-84	56	-97	44	86	83	-5	-86	-99	-10	-34	-15	86	88	6	26	-33	41	-37	55	-98	56	-34	82	100	-63	26	-4	99	15	-14	53	40	98	10	-70	-28	33	57	-24	87	95	-31	-3	-39	-14	-1	-68	95	-25	68	81	71	89
-7	-51	34	72	14	-16	74	43	-72	25	42	-36	18	-1	16	21	-96	-87	-26	-4	-46	61	84	-94	-2	90	-63	-18	12	-80	-63	13	71	31	-99	-18	-66	-94	71	-13	-3	13	83	-49	-18	-78	86	54	38	-85	-90	56	93	-29	96	65	21	24	7	-18	-77	-83	-59	18	89	-22	33	-93	-75	11	90	-53	66	-90	42	11	53	-77	-10	-27	97	-11	26	-94	-46	-8	91	-81	-66	-13	17	2	-74	-48	-81	43	-95	-1	52	38
-28	37	32	-46	78	54	-22	97	-53	-7	-38	97	-1	-15	52	81	12	18	24	-92	41	89	66	-12	50	23	3	70	32	-9	-46	-37	-10	21	77	55	77	91	-82	-73	36	-93	-96	-62	44	-90	-60	-20	82	72	87	-51	-72	-13	11	-61	9	92	53	-97	-50	90	42	27	-70	53	-86	-21	-99	-66	15	1	57	-13	-25	-47	16	10	-7	-16	53	-57	-97	18	-56	-16	-16	-10	60	-89	-70	-75	-53	-22	-41	-28	-21	14	-27	45
18	31	-8	38	-68	92	3	32	-71	6	67	-27	88	75	-63	-66	73	-86	65	-85	66	-27	24	-85	53	-66	-83	85	23	35	-54	63	-82	-99	-7	100	76	-85	68	-60	-37	-65	-11	49	35	25	-31	-67	-67	72	52	-99	-49	-24	-55	-60	19	-33	75	82	41	-86	-36	37	-18	-32	61	56	80	75	6	9	67	-16	32	28	53	-56	45	-18	65	-10	45	-72	-94	-77	-18	67	-11	-13	-29	82	2	4	83	-8	65	20	-60	-90
97	-79	82	52	-94	30	26	51	51	13	-29	28	-70	-28	20	59	-88	49	-69	26	98	52	-27	-16	71	-41	-82	-79	81	17	91	-10	-40	-49	-13	70	88	-40	97	-70	0	15	99	88	-62	100	54	70	-45	-3	8	93	37	-80	93	5	-40	12	81	24	37	-90	72	-60	12	82	72	53	25	49	-50	21	73	-12	-27	-97	43	-81	93	23	27	-72	-61	94	-66	46	21	66	14	-44	66	-61	86	-74	73	49	-17	61	96	-83
-25	3	99	-11	49	59	-97	-87	-56	-34	86	-71	-78	3	-67	-53	-45	-66	90	-27	94	-75	29	-35	-7	73	-54	-69	78	12	-66	9	34	-17	63	-24	58	70	87	76	-21	26	-99	0	20	48	-75	-73	-5	-55	98	-72	38	-17	-35	98	-35	94	-33	-55	31	51	59	1	38	78	96	56	100	-45	26	-26	32	-69	-33	-85	62	25	70	63	-24	28	77	-20	-67	-22	51	-84	-12	43	-23	88	-63	-57	6	80	72	93	54	-58
10	-24	60	-78	-79	45	-80	56	26	53	12	-21	10	34	54	3	65	31	-31	-54	55	-43	92	17	11	63	-87	52	51	49	70	19	90	85	81	24	30	-10	-69	95	25	98	-34	48	25	-60	44	23	60	3	-21	-54	-70	-68	10	65	80	-30	38	-68	86	-47	-12	65	-77	0	-23	64	-86	69	86	-11	-64	97	83	-72	-85	-93	-22	71	-88	6	41	-31	-70	-65	-4	-65	43	-45	44	46	-29	10	-61	-62	4	-37	11	59
-8	-98	-72	48	1	28	-34	43	-100	60	38	43	49	98	89	89	-38	97	-55	85	-65	-29	49	39	91	76	90	-79	55	29	96	99	-34	-75	-33	74	-87	-20	41	70	-73	-55	-52	13	-98	77	81	-49	-36	5	37	20	-69	98	91	84	40	13	-9	-13	46	83	-41	58	-38	-12	15	54	63	-52	-57	-87	-83	57	72	-54	23	-3	11	73	-13	-40	-25	-6	-70	55	-99	-65	-19	-81	-77	-60	41	-51	31	59	38	16	-91	-42
-96	-21	20	53	75	21	74	9	70	-49	-1	-77	-82	100	66	-57	48	8	71	0	55	-14	-45	-96	41	-58	7	93	-33	17	67	76	-94	6	-8	13	-80	-69	26	-21	72	96	-93	78	-73	58	-57	78	91	41	49	-91	53	88	-44	-55	37	-80	-77	55	79	75	43	35	-76	41	-57	46	1	-56	-99	73	65	-51	68	59	16	-95	62	36	43	-64	-100	87	72	-72	-19	41	6	45	-4	-92	-56	44	71	-37	-81	-89	-7	76
-30	97	-30	52	8	-7	-26	45	-91	-64	-25	14	-32	-77	73	0	-38	84	-12	-22	20	68	19	-76	20	-37	-78	-76	-87	-58	19	23	-54	81	-42	81	-47	82	4	100	20	-27	80	53	-38	8	-8	-75	34	-95	34	-89	-3	63	-73	-31	29	49	-9	77	-4	-44	46	4	69	-74	99	-22	-93	-31	-1	83	-5	-45	-22	34	90	17	-27	31	80	-86	-50	89	-93	-59	-66	22	89	-74	-6	24	-5	88	-43	42	68	84	2	36
-19	-36	-35	-18	-38	-69	-70	-24	-77	71	43	-75	-22	13	85	-52	-69	-2	-37	16	-46	14	1	14	-95	-47	-31	16	-51	-18	-79	-84	0	97	1	-25	-1	44	62	35	-90	44	-71	-28	7	-60	-27	14	23	64	1	48	46	-18	-96	-18	-43	65	-93	77	50	69	82	25	-50	-6	-32	28	56	-48	-98	-22	-55	-47	46	-93	26	-46	-49	-10	97	75	29	77	45	82	-97	-79	51	29	-8	-82	97	-3	-30	61	43	89	14	-14
-11	70	-74	-44	79	87	-51	94	44	-2	52	-23	97	-13	57	-16	72	36	-54	-45	-33	26	61	20	-65	2	54	-45	-88	-97	-42	58	73	-82	46	-90	83	-78	-42	33	51	-5	1	43	64	41	69	64	56	-28	-80	6	89	40	4	61	-27	1	-9	76	-82	-87	49	-23	-57	39	53	-54	-17	77	4	-77	49	-3	-31	49	-50	-51	-7	-86	38	64	-55	56	-56	-50	-86	-36	-78	50	52	91	72	-9	-94	11	49	-31	-17	-82
65	-4	6	21	22	48	-80	93	56	-49	-77	27	-61	15	26	-30	-3	56	-93	-28	56	-33	-56	10	76	-36	-35	-80	30	-66	-20	48	11	40	80	87	65	88	37	87	97	68	23	82	-31	98	56	-79	-72	35	-39	-71	34	36	-58	-87	76	46	-82	96	71	98	-93	60	-48	66	-43	-94	12	-96	-96	-30	86	77	1	75	-64	-85	-38	41	45	76	49	34	-97	49	48	24	-45	-21	48	40	-10	16	-90	55	-24	-44	39	-27
61	70	99	-4	-60	20	31	-18	31	-98	23	-45	-85	21	98	-54	-64	21	65	-81	-38	86	84	-81	61	-19	-70	25	0	65	50	-6	-96	59	91	53	41	-34	-4	1	34	40	-25	10	30	13	51	10	-13	-28	80	-76	96	-51	-69	-90	24	96	36	-87	-78	42	-11	90	-15	-53	99	100	-30	59	-35	-71	-11	53	76	-86	-77	-26	-83	28	-96	-45	-31	89	89	-25	-55	-43	-2	-38	100	65	-65	-98	100	53	93	10	58	26
-48	24	44	100	65	-35	71	13	9	-72	45	-26	3	54	-96	89	96	65	-23	10	58	2	19	-85	-42	-22	-88	48	-24	100	100	-6	-97	-8	-66	-27	-22	24	-6	-92	100	2	91	-2	33	-85	71	-11	-53	56	-95	-28	49	-2	64	86	38	-76	-30	-77	-9	76	78	-96	-33	-35	-24	40	80	61	62	-4	74	92	-20	-62	-82	52	57	42	-3	78	37	-72	62	-64	-17	-54	59	21	-39	-20	35	3	-28	-95	89	-50	-23	10
-35	73	98	71	-28	25	-88	-74	86	68	-4	50	-10	-61	72	41	-30	77	3	-91	-60	78	77	47	32	12	16	55	17	-3	86	83	38	-90	92	24	95	61	-77	-39	-65	-26	37	43	-74	27	-40	-20	49	32	70	-62	51	-30	33	-58	-65	-47	-81	-59	99	13	93	1	-26	11	-27	69	-20	-53	5	-34	77	16	73	-76	4	-25	82	24	65	85	-25	-79	-59	-89	-50	-18	58	45	79	-44	13	41	96	-4	39	-98	-91	-38
-83	38	46	-4	-96	0	96	70	92	95	24	16	-38	-80	-35	-14	-79	-13	-100	-47	-74	47	-91	-57	43	-56	-52	-61	78	-37	-93	90	-49	68	-49	43	-66	79	15	25	16	-14	-80	45	-9	-30	27	16	-36	-68	-72	-42	-71	-87	85	72	41	78	21	58	98	25	-10	50	69	25	8	-5	-44	14	-4	69	3	-41	-79	-50	34	-69	-55	-46	-65	-13	-42	-84	-94	-89	-9	42	-36	26	47	-4	-24	1	-14	-71	3	-51	93	29
-97	-72	-63	66	57	91	30	80	81	-58	65	-90	13	54	85	-73	2	73	5	-56	39	-88	-35	96	11	57	10	39	47	-60	28	-10	-40	-77	-8	97	-100	-9	-36	-69	47	47	-78	-12	-31	-60	2	9	-67	45	-15	17	-34	-3	67	18	-24	54	68	81	-30	42	-80	91	90	-45	41	98	74	-30	-48	11	-31	-53	30	68	-92	32	-69	-3	-4	60	-68	-32	5	79	98	9	-5	-89	-84	-73	45	0	93	-94	7	-50	-66	60
