-69	-32	69	76	90	63	-65	-41	-6	1	3	55	-84	92	54	-93	17	83	-46	57	-99	-34	94	34	-41	-81	40	-72	36	14	12	23	-62	30	-100	-49	98	-23	67	11	-9	-79	-69	10	-43	78	-93	-87	67	72	43	80	-33	77	-15	30	77	78	90	71	95	-37	-19	21	-31	77	41	63	-39	11	-82	-27	52	-32	-54	40	50	53	23	-60	-55	-19	33	16	-43	-60	-70	-72	30	15	62	12	-8	-34	-78	84	96	-44	-79	3
59	56	54	100	50	-46	68	26	-51	-15	60	1	-74	84	-54	-33	61	-100	100	97	86	-97	91	-95	-43	-53	-53	-17	-46	-41	-96	-56	35	-66	74	-8	-45	80	-41	-57	85	-7	-40	45	-23	61	27	16	-44	80	-91	66	32	95	82	-41	-53	77	-90	86	72	-89	-64	-63	-96	-32	4	14	100	-14	-10	56	-2	81	72	56	-81	-61	-20	56	0	-97	-96	62	84	-50	-31	-20	-80	35	15	43	74	-56	-67	-65	-10	4	-38	71
0	-4	-86	-10	15	49	-94	-48	74	47	-29	58	2	-44	53	-50	-60	-3	-63	-8	-100	41	89	11	14	78	-29	50	-34	6	7	57	-17	19	45	-45	-8	62	-86	21	-10	12	49	-97	-20	-85	65	70	73	-45	-23	4	-29	-24	-45	48	-70	17	-75	25	-51	13	28	-92	-44	27	15	53	-40	-51	37	-47	-14	7	61	58	-6	-81	-18	-96	3	3	-61	1	96	10	-9	4	-57	-33	-92	-54	82	56	60	22	-46	-1	96	55
-11	-97	-36	92	-44	-10	90	54	-68	-31	-74	-27	-23	3	30	0	-79	59	44	-24	31	35	27	-21	-8	-44	91	24	92	98	76	43	-53	13	7	-46	-8	-53	99	-31	65	13	-94	-15	58	-36	-24	94	-16	-26	-56	-5	-31	-1	61	95	-39	-85	-19	45	95	-2	-83	83	53	92	79	-85	-97	-19	-6	-15	55	-57	80	43	-90	11	-52	75	90	46	83	28	-21	9	-66	-10	-79	-73	73	-32	-2	86	-16	71	64	86	-80	-49
-29	1	87	5	78	17	13	-71	98	-60	-50	90	47	9	19	-18	1	99	-66	-67	-85	14	85	-39	-47	26	-45	28	23	-10	-93	81	-62	14	38	42	-15	-85	-3	52	-54	60	29	-85	-65	20	-54	-20	6	99	71	13	63	82	86	2	-37	22	47	-46	90	30	28	92	95	-21	-49	97	80	78	16	-76	26	-5	-94	7	66	-44	29	66	31	75	-76	-59	3	55	27	-81	55	-78	-5	-63	99	-78	-29	58	2	85	25	-70
13	-2	14	-96	43	83	29	-81	19	-85	-97	-75	-77	-42	4	-60	-16	80	19	100	29	18	51	44	31	-58	60	82	-43	42	-83	-99	-17	-2	94	3	92	22	72	-21	40	-94	-39	-25	22	10	-10	-40	-68	55	58	92	-13	65	7	-21	87	-56	-49	57	49	78	31	-95	48	-14	-27	17	8	-44	-84	48	15	21	-21	100	92	86	70	-66	-75	-17	54	-20	-69	44	99	38	41	33	-9	-71	-26	-5	53	-80	-57	-72	-37	-20
-80	-91	30	56	-9	95	-83	41	17	46	-84	98	-9	71	-95	2	36	36	0	32	-22	0	-67	-39	51	72	-100	83	83	-51	11	24	32	47	-29	-87	-83	-56	31	93	47	-26	-2	-98	-49	-84	-24	-62	97	65	-49	-2	-11	-24	26	-83	29	80	83	39	-72	-68	-42	32	-30	-64	5	-32	24	-2	-84	9	-43	19	-11	84	36	-59	17	22	-45	26	86	21	79	84	76	8	-44	88	79	48	100	9	-96	1	-66	-1	19	-80
98	-64	56	22	52	2	-74	36	-95	65	65	-59	54	54	90	-31	-50	1	40	-17	-30	71	74	-61	43	-59	87	-27	55	62	-49	70	-53	-91	-72	-56	-81	-65	-38	36	-34	-35	-62	-25	-4	-5	37	63	-61	-53	64	19	72	94	-69	-62	45	21	64	-91	20	39	16	-70	-39	-11	-16	77	-92	81	21	92	-11	-26	-8	43	-85	-83	-66	-34	34	-67	71	-12	-29	43	-82	67	90	-77	91	73	-43	64	-19	44	69	-27	88	-20
85	-61	13	76	-78	22	62	100	17	16	-95	72	5	-69	-49	85	27	-20	-70	-52	-12	33	81	31	-25	-8	8	-43	10	33	-54	28	86	-72	-13	-62	-56	-12	-17	-64	73	-2	7	-86	-27	-38	-38	7	-17	55	-71	-53	14	-5	68	-88	-81	-96	-77	21	-51	-3	-26	-31	-37	81	56	-26	35	-23	-88	-96	35	56	-2	37	30	-14	1	66	-76	98	-24	-73	19	-76	35	96	63	31	-55	-19	6	-67	-97	-22	-85	-75	72	35
53	38	-40	-53	-72	-46	-18	-32	-39	33	49	-15	96	62	-14	-13	-25	-41	69	1	34	61	-47	44	-52	20	-77	32	5	-45	87	-52	-28	-5	-61	25	83	-94	-23	-79	85	-95	-65	75	51	-31	24	94	-89	45	37	-97	-97	26	53	31	34	-17	94	-94	92	45	-63	-14	57	65	-23	-24	-84	93	88	41	81	-20	41	-69	25	97	37	-35	11	63	-83	-30	8	88	91	4	95	-51	92	79	-54	-32	75	30	95	76	-15	-13
-16	47	-99	30	-86	-45	-34	-87	-3	-7	-87	30	-23	-46	-85	88	99	-49	-65	15	59	-77	16	-17	88	-36	38	6	-63	66	-5	-73	65	-42	-40	91	60	41	-55	49	-68	-33	42	-29	-24	-77	34	92	70	96	60	-47	-94	92	38	-24	-24	-5	52	52	36	-14	46	-16	-53	40	-54	-40	-62	68	94	50	-24	100	-78	50	-84	85	-71	27	-65	-10	73	68	94	-94	76	-56	26	-100	-80	-54	-96	49	75	68	13	63	80	77
-84	94	-51	87	55	29	5	-76	1	-81	-11	-34	-43	80	92	-33	97	61	77	-78	-57	-29	48	-18	-19	-71	58	88	83	-10	52	-11	-74	-9	69	-90	-11	-77	9	78	-63	4	-99	-70	-27	-69	-87	22	80	83	-11	62	28	-89	56	77	-14	55	87	80	-50	-34	3	-45	49	-66	-48	-30	90	31	-49	37	49	-87	72	-65	31	-73	-12	13	26	-53	66	-45	66	-19	23	11	99	33	-84	-45	-94	-1	-8	-19	27	-48	26	-64
21	-49	81	5	5	-95	-73	-74	21	97	15	-22	-31	-72	3	35	67	-18	12	-32	-81	61	79	66	-91	-24	71	-52	-79	-37	-11	-63	-75	-96	84	-60	66	18	-8	27	-37	-41	44	26	-15	84	72	-74	68	78	26	47	-36	-88	-74	-29	-30	23	37	-54	-85	2	-60	34	-73	19	46	2	90	24	-93	-47	-63	63	4	-70	44	-98	-84	22	-38	81	3	-100	-34	87	-20	72	81	-85	-73	-32	-91	-67	0	53	-96	42	-76	-94
12	-82	60	69	-20	-22	-91	-48	68	33	-12	31	-73	-77	-8	-24	98	99	5	23	-5	-19	-96	93	91	-83	79	-10	97	-91	-97	50	17	24	-43	-5	36	-49	29	-54	69	51	-12	17	9	-93	-93	11	-8	65	-88	-6	44	-83	45	72	-97	1	-21	-17	45	-18	5	42	-28	30	-56	81	-27	-12	93	10	62	74	73	-1	-66	-94	50	98	33	61	-2	83	97	23	53	26	-47	58	78	12	-4	-20	25	-95	-31	38	63	25
74	-86	-42	47	-98	-84	-8	-55	-61	31	-96	-58	55	-18	-83	13	35	-26	-89	66	15	-17	47	58	-8	3	37	53	21	-15	-70	77	45	70	-19	49	42	-87	33	91	-58	-65	-96	75	77	-53	-92	-24	79	77	55	-69	63	-45	60	-4	-45	-74	-78	57	100	-82	-50	96	3	-3	-49	66	51	-44	-60	87	-64	36	-30	-83	-91	25	-15	32	19	13	-34	99	67	77	31	-3	47	8	33	-47	92	63	44	-60	66	53	17	42
90	-96	45	-84	-31	-62	26	-71	38	-53	41	27	-100	-51	51	53	-87	16	41	-97	-30	68	-91	46	-33	32	-4	-96	54	68	33	12	99	-49	-45	38	85	100	41	-17	0	75	47	38	79	87	-31	96	43	23	79	-7	-30	10	-43	87	88	-93	13	59	-65	-57	-17	-83	-39	96	-16	-64	20	-82	-3	-66	97	-19	-35	40	-74	69	81	-10	-32	24	-40	-7	-77	55	70	59	-92	-53	-100	24	-40	-21	-53	-27	15	-100	-89	-22
-55	73	45	88	69	-38	-86	-41	-60	31	3	-90	79	-46	19	72	-74	54	71	-93	23	-47	20	40	54	-100	59	59	50	39	47	-17	-79	76	-48	-90	49	-70	-31	-73	74	48	72	-11	74	-79	95	-80	-76	-74	-49	-87	-45	93	53	-38	0	52	-66	-41	18	-31	-9	-25	18	69	31	-25	-4	-59	33	-43	-40	-9	10	-13	41	-6	6	-82	-77	-62	-42	44	90	-61	-8	-70	-66	-27	57	-63	-98	-12	99	23	46	56	-74	60
-40	54	77	-77	56	-41	-93	-53	-62	-90	-75	-58	73	39	11	76	-38	-13	-77	-56	-2	63	4	82	58	87	67	68	27	42	2	82	-24	-77	35	1	80	-75	75	-97	65	14	9	53	92	-3	-50	4	3	5	-11	-4	84	99	-77	-55	-8	-28	75	-85	-14	72	20	50	-93	56	-75	-28	87	50	69	91	-87	-89	68	45	91	-46	1	42	-61	-4	-32	-81	58	-82	5	-22	93	-84	68	-87	16	-18	-30	-14	-68	42	41	97
-58	-46	39	85	51	-68	60	-40	79	89	-91	21	-32	-54	98	-34	-13	-11	-34	47	98	-69	-31	20	63	28	100	73	-73	-1	0	-55	98	2	-6	13	33	-19	48	-42	71	89	89	-23	-5	-30	-89	63	-9	23	78	-34	44	-86	-92	-9	-90	27	18	-62	5	-8	-94	-31	100	73	33	5	36	-45	-14	-46	53	-4	72	-46	64	-4	-66	21	67	6	-5	77	-62	71	28	-85	-4	59	56	72	92	-76	-62	81	20	-24	85	34
10	93	-73	63	13	8	-58	-21	-51	-22	-2	-33	-14	83	-89	81	-66	-9	100	-61	34	90	-82	36	47	-53	-77	-36	-22	-11	93	33	-68	-74	-67	-56	29	-2	-67	-4	-2	51	32	-21	0	98	-79	10	-44	-52	-91	-90	49	95	33	-43	84	-79	-19	25	50	-67	-95	9	67	-94	-7	-85	33	52	10	-19	-48	62	24	89	-42	50	36	26	-52	-6	-29	71	-97	22	6	-23	-21	-47	9	-42	-26	-86	-9	79	27	34	24	89
90	37	26	-55	-94	-35	42	59	46	79	76	-2	-57	-13	-89	97	-47	18	15	-79	-23	39	-72	29	-10	-37	-97	-9	78	-75	-26	2	-32	-41	-35	-70	8	-50	63	-8	54	-50	-78	43	37	-78	92	40	44	-26	64	-18	21	31	2	-82	-9	-100	63	-5	-21	-59	-62	-10	-70	-32	24	0	-27	76	20	-57	68	47	-34	-63	47	40	40	81	72	-20	8	21	-86	68	17	16	94	-64	33	-9	62	91	-72	59	19	-32	6	14
-7	-17	59	42	-68	-45	-83	5	-16	-72	27	-22	5	-72	-64	-88	-77	-15	88	-97	83	-9	34	96	-78	-63	-68	3	-40	-32	25	-55	-5	55	80	-26	-59	-40	-64	-3	45	84	-3	-58	46	61	-75	96	43	4	-75	75	-85	45	77	44	-2	-42	96	-20	24	80	16	-86	49	-65	11	88	29	-82	54	25	-74	-25	100	34	91	-7	18	93	48	21	-89	-41	-31	-96	93	-21	34	-69	-33	-15	-34	60	-99	51	31	69	-58	41
32	0	33	33	-56	-55	-99	69	-98	83	-98	68	70	61	57	95	14	-11	-89	86	56	9	-29	51	79	17	-46	-83	38	50	60	-61	-21	57	-84	-41	-87	-59	10	-79	-90	51	-59	-96	77	-79	97	-50	-73	76	-5	20	-46	54	-38	-98	100	-14	-6	97	83	23	8	-21	43	65	-16	94	9	-94	-34	41	99	63	-17	-53	17	-55	26	52	-68	80	95	4	-14	67	-31	-77	9	48	22	85	67	-2	43	92	-75	6	70	26
-68	-84	-2	-53	61	38	94	-23	19	31	91	-90	41	36	58	-58	70	-8	-8	82	-64	-45	76	61	-3	21	71	92	17	86	-86	13	70	57	23	18	-76	46	26	13	55	-2	-1	-63	81	20	12	48	-77	33	78	-76	-92	-51	-90	-35	49	51	-53	99	63	4	-31	96	41	-78	-90	-71	72	21	-95	45	-45	29	-20	-42	-79	72	-49	-45	-72	70	-68	92	85	-21	-5	-21	-77	16	11	26	-67	83	-78	29	64	-12	89	61
47	32	-75	51	-24	33	-33	-17	-9	36	-1	-39	53	-66	73	6	-95	99	65	51	-96	-17	-95	-61	5	28	-77	49	41	-94	38	30	-3	-39	73	-30	43	-32	43	44	54	77	-15	16	4	81	55	-92	-11	-62	8	32	-100	26	34	17	-94	99	-99	-81	50	-36	52	41	71	-8	34	96	-28	9	13	-49	-43	52	88	-61	13	7	45	-50	-6	30	99	-32	-25	84	50	-2	75	-11	-87	-8	-55	49	42	-22	-64	-58	26	8
-13	44	-99	7	-94	-72	87	-37	36	82	84	-30	-35	16	54	44	83	33	64	-1	-57	72	22	-28	16	2	-84	60	-37	-3	67	67	7	-55	7	54	7	33	18	87	86	-2	37	55	-1	69	30	-21	-62	-76	47	-96	-60	8	2	86	-30	77	27	-39	-78	-99	-82	-34	25	56	-65	-10	-3	-1	28	71	-8	-45	-30	-18	-56	50	-21	67	0	-58	71	25	-52	-37	15	3	-78	4	-75	41	-21	-22	90	81	48	-51	52	6
-8	-70	87	-13	75	49	22	-82	-11	65	-22	-79	-54	-95	64	12	-53	84	-67	-49	68	49	90	1	39	-84	4	69	46	35	-63	35	61	-63	-67	-24	-82	-27	57	-8	22	32	-73	46	-4	8	-11	60	-31	69	-29	-69	-58	-91	-7	-85	6	-88	-33	-71	8	33	13	77	-94	10	-58	15	14	-88	100	48	39	-58	99	-80	83	-17	-61	62	34	39	20	-50	29	7	0	7	-13	94	-2	24	-16	-51	-100	59	-46	40	-48	-38
28	17	93	59	-17	99	65	45	-59	-23	-90	-63	-79	51	46	53	-79	2	60	28	-4	-27	-90	-10	-22	59	60	-19	31	-14	61	-34	22	45	5	-30	-19	21	-46	78	9	-4	10	84	-52	77	50	17	9	-3	5	10	52	-45	91	-68	-76	59	-51	-8	91	-30	53	71	76	-47	-63	-14	87	78	-61	-24	12	89	-76	57	52	93	-32	56	-34	37	-54	-41	-95	-26	-25	11	-29	17	-33	59	100	7	-57	9	45	55	79	27
-76	94	-75	86	0	97	73	-76	0	92	88	23	23	48	-82	92	94	-89	-77	-35	-42	11	-48	52	-57	-89	15	-26	22	93	-64	53	66	66	83	-80	16	14	56	-34	-65	-57	-61	25	10	62	77	11	-68	-68	34	-60	-13	-29	-100	-99	-53	-35	79	15	13	-66	-17	-1	-50	-84	19	-17	24	82	-37	-62	-14	35	99	-20	27	-8	94	26	85	-30	-43	24	-93	89	-87	14	60	30	84	-63	10	73	58	68	-58	15	98	-37
-33	-76	-46	-63	-4	26	-87	74	-28	97	-24	34	86	-75	-6	88	-47	19	44	-8	87	75	53	-74	5	92	-59	-6	69	-59	77	10	-86	-38	6	36	97	62	-58	24	-47	85	47	44	-18	87	41	-86	0	-5	-7	23	-72	66	-18	-77	38	58	80	-13	2	9	70	91	-30	-8	-63	51	39	-17	-15	5	26	-67	97	-71	-94	29	11	72	29	26	99	-18	8	-92	58	65	-95	-1	-87	-85	-60	22	-70	-68	-43	31	2	94
84	-48	11	52	67	-88	-44	-99	98	-45	-51	14	-89	25	74	47	-97	65	-90	36	-63	25	-38	100	66	4	-4	-99	-9	9	58	75	-23	-32	-34	27	11	60	21	-52	51	15	10	57	-92	-62	91	6	0	89	-92	-26	80	-73	-36	90	-64	92	31	22	99	5	2	49	-48	-7	97	9	-3	7	-81	76	70	-17	82	48	-71	-80	50	65	97	-23	-69	-58	9	-1	-24	-59	10	-31	-8	-34	-5	-29	-15	79	-73	-17	-60	-64
47	-68	-96	35	7	-100	68	-52	39	-75	49	-87	18	33	58	-33	-16	-3	47	14	-36	23	8	-67	-55	88	-87	-65	-42	-37	-83	-20	-6	-97	3	69	38	3	-1	-70	71	-68	-39	58	29	3	88	60	2	42	25	15	42	60	49	5	22	56	-38	-71	-89	55	73	-8	63	-30	55	-15	41	18	8	-30	-33	88	26	-95	34	-64	12	99	-41	-38	72	6	20	94	35	48	-49	-58	-82	14	-48	-65	84	-52	14	-62	68	-72
76	10	71	1	-55	-76	71	92	-75	39	-60	96	-82	-78	-56	-60	-79	-39	-67	-91	36	10	25	77	79	43	58	-69	-98	-66	-97	40	-26	71	51	-61	-57	-73	78	-80	77	95	-27	41	-99	48	-95	52	66	-71	-73	-8	96	66	69	-31	-23	79	82	38	72	-87	-56	-66	-3	18	-5	-57	-36	79	-21	79	-68	-15	95	81	-82	-8	72	-66	-43	-56	-94	-43	37	-86	75	-45	12	59	-62	59	96	23	8	74	-76	3	45	-19
-97	-1	13	90	-69	95	94	-27	-20	-87	66	64	-36	-87	-21	-69	-43	-9	43	-94	-76	-39	76	51	77	-31	86	13	-22	-79	42	90	83	89	63	36	96	29	0	58	-79	99	-74	76	47	3	53	37	68	-97	46	-15	25	-15	84	96	64	67	20	-100	-12	87	-30	-94	37	41	38	-45	13	43	-31	10	-48	-22	-63	19	71	13	-1	64	57	-3	-51	66	98	95	-74	58	-56	35	36	-76	62	30	-59	61	-62	27	-86	29
-4	-23	11	97	-2	-7	-91	74	-98	81	-86	44	46	-40	10	-57	-18	-60	81	66	71	-89	-78	-97	-51	53	34	62	12	-63	-78	84	-44	73	37	77	53	-70	-88	-37	-2	-22	33	-1	-99	-100	-83	-87	-30	-26	-47	32	-44	-33	-98	-79	-59	-59	2	-39	9	13	-62	-98	31	38	17	-8	-8	77	-57	-45	-69	-67	75	-52	62	-21	70	91	68	-94	59	70	29	-80	-20	-42	-73	-11	74	89	71	29	82	7	-8	-52	-46	8
-63	71	-23	22	-57	84	-53	51	4	-67	-94	-87	-58	-31	16	19	100	-65	34	-13	53	-32	-89	60	-53	-54	48	51	-77	53	-82	-88	-95	-11	-45	-48	-63	54	-56	-72	-30	12	-91	9	85	25	18	4	-31	1	29	-18	29	-42	80	87	-78	36	-4	-59	10	2	-82	-41	88	43	61	-44	-6	68	-16	-11	-71	0	-94	36	16	-10	21	4	-22	-5	-82	-10	40	-46	73	-85	-70	57	-30	46	8	-13	-64	6	-66	28	-55	-80
31	44	42	-97	-58	-72	12	-71	19	70	90	77	7	-44	25	-50	2	-95	82	-21	-87	8	27	22	-67	-31	61	-6	-83	94	4	63	-39	-17	5	6	-4	14	47	38	-47	-33	-78	54	88	56	44	100	-15	76	-40	9	57	24	29	-19	-80	-14	-35	92	-32	6	-25	-73	-7	21	-42	-76	88	-57	0	-62	53	-54	43	-15	67	60	-20	-30	-66	7	12	22	-21	-90	-4	59	58	-14	-49	11	48	-4	-27	62	-95	-76	8	86
-93	74	-4	-71	46	7	80	46	-47	-57	-66	3	28	-23	-98	-48	-48	93	24	-3	37	-41	86	-12	-87	60	-91	94	-49	71	-66	-56	86	-18	35	-18	62	-88	88	-57	50	73	-37	24	-51	-73	-38	-40	-20	-15	89	-68	49	-85	92	-79	50	-28	56	-12	-20	63	-55	-63	-56	-93	-91	-55	50	95	-97	-83	26	46	-85	-33	30	15	40	53	35	-21	-42	-91	2	-75	84	21	28	-79	51	-33	12	60	64	-76	-62	-13	-47	-3
-94	-59	-13	29	-35	-25	19	74	-41	-17	93	87	-90	-75	-55	0	-89	97	-64	28	85	-18	-33	-41	13	-62	-45	47	-22	91	60	-91	-72	-70	-44	-15	37	-41	-61	-46	-99	-38	84	51	-72	77	-52	-83	-54	52	-67	-68	-2	27	-48	-89	62	-25	-3	-88	-5	-53	-15	-82	-49	53	12	-73	-94	70	90	-22	-70	63	39	73	-98	-98	23	71	61	-43	-75	46	5	-15	-49	-86	64	-30	-81	-5	15	19	-11	27	-99	-14	11	1
-33	-75	-81	-99	30	65	-66	17	96	33	48	-79	-2	-9	48	56	83	-47	39	-39	-13	-80	69	57	-62	-11	-57	-69	-81	-2	-95	12	55	-62	-51	33	16	-31	30	-65	-42	23	-1	-41	82	-29	80	53	-10	87	-76	-43	-43	-18	-49	73	20	39	25	62	68	-41	97	-33	-16	83	-54	-88	-96	-69	91	5	-71	49	12	-75	8	30	-75	3	-51	38	79	37	20	-84	91	-11	19	-28	-33	-54	98	-99	-76	23	21	-72	-49	96
-13	-89	-92	-100	-45	-41	-33	67	-72	65	62	-2	3	-80	-50	-67	26	-56	43	-81	-68	96	31	47	37	-62	-1	-27	-78	-26	-5	89	-35	15	71	-54	22	-53	-33	47	-46	-93	-99	-41	51	-26	21	0	36	7	-95	-69	-82	98	-32	59	26	-30	-10	-72	-70	14	-23	6	65	-97	-48	38	75	-41	-31	-77	11	71	58	85	-89	22	65	-4	17	-81	58	99	-91	23	-73	-60	-14	14	63	-18	-96	28	28	-46	-65	-29	74	-19
-33	-88	30	14	96	96	-65	-40	85	52	-70	-11	-18	-26	-12	79	-59	20	25	-78	-94	-23	1	41	74	-36	-56	39	-20	69	97	-87	92	-47	76	-22	-61	100	85	57	-43	-90	47	67	66	-88	-27	79	-45	25	65	94	-47	18	55	-67	-21	12	-68	38	-64	-9	62	91	89	40	93	67	31	33	95	-90	72	-79	45	2	33	-76	-33	38	45	-19	-86	75	-47	-88	46	-69	36	-9	94	-33	1	89	-3	49	-61	-12	-32	9
21	-46	-37	42	-14	-80	50	-43	-27	-88	-79	18	14	88	49	74	89	-51	-87	91	26	-53	47	99	-12	84	-53	41	-56	-68	-8	33	-9	50	-32	-2	-10	88	93	78	52	32	-2	-85	42	-15	79	-71	43	-34	-5	23	98	-11	-88	62	55	-99	-55	-23	-28	-64	-44	-3	-55	-44	-62	-4	97	-46	93	29	-79	13	-55	-42	-85	52	-16	-14	38	42	95	-27	20	-48	11	100	-81	67	7	-84	35	12	-26	-39	-28	-46	-8	65
11	-68	-63	32	-6	-70	50	57	-36	-37	-2	58	21	-35	-61	-93	31	90	49	88	-85	-29	74	58	54	87	-73	14	-100	-2	-59	72	-29	6	-16	24	-72	-26	-68	76	64	5	-66	82	59	52	78	-99	64	-51	5	3	48	-22	70	8	-92	-51	80	-42	100	19	4	-28	-86	-99	23	-77	-2	-37	68	-41	-75	42	0	11	27	31	-3	-6	-84	90	-24	77	-11	-1	10	25	-46	-1	87	24	-53	55	37	-52	82	45	90	11
42	-39	91	41	95	-48	-83	50	51	-48	63	-92	-76	33	3	-83	-70	-13	30	-16	61	-82	67	-8	-26	98	-11	-16	-15	-26	78	-86	-58	58	30	25	53	-30	-4	15	18	-70	-20	-26	73	-92	14	-100	76	15	-98	-10	44	-14	-63	-31	-52	56	-32	47	35	8	-37	-13	84	11	77	89	-67	82	47	43	89	-94	-94	-62	23	-60	42	37	87	-39	63	78	-1	28	-75	-51	73	2	6	-10	-51	87	20	-37	26	-60	-68	41
97	93	-52	-90	63	-56	94	93	61	21	2	-38	8	-31	-61	-57	-90	52	-18	-81	60	-1	32	44	3	-95	-11	92	24	-32	8	45	-70	13	-28	-29	-53	31	65	-25	13	3	0	19	40	-3	-12	-61	82	-48	60	21	-7	-28	6	-25	-30	-94	-82	13	50	26	39	-29	84	87	60	-43	20	54	-35	4	32	11	-20	5	-77	-14	68	94	-3	76	-35	84	-93	98	-17	99	30	47	-95	35	-96	-6	-21	-5	-5	64	-91	63
15	-64	74	55	-4	25	-90	77	23	8	94	-71	61	34	99	25	-30	-1	-79	-14	80	-98	66	-22	-84	-76	99	2	-30	-8	-50	79	49	83	41	25	-76	-99	-31	0	7	-83	29	-43	20	34	-34	-47	55	-1	-11	44	-42	98	-22	-21	-24	-77	-5	26	-41	-64	25	2	-32	-92	15	20	-8	77	-42	7	-79	30	33	-57	3	65	-92	54	23	-21	36	-82	-45	26	-44	-2	-48	-12	44	-57	-88	-22	27	-19	29	7	-41	2
57	77	-36	-38	-57	8	-62	31	-73	53	-86	-100	54	-31	-44	-53	-18	38	-43	-71	-80	-60	-18	-14	-40	85	-60	71	-71	-59	-37	-58	41	23	-66	100	73	-96	-69	91	-40	49	-11	-89	23	23	-53	74	-95	-6	-64	14	48	-33	97	-12	-2	-11	47	68	-70	-67	42	-16	-77	53	16	-9	47	-37	-98	46	35	20	69	54	-91	-64	-87	-23	56	12	63	-96	-58	-71	0	94	66	97	15	50	-80	-23	62	49	21	83	46	-43
19	70	21	93	-66	-70	53	-24	15	76	-3	38	1	70	76	-99	32	50	-6	-27	13	-7	-51	36	33	72	-50	64	-1	73	42	-99	32	-82	59	-80	-54	97	29	88	-17	-27	-88	25	3	-63	65	14	-47	-60	53	45	24	-7	-42	63	62	42	84	71	-26	98	88	-43	39	-35	-62	-2	31	-31	-11	73	22	73	47	-49	-71	-53	-43	-59	-57	30	99	-72	-98	-68	5	-56	69	-42	90	-83	55	91	27	-24	65	82	94	-34
-93	79	9	-23	-85	-67	-34	-63	56	84	62	51	94	-32	72	61	28	-90	-6	15	29	20	95	65	-89	-75	-63	-67	88	-34	-70	-13	-14	-85	78	-35	51	-44	27	19	62	-49	35	-47	6	94	59	-1	71	0	74	-36	-34	-66	-97	-12	80	22	-69	40	12	50	92	78	93	79	16	81	-20	-12	-85	76	-63	76	51	-16	5	-72	-84	-43	-20	56	-3	-82	-11	62	82	99	39	92	-8	22	79	85	-63	71	50	61	6	35
-35	85	-5	36	-12	57	-95	29	80	17	67	29	-25	-62	50	65	48	25	46	-49	85	-84	56	-53	77	82	93	79	-89	89	-72	80	-88	-71	24	-4	86	78	5	57	-6	55	-1	82	25	-19	-58	-19	51	65	-65	-56	-23	-53	55	99	-61	-95	-26	97	-59	-6	-89	-47	0	11	11	69	-60	-86	81	-29	-57	17	7	-33	59	6	53	-59	-53	60	7	-31	40	-6	-7	82	68	-36	32	78	-64	53	63	93	87	-41	-50	92
38	33	88	-1	-10	51	-73	59	24	39	-71	22	7	41	6	38	79	13	-27	99	-20	26	48	-82	60	59	-41	-57	46	23	4	-85	-50	26	49	62	-94	-47	-43	-93	9	-87	-59	10	-4	-68	14	-23	19	51	52	-50	-13	-76	61	94	42	-27	96	48	-15	-16	37	90	7	-92	41	-4	-82	92	99	-66	59	-88	-47	4	-63	60	-73	90	6	-36	-42	-15	-74	-80	-79	-40	43	-11	-54	-13	62	-44	18	-56	-69	-67	36	-76
43	92	25	-11	88	46	-62	-87	59	-66	49	-94	56	-67	-14	-35	-99	-53	-61	-49	55	-74	-63	97	-59	-21	20	5	15	-60	20	49	48	-82	-77	-7	1	-33	79	33	14	-66	-30	-74	98	58	55	-82	40	-30	-91	58	68	11	-91	-68	-35	-69	68	-54	-37	13	-23	71	48	73	-90	79	-7	59	-95	80	-9	-47	7	-27	39	-52	68	7	14	5	-34	48	-100	-27	80	67	-89	55	33	-12	-81	86	69	-70	46	-63	63	31
-69	45	97	-86	-4	-88	61	-42	58	-73	8	66	-97	-95	53	-69	-22	-20	36	-11	47	47	-91	75	-63	19	85	-26	-92	-18	-52	94	-80	-86	40	-82	14	-36	-74	86	87	36	90	-88	-14	-29	98	91	11	92	81	20	-56	54	43	12	19	-22	37	-62	64	-99	50	11	-94	-73	52	85	-98	-37	-21	57	-78	86	50	5	-57	17	-33	-74	52	-48	36	6	49	38	46	74	97	-97	35	99	-21	-93	16	-5	-43	-65	-56	7
13	70	-75	35	36	-16	-46	87	24	-78	-48	3	-99	-37	69	-50	64	61	-98	-87	12	12	-93	-89	-90	7	70	-33	97	95	-86	-90	-90	-43	-45	5	-12	17	0	-79	68	38	-59	8	-50	-95	64	25	43	8	-54	21	-65	-42	28	-96	-5	-50	-49	91	-5	-77	16	-65	-69	36	94	-92	-89	-69	-94	89	41	-48	38	-1	-22	91	-64	-26	-5	71	-24	24	-9	87	-59	-24	21	85	-56	64	-48	70	-34	-4	49	-53	38	72
56	4	82	-6	13	63	62	-46	67	15	-94	92	-1	-21	-18	53	90	15	-41	-80	45	37	18	67	68	18	-40	-44	9	81	-15	-81	-93	39	-90	20	47	27	-48	-25	-15	9	11	96	8	30	-48	24	91	-71	-81	-91	80	-54	93	-23	-45	-49	-41	-9	100	-71	6	19	34	18	-17	-90	-32	47	-89	4	3	-7	60	-84	-69	18	28	15	-33	-54	88	-2	-94	-82	-71	-33	62	70	-92	95	20	80	-77	-18	68	45	32	-71
-10	-10	-86	-8	9	23	38	12	-5	59	-34	-100	88	74	96	58	80	82	-82	-81	-82	-93	-72	46	-28	-64	70	8	-34	-90	-41	-32	94	63	3	-85	63	98	28	-16	72	72	-70	40	61	5	67	-32	87	-16	-58	80	42	74	-38	83	85	-97	-72	-84	-25	72	-14	59	-56	-42	-23	3	8	47	64	76	-61	43	4	50	62	98	-27	41	2	-38	-8	-98	-8	-61	-11	-54	-100	-19	-55	-48	2	-17	-67	-29	-62	79	19	-75
29	60	-27	-54	97	93	20	-42	42	-81	-88	90	-95	71	63	84	-25	53	64	73	12	46	-22	81	11	37	89	-90	-79	8	-26	-97	95	63	24	-51	67	14	93	40	-97	21	92	92	-63	-90	-7	-70	-23	-66	76	19	42	-97	-32	10	-36	80	93	28	53	23	-32	56	33	-54	49	-29	-79	-40	-83	48	-24	69	76	-9	-36	-71	77	17	-57	80	46	9	-71	-12	70	-63	63	0	61	35	29	-93	55	9	52	-98	-57	87
-28	-30	-98	-95	-24	-83	61	-97	-42	99	65	24	-55	-22	37	-40	68	-37	-83	39	-68	13	94	-11	17	12	69	-74	-6	-81	-5	-17	-23	-70	46	-20	-98	89	-63	-42	25	23	52	-80	-56	6	82	41	-99	55	-39	69	2	62	-29	-40	75	-78	43	-45	-30	36	-47	27	10	-88	60	-39	-12	68	-56	25	54	-21	43	-3	44	92	41	-71	90	93	-26	-68	-8	99	1	-43	24	88	91	-96	82	61	-5	12	-85	91	75	63
88	97	2	60	62	-73	-20	-54	-27	-14	-9	-40	60	-83	-34	84	-72	-78	-87	-33	-38	-81	58	-78	-53	54	40	43	100	-71	35	-90	75	-22	56	-99	83	-25	67	-45	53	54	-38	75	77	-99	-72	34	36	27	-100	84	-41	-6	47	9	-89	-84	-96	43	23	-84	18	63	97	58	-39	-8	68	24	-69	-96	-2	30	13	83	47	-93	20	49	83	39	9	-92	-15	-57	-96	84	-29	-71	-62	-50	-64	95	-52	80	-29	-21	-89	-18
36	55	83	56	9	32	37	-30	26	58	29	12	64	-82	22	-26	-40	57	-78	-85	-84	-57	60	-3	54	77	8	64	25	-39	-75	-39	67	-98	-55	1	35	-11	-15	-95	72	29	-5	-86	-92	-61	31	45	84	58	7	58	-80	45	-63	-63	55	-84	75	91	65	7	22	88	23	-71	88	-61	5	-92	91	31	-12	61	27	11	40	-49	57	90	37	-10	-21	-66	93	-37	31	-39	71	-50	35	98	71	-31	-5	-77	94	-96	-18	23
-32	1	62	11	-9	86	-78	59	-89	6	35	69	90	38	33	-35	74	-20	-51	51	78	2	10	16	-15	91	34	32	-63	-99	38	-40	-14	-7	-1	78	-39	54	-43	56	62	77	-45	-25	-42	-8	-17	-53	-65	94	80	-66	16	-65	-63	0	-41	-24	71	-87	2	-43	-84	-15	-39	-44	-91	-27	55	24	76	29	-12	10	-61	19	79	67	90	92	47	-72	-74	-87	-50	-60	-57	-43	30	6	-62	92	89	80	93	-30	-44	87	86	22
32	-37	-9	32	-39	73	2	11	70	-36	79	-93	7	75	-100	69	25	-18	46	98	78	5	64	-43	-46	60	53	-23	-3	-1	-95	44	94	99	50	15	-80	23	39	-18	31	-9	-58	-32	-80	-66	20	-8	7	89	-22	-3	1	11	-86	-18	78	93	66	53	-60	-64	-85	-39	-39	-34	-94	-93	48	12	47	-76	-100	90	58	-45	48	79	24	20	63	-86	-40	-54	-10	5	-78	70	2	-20	-1	-27	6	32	73	25	40	-62	-46	7
-49	0	-65	99	87	76	11	-66	4	-76	-8	49	1	-28	-89	-16	55	8	20	-50	5	83	82	-5	-62	-7	9	-63	-41	30	-64	24	-48	-80	23	84	70	-85	-22	-30	28	-42	-13	-53	97	22	-77	20	-80	70	73	83	12	-31	60	-30	-13	-83	11	-11	-5	-21	37	-57	-39	2	-97	-42	-27	93	-54	-37	36	80	-42	-54	67	97	33	-31	-7	48	12	-51	82	-72	35	-11	32	92	95	66	-76	-87	54	-100	93	-50	-89	15
6	16	-100	-66	53	85	53	57	-40	46	53	-18	58	-21	59	73	-30	91	54	-35	18	-90	-23	-33	38	-2	43	83	-95	65	-69	28	16	77	57	13	96	-33	62	21	-79	39	20	35	96	12	-77	1	66	-48	7	40	-67	61	82	85	52	15	-28	57	72	-19	49	-71	75	-42	69	94	-93	16	13	-9	-85	-39	62	20	82	-13	8	41	8	23	100	-60	98	-68	-77	-99	-42	-36	-48	36	-19	-15	2	80	33	-22	-72	3
-19	47	18	-76	19	-10	83	-53	12	29	97	19	7	-64	90	40	-68	47	94	-45	-75	-66	-24	-74	71	68	62	-23	37	-20	75	13	-27	82	84	-41	-48	-43	-78	79	-98	88	-32	91	-87	-100	-6	25	82	-29	14	-57	63	54	40	-44	72	82	14	-72	71	98	31	39	-46	28	87	-9	66	-55	-2	-82	-33	40	42	-22	-91	72	75	50	-51	-37	-79	-94	-10	-92	63	-48	53	48	-3	83	85	43	-76	-79	37	61	82	99
-27	-58	20	-23	-17	98	-26	-51	-16	-73	-63	-38	-13	62	-30	90	-22	-90	96	29	73	38	16	87	-49	-32	-13	-3	-44	-82	56	-36	-74	-64	-75	83	-69	68	56	63	-89	79	-66	10	-94	-17	12	71	98	62	1	-37	-6	43	15	-1	-47	-12	60	95	61	3	-50	75	-36	23	14	-96	26	90	-95	-70	-68	44	51	99	24	-77	-13	-94	-95	33	87	88	84	73	39	-55	-10	8	92	-5	-85	71	40	89	57	81	-51	4
16	-58	75	36	-91	79	69	-79	47	-22	-4	-6	64	-16	-98	49	-14	-12	62	32	43	2	-51	-20	-2	68	42	48	-5	-76	-51	-7	-40	38	94	71	39	39	36	79	18	-64	-84	97	82	-64	0	-49	-73	26	85	18	68	22	85	-29	78	15	95	-15	43	-78	71	17	6	19	-98	-4	-13	49	-52	59	62	19	-19	-12	-89	89	-58	91	-98	-84	22	-2	-14	-68	45	-21	-5	-7	37	-18	14	40	-57	88	20	-86	5	-91
45	-71	40	-69	-81	-10	31	-55	57	-74	-39	-15	-36	-31	41	69	83	-89	-31	62	98	-22	9	24	82	-10	-51	99	97	-10	54	-70	-56	23	90	87	66	4	74	-13	99	22	-36	-76	-53	-75	-68	-1	-60	33	43	52	-70	-46	-8	-66	-23	-49	-60	-77	-47	-71	-15	46	84	69	-16	-51	-49	-54	78	-16	-70	-38	57	75	-45	-59	-10	-90	59	56	-7	19	-23	96	-42	-38	49	95	-21	76	-78	90	-19	42	34	-62	-85	-57
-67	54	-36	-37	-33	41	65	-1	84	-78	-52	-85	20	-22	-42	-16	68	6	64	-97	-18	-6	97	62	5	0	-35	74	-76	-17	-29	59	-98	-29	12	17	1	-4	-98	-54	-65	15	25	-24	78	76	94	72	-47	-81	-22	93	-33	-30	-11	10	35	81	-76	20	-87	75	68	-12	-47	46	14	-55	-73	75	36	-15	89	62	-8	92	11	-95	13	9	79	-10	35	-73	-70	100	31	-6	99	-22	1	-38	6	13	37	22	76	-29	-70	-35
-32	-10	13	-4	-24	28	-15	-33	18	-63	-37	-73	-64	21	47	-79	-30	34	78	-42	-24	-85	-100	39	34	-5	55	-67	-9	-68	14	-6	-67	-72	-81	-64	-2	25	-89	19	49	68	-96	-85	23	17	-49	-72	53	97	-78	33	76	12	-74	63	-43	99	-51	58	-65	-88	5	-9	-38	-46	-50	49	-65	-100	74	43	-76	70	-12	-67	-68	81	-83	-96	-87	30	-77	-13	31	89	-16	-21	28	34	-84	6	25	53	15	56	56	19	53	-15
36	3	-9	77	67	82	25	22	-22	29	-13	-100	-62	-39	44	-9	-15	25	26	49	-34	-18	-26	34	73	75	-91	21	13	74	49	-88	-37	-80	-84	-71	-40	39	-14	70	86	-96	42	15	-60	40	-94	25	99	-46	-16	75	-12	10	-79	56	-44	-50	99	-46	62	8	15	85	19	74	-39	-85	-15	91	51	72	-42	-76	79	-30	-15	-23	-69	-16	-94	-40	-21	36	-36	-70	-89	83	71	-93	-5	-74	74	-13	17	-83	5	-57	-33	-13
-53	77	-73	-68	46	-70	62	12	18	100	-31	-60	44	46	-1	91	91	30	-29	-87	11	11	22	64	-54	75	36	32	94	-79	28	65	47	-88	77	-79	27	43	20	57	86	-71	-52	-6	-96	-62	-72	-17	9	-88	54	15	30	-81	75	31	57	-51	56	25	-15	-36	64	21	-66	91	-81	-30	-56	-8	9	82	68	72	-90	-54	-84	57	42	-80	10	40	-66	-84	-79	-16	65	56	66	-96	-63	-72	4	-80	32	-79	-98	20	61	-74
-60	95	-90	-21	64	-51	-54	21	43	-58	-92	17	47	34	82	-21	48	27	81	58	94	25	-78	-95	98	-54	57	-4	-26	-63	-78	9	-69	-28	63	-35	-28	-98	-78	45	-36	-6	14	25	-8	22	19	50	40	88	67	33	90	-52	-28	44	57	15	7	-50	70	32	-100	18	-87	-41	46	-21	-25	-52	-10	-88	1	58	39	90	-83	97	35	-43	5	60	-65	22	67	-60	19	-6	61	80	-9	-81	-43	-23	-3	-98	-59	-70	50	-94
84	-42	36	-78	-34	10	-67	-65	65	-55	-66	15	-27	-27	-60	-91	1	-23	-8	-94	-52	-85	90	-64	21	-43	79	-17	0	-63	2	78	-64	-37	-80	62	62	22	-32	83	51	-76	-24	54	-67	-31	81	1	40	52	-64	11	-46	-65	83	92	-94	-81	52	-67	13	-71	-76	53	52	-56	12	4	-34	6	33	63	-56	83	10	89	82	-27	29	69	9	22	-36	-63	-45	-62	-52	78	-4	-46	16	-29	-4	-82	78	91	-36	-62	42	95
-62	-70	-24	-81	-40	-77	59	28	-6	-87	33	23	67	80	70	58	4	36	90	-47	-98	37	68	-73	86	75	37	-61	67	62	96	-83	52	-6	-2	-12	72	-64	57	3	27	98	79	-8	-91	53	-24	-36	-47	3	-100	-58	-58	-28	-84	-89	-53	13	7	10	-34	-83	-45	31	90	-30	-56	-33	-12	15	-19	-44	83	48	67	75	64	-50	64	11	-94	-83	-90	-63	-72	64	-93	58	-83	32	20	-18	96	-5	-46	-75	-73	79	-70	85
84	-17	59	-74	-30	-98	-69	-47	-5	76	94	-100	-65	-57	48	1	-28	-75	17	-86	-25	-22	13	91	-94	-82	-48	95	-97	-21	64	-8	-56	-19	-90	39	-46	35	98	-1	62	47	-21	-94	72	-98	6	-55	-15	31	67	-36	19	-59	-43	5	66	-85	99	40	-71	4	-72	1	-4	-2	-60	43	52	-75	61	55	-41	41	-38	100	61	-21	7	-79	-100	-31	-93	-10	-50	1	-42	-43	4	15	47	19	-45	17	77	-73	-75	8	-19	59
50	-22	-58	85	-11	-69	75	17	-40	77	-79	18	3	-52	52	53	96	-94	64	86	-74	6	32	27	-23	-28	-26	44	41	-96	14	36	-1	73	53	-65	53	-2	77	73	-78	84	-75	-16	-41	87	-45	-33	-59	68	99	47	4	36	-94	-48	-76	71	-51	22	62	63	-25	-37	-96	53	63	2	87	-45	88	58	-31	66	-42	-96	-95	88	36	62	34	64	71	7	90	59	45	32	-95	-24	-23	50	-11	-97	34	89	45	-11	99	4
91	11	46	-82	-11	-33	32	-4	-11	-66	90	18	-84	12	-42	-84	-79	61	5	86	54	22	-96	100	-51	12	93	-38	-9	-21	74	47	87	95	-63	42	-22	-4	26	89	48	-97	37	28	43	38	-19	-54	-48	4	32	-9	-93	-39	45	85	32	11	31	-70	-78	24	-55	-38	-11	68	59	42	-86	-87	-34	8	-17	22	41	83	3	-24	-92	81	-69	8	-72	-62	77	40	38	7	72	22	24	43	-12	32	-16	-100	-88	-56	100	-48
54	24	-44	65	93	64	44	34	-45	89	-1	63	-53	-95	-97	-20	-33	-71	-76	71	-3	-35	36	-72	94	-24	-69	95	67	77	44	-93	-94	-58	87	82	48	62	79	-10	70	-27	17	-17	60	74	21	-100	57	-12	69	13	-55	-8	-80	30	-95	96	-30	-14	-28	-74	83	-13	-50	-39	-54	30	17	-35	-38	6	9	-60	12	-62	77	16	17	-68	65	-64	59	42	-69	10	-85	76	-99	77	65	-47	84	-38	51	-64	6	-15	-41	83
76	52	84	-23	-72	-91	96	-60	-42	87	68	-34	66	32	-29	-48	-82	-52	76	-33	22	-46	-31	-13	-44	82	-35	-67	18	-83	-31	28	7	-77	72	100	-97	89	-97	-92	50	-90	35	62	75	3	-61	70	-37	100	13	-93	53	-1	84	23	8	73	-3	39	-46	71	61	72	72	85	-42	83	61	-87	-58	34	-100	74	79	0	-5	-65	58	41	-46	-80	-18	-26	-96	-97	-12	92	64	-19	58	87	-51	98	50	7	-73	-69	82	64
-33	42	56	58	75	-84	65	53	-94	-43	10	-4	-75	-77	-93	7	-85	43	-54	86	-26	-32	31	-42	-16	-47	-57	-15	-60	77	6	-27	-88	84	52	-87	18	-55	-60	-51	-95	18	-49	-60	24	42	19	4	57	17	23	45	35	85	82	77	69	54	15	2	-67	-95	14	92	4	-97	-25	-15	-24	-30	39	11	-100	33	-93	62	-22	-80	-33	61	-62	9	-76	-32	60	23	-44	96	99	70	-82	-40	-74	27	-93	31	98	56	3	14
28	-70	45	-84	11	-67	89	77	96	-11	55	78	13	82	9	-18	64	58	-87	-92	66	-83	70	-87	8	84	92	-78	-35	-63	57	-67	-90	70	8	-93	24	-36	-41	-96	89	-44	-60	29	-10	45	12	-43	-33	54	-21	33	-95	16	-39	-6	-17	-69	-27	-63	45	-14	91	81	99	51	29	20	54	54	19	-76	-1	91	-81	51	-54	-80	-82	-72	-58	72	-51	43	-40	29	-30	-24	-7	40	19	46	38	-6	80	-92	-94	86	95	-15
28	-22	-79	26	-95	-37	64	38	34	70	-36	80	73	-60	-89	-95	28	27	-96	-26	-56	-72	-2	8	-76	-82	-80	87	17	-14	51	-69	-42	-94	32	-32	62	-87	31	5	43	-29	57	89	88	22	-75	46	67	-95	58	91	-38	-89	63	-51	-44	91	-47	-37	56	-75	-29	-49	-14	-46	-71	42	7	62	-41	-85	26	-82	14	52	-34	-46	-94	-85	-44	27	-82	86	-14	-5	49	69	-39	-24	-45	70	13	-76	-68	57	73	79	99	54
-10	-60	-26	-78	17	39	-84	21	-3	-38	-88	-54	80	66	-83	37	-9	-45	57	-98	94	-6	74	13	-83	-87	-23	-14	1	-86	-14	32	57	-58	-93	33	-46	-88	-50	-76	45	27	-60	43	11	4	-9	61	4	-94	-43	23	79	-15	72	26	67	-80	24	-61	2	88	69	84	-51	-36	-59	-58	-69	94	-42	-41	-6	-62	8	9	19	16	-71	-8	-36	97	-43	54	28	39	-87	98	2	30	44	79	-34	-75	-47	51	-2	-65	-79	27
70	-23	-59	-84	69	-98	81	-51	-25	-19	49	-73	98	73	-92	97	-18	-47	80	29	-70	-58	-53	77	-19	71	6	-33	-66	41	69	16	-54	55	-56	-92	91	-47	-44	71	-94	-28	6	-42	52	-85	62	-100	80	54	32	50	-42	54	89	-53	65	11	56	70	-46	84	88	-62	-70	-98	-17	6	-93	84	53	-45	90	12	-82	-24	-100	100	56	28	-25	94	65	-57	83	-67	-3	-19	25	-82	76	-16	2	7	48	17	56	-67	98	98
-4	23	-77	-36	-72	57	22	11	77	-67	61	99	95	-73	-67	35	-57	97	-4	87	-8	-67	-60	85	-49	-19	-68	-90	-15	27	-28	-48	-27	-14	65	-88	77	-36	-26	68	-83	-42	62	27	-24	6	78	-93	-12	20	-65	-68	-9	-53	58	-74	32	-3	30	7	52	52	-12	-77	-4	-13	-6	-100	-63	-69	-13	-78	48	-46	-20	6	44	-64	92	28	45	-90	85	13	-9	42	25	-1	-78	-57	52	-73	-17	-78	59	-13	71	-63	26	-99
-31	77	-78	92	64	-42	77	0	-93	51	-30	34	-63	36	-77	-85	-74	-29	18	-34	35	56	70	-91	86	-87	-53	68	16	2	-83	-46	-69	-76	73	5	58	6	-44	91	-58	100	24	29	-59	37	88	-9	-26	25	25	-55	-53	-52	42	46	24	69	70	-33	-17	96	36	62	-97	24	-21	99	-91	34	-72	26	72	-34	98	-51	-45	-92	-18	18	-32	-79	16	50	-66	90	65	-66	-39	-6	-53	35	65	-72	-53	-91	48	40	7	96
-38	35	76	-53	-9	47	-46	-57	80	79	-70	69	-82	58	-60	-58	-98	43	38	60	-37	44	-79	-59	-19	-45	39	87	24	-69	71	40	-23	20	-7	94	64	-93	98	50	-88	91	74	26	-33	3	41	-9	-13	14	45	-14	-17	44	9	-44	15	-34	61	15	63	98	-75	5	90	-22	-20	-43	95	-23	-1	35	-66	-40	-24	-55	-21	-51	-69	96	-81	97	6	-92	34	36	-52	11	-34	-21	-57	83	-70	-82	55	2	-1	34	92	98
29	-54	-93	31	15	16	-78	1	-28	-70	69	-27	-10	-69	-37	50	-65	84	-52	-50	-32	-71	-35	33	17	27	-65	-62	-4	60	-5	20	-12	8	-58	-11	-67	78	13	36	-46	-77	-54	26	88	52	100	28	-68	99	-72	-54	-19	24	-26	6	-93	62	-25	61	-64	-53	-75	-69	8	-5	93	-51	-98	-42	-1	-18	-75	-36	19	37	-48	-12	-18	85	67	2	95	26	-8	36	94	-4	-86	54	-28	-38	10	53	-2	-63	79	89	-13	-30
-70	89	-88	-93	-19	82	32	-85	6	72	-39	87	-37	-48	77	-21	63	85	2	-39	98	-61	17	22	-83	-42	27	-25	94	-100	-56	-60	-97	-27	79	13	-98	41	26	-61	43	33	-33	-81	83	-25	83	-85	2	-99	95	73	0	19	-94	-72	-44	-26	94	-25	91	-92	63	83	-40	67	-3	-54	37	84	37	-44	59	-36	17	35	-13	67	-73	53	-50	-44	-24	-78	36	90	-76	-4	71	-24	63	0	11	-54	7	-9	-88	-2	-18	-100
23	10	-73	-70	30	-8	56	-84	-66	15	59	33	99	-96	-34	67	48	-43	-33	58	-13	99	46	-24	82	-38	-98	39	5	-100	82	69	-98	86	-36	6	-61	72	30	95	-22	-93	41	55	35	72	68	34	28	78	44	19	5	-100	32	-23	-12	45	66	89	-64	50	38	-47	-35	-27	-43	52	84	-11	-7	74	-24	63	-78	-36	-64	-39	34	75	-98	59	46	46	54	-51	93	-13	-72	36	65	80	-59	-18	-57	97	67	-98	71	-48
-74	72	-71	37	-54	47	-56	-61	63	54	-68	-90	95	43	15	-57	-25	97	-84	-38	72	-33	-10	-21	-22	-28	-7	35	-88	-74	4	-10	-57	34	99	-100	-19	-65	-14	-60	-3	59	29	11	32	-97	59	-19	72	-58	69	-30	-25	-34	79	-14	-24	25	51	44	18	46	39	25	-67	-97	-100	-81	-35	23	-91	95	80	10	90	19	-57	-1	55	94	-38	-75	89	97	-72	17	71	55	-31	-32	-25	10	78	-36	19	95	-13	52	13	-62
-28	-48	96	-52	86	-39	35	-64	73	75	-79	-7	75	59	33	77	-56	40	-56	-68	14	53	10	75	95	-38	84	-87	92	45	-74	82	95	-4	-33	10	94	-2	18	96	90	57	-3	16	98	71	-44	-8	79	55	-6	-90	-49	65	60	26	2	-7	46	-80	83	57	-12	-85	37	-42	-41	-13	-32	86	15	10	-95	-54	52	-65	83	-13	63	-70	17	76	-91	-44	-57	79	-71	-50	41	71	-79	26	-49	-88	62	51	98	59	99	-98
-16	66	-44	-48	-86	59	-35	-40	-97	88	-30	91	-8	-65	68	47	-93	19	-87	-50	6	-54	62	-77	-28	70	21	-96	-98	39	-85	81	-66	-35	30	-66	82	-12	25	59	-16	26	-43	-60	-38	18	64	-52	-8	-71	-48	82	91	-54	76	54	51	-95	24	-55	-91	83	20	-91	-74	83	-5	-89	78	6	3	-79	-1	93	23	-4	-100	63	4	54	33	-12	-77	12	-12	-53	-85	81	28	-10	-52	99	-73	24	89	48	-36	26	-16	-4
36	43	51	-67	-21	2	0	-32	-83	31	-19	-49	-39	46	15	-16	-51	96	70	85	97	-25	-10	3	-38	89	-44	24	16	48	-55	-74	-44	41	46	-67	85	-31	23	32	15	44	11	48	-79	-72	86	77	-90	-13	-24	29	78	-15	3	-42	71	35	-55	-68	-98	31	-63	-10	72	72	-34	-78	-57	-85	22	10	-70	-34	-40	11	-45	-50	-81	85	-35	-33	10	-62	-21	49	-60	-2	-75	-76	75	-35	9	3	89	2	-39	-63	-83	14
-74	-6	-89	65	12	13	63	71	-34	-45	-24	71	71	10	89	40	22	31	-34	-8	-46	-87	-67	-35	-37	57	78	-84	-72	97	9	-89	9	5	66	-19	74	-67	-77	38	-4	-49	74	-4	96	-39	-32	-97	63	38	-75	42	82	-79	94	45	-25	8	-36	49	56	-95	-70	68	27	52	-68	56	-82	58	-47	-55	14	-89	76	-10	-76	74	47	-60	-49	-93	81	-95	-63	18	-90	78	94	-11	61	42	-20	-58	-76	-99	-2	47	90	-64
-43	27	-2	-88	-47	-52	24	-45	94	-60	58	12	-32	100	13	-24	-85	-51	87	-22	-80	-80	-86	-17	-70	-100	-71	35	-44	-67	-45	91	77	-33	-4	-4	2	76	-4	-60	73	4	88	-11	-75	47	-66	-31	83	27	-89	-52	54	60	-98	-58	23	55	16	-53	94	60	64	46	58	-42	-20	52	65	21	50	-64	-83	19	51	92	-23	9	-47	-69	-53	-66	14	35	16	65	96	-17	-2	-26	-62	-31	-34	-22	33	-34	100	-76	-77	72
-95	-52	-88	-66	-2	13	41	97	18	28	8	-52	-45	21	25	-58	-8	84	-29	89	-20	-15	82	-8	-80	-99	-63	-41	-32	-96	93	64	88	-89	11	-86	-94	-28	17	29	-7	99	35	89	-20	-16	-62	-61	29	-91	-78	-95	-59	-34	90	90	-27	75	52	-76	-46	54	44	56	58	-40	55	24	-65	91	34	12	-93	-48	-13	14	91	-14	81	97	-35	-61	54	91	47	-21	66	40	100	54	-54	-36	11	33	-90	-73	-26	-29	17	48
28	-82	-66	1	30	60	-16	-20	-66	-70	-24	-97	96	28	-85	35	-8	-33	2	-58	48	-39	-1	54	3	-50	-17	-52	49	4	36	16	81	-20	-90	28	59	50	76	-40	-71	-33	-34	3	8	-31	77	56	78	-19	59	36	-53	74	-28	-72	-1	-22	27	30	60	-95	-27	3	-78	-94	7	-41	11	17	-23	-31	26	32	26	-48	-81	93	88	-5	99	12	30	-37	-98	29	59	52	52	77	-7	-69	-66	-39	60	74	-16	-85	60	5
