-40	81	-91	47	-91	35	27	72	-54	86	-53	-9	63	78	-9	-95	1	34	32	-28	51	81	-6	33	-13	92	53	-57	24	98	-80	-50	-32	-35	-91	-50	9	45	-31	50	7	62	-58	46	-83	-84	-57	42	-35	-19	20	-48	43	-62	64	58	-82	0	43	31	-38	1	-79	75	0	51	74	60	-24	37	97	-46	-41	53	86	-86	-40	24	86	-1	-58	-99	-87	21	68	98	78	-4	-65	72	42	-61	76	69	-23	-94	56	-70	66	98
15	41	-20	12	14	24	-56	55	-40	6	21	64	51	86	0	5	-17	97	-47	-39	-57	72	-66	-71	-45	17	-49	-33	-92	46	-12	51	2	12	42	-100	-96	-92	77	-8	-65	19	-51	69	-68	-48	13	-64	-81	70	-3	-100	-2	-54	59	83	78	19	8	-28	-24	87	53	56	29	-68	-25	-32	-25	85	36	85	18	-59	40	-25	-45	-2	-12	-33	-80	-76	96	-4	-2	-38	-99	62	-75	85	35	-26	-13	-4	45	56	56	-12	92	-63
-14	-47	-26	88	-41	67	53	-77	-64	-67	87	-81	-52	-40	63	34	-30	-90	78	66	85	35	1	56	47	50	-33	65	13	78	89	-55	-98	70	20	54	-60	-41	64	35	-20	-28	-16	-11	-97	34	64	-96	-53	87	67	47	-99	-9	99	-12	44	36	-43	5	13	52	-62	45	-63	-43	-91	62	57	-48	-92	94	86	-29	73	20	-64	-76	5	84	-83	-9	-92	100	-70	3	24	49	-75	79	-49	-73	-56	-23	-45	-72	43	20	84	90
10	-16	-99	-24	56	6	63	25	69	39	48	-93	70	8	20	41	59	-20	-77	83	37	19	-11	-5	-17	-21	31	38	19	-73	-39	65	37	25	82	60	28	-31	53	-26	28	-50	-91	34	-35	53	13	51	-34	-90	97	-16	16	48	-67	-92	73	-80	36	-92	98	67	-61	89	45	-26	91	28	32	98	67	-18	-99	-77	-42	92	57	44	-3	-74	35	100	49	52	96	17	55	27	82	64	-8	75	-56	38	-35	65	80	-49	-48	-34
-84	97	-99	-9	-47	6	-93	0	85	97	7	55	-9	-41	-13	4	67	-34	38	-9	-57	2	-51	-24	61	-77	-26	-90	-17	-78	58	-17	43	-3	91	-90	-15	-74	98	32	47	-71	92	-66	-14	65	3	87	23	-35	-94	-8	33	-26	-86	-12	-87	-45	33	5	9	27	-74	63	76	8	3	-64	13	75	91	-43	-66	-43	94	-40	-88	29	-27	32	41	-14	-87	-48	-19	93	-35	-29	-24	82	-19	12	-46	23	47	-72	-23	-83	8	-51
-58	-55	-7	-30	-75	19	91	92	67	86	55	-50	-8	-96	63	48	-1	-44	-5	-69	-71	78	17	94	63	39	-98	67	59	14	-43	2	-73	-82	-63	-38	89	-27	-43	76	-51	28	-50	14	37	-97	5	3	-26	-20	-78	65	39	3	77	91	27	-57	-30	-3	-72	53	90	-73	-28	-10	92	45	85	-39	42	-30	-56	50	26	-87	-67	-63	43	26	17	-13	72	5	8	68	73	-69	-23	86	6	-39	81	-14	13	10	84	67	-43	100
-98	-97	47	59	-67	-20	92	39	-52	-32	-27	83	-6	-82	5	5	83	-60	12	98	42	4	-15	54	-35	29	-71	41	-70	-93	15	-60	21	75	58	-29	75	-83	86	45	-31	2	76	-51	48	38	77	-5	85	61	-27	10	-36	49	-85	76	6	98	-82	94	75	83	84	95	-39	-68	67	86	-65	46	64	-42	63	-99	-85	-27	66	25	79	-2	-73	81	55	-26	-48	-88	43	-44	48	-8	24	-66	-72	62	-13	-68	1	50	-8	59
-24	-70	75	93	56	28	98	91	-38	-40	27	-8	10	98	55	68	-17	-9	-75	-37	-76	-99	55	-49	-8	-84	50	-46	-80	-54	-4	-56	-83	48	-27	20	-76	-55	-75	-41	-8	47	52	-26	-38	-30	-24	39	-60	-76	31	-86	-68	-65	-48	56	-79	-44	-83	50	18	-95	-36	-30	-4	-56	92	63	-47	-82	46	74	-61	-18	97	-6	-56	8	45	-80	-35	-97	68	-12	20	-90	44	-15	-63	27	18	-64	89	19	31	68	-48	70	88	52
-61	54	-87	35	-59	-95	48	9	-52	-25	87	-92	-93	-25	-10	38	-47	-46	63	79	96	92	-47	41	72	-45	-38	-80	-51	-79	27	-87	-63	4	48	54	-41	8	-38	69	-41	-12	59	23	23	-38	89	-14	-54	71	29	-58	-60	61	86	67	18	-28	-90	18	-59	13	-42	-5	-57	-88	89	-81	23	-35	-25	87	-20	-17	-37	89	14	38	-68	-33	48	100	77	-21	-34	-80	43	34	8	48	-62	80	-80	44	36	-25	60	30	-22	-99
-60	-13	76	-94	36	-10	17	47	31	-11	87	89	96	-96	-86	-26	-67	-61	82	-64	94	89	-9	-9	93	-4	-34	-66	-28	-56	-57	11	-43	-20	-48	63	-29	81	56	34	-92	-88	-4	-35	-31	-23	-58	70	16	-88	-57	-26	3	60	54	5	17	-93	66	-1	68	-89	-84	-69	-11	86	-68	47	-24	34	7	-28	2	85	-96	-38	43	-60	22	94	66	-36	-44	81	-84	-26	31	-15	-4	65	46	37	-72	-94	-32	-83	100	34	-84	-84
99	-97	7	-22	-92	-61	-61	-53	57	-20	54	38	-48	-6	-86	-66	24	-74	-5	49	76	12	-51	31	19	40	-47	-83	46	69	-72	-50	-29	49	-23	30	3	-48	-33	42	56	-90	-15	13	-60	7	73	1	7	43	-76	26	-9	64	27	3	42	-33	1	-55	-51	45	-21	-67	-56	78	65	32	69	-80	-1	-98	-89	-25	-86	-47	-86	73	21	15	-59	-21	73	-16	8	-8	60	-18	-22	75	-46	73	-89	-99	-42	26	-14	86	-22	-94
97	84	76	44	-72	21	-76	82	-58	-17	25	-75	-98	-65	77	13	83	-4	-46	19	33	18	31	-22	-71	33	-67	50	-13	28	-77	-16	-42	-23	67	-75	90	-37	78	27	-71	-82	60	-90	-58	-41	-81	-58	91	27	-18	-80	29	39	-53	-94	-60	88	-20	-13	31	82	-61	-31	8	-77	16	32	-62	-25	-30	-38	96	96	43	-57	22	-89	38	70	57	36	-48	-87	44	-29	-4	-38	84	19	-29	36	36	-100	-85	80	-74	-86	95	9
-72	7	87	-76	78	75	-100	61	35	-33	3	-84	31	-13	72	-28	-29	14	-45	-88	72	-22	-88	-75	89	82	-63	97	-7	55	-36	37	-96	-63	-64	-80	-40	26	-77	81	90	29	-86	71	46	-87	11	-17	49	-16	60	-63	-27	36	13	-71	19	-58	34	85	44	-75	-56	18	-69	76	43	-24	-50	62	-86	99	-63	24	92	76	87	14	5	28	-42	-58	-32	-42	-45	-26	8	-61	-57	-89	-56	71	-56	-18	57	86	-22	-54	-38	-87
-67	-86	96	98	36	85	-75	-9	41	-86	75	-53	-31	7	81	-28	-45	100	-82	78	59	18	66	23	-68	2	68	-51	94	-8	-43	-9	77	44	-83	52	-46	99	57	-50	41	-25	-57	-10	-38	59	-7	-100	-48	-49	-57	-53	75	-50	95	-26	15	27	66	-33	-16	-5	3	-1	-90	-56	-19	-67	56	38	-53	15	-90	-65	-20	0	96	20	46	38	-19	-52	-76	-10	-62	-40	-39	70	-93	82	-24	35	-42	-91	-89	-57	5	-4	20	-87
-14	-86	-20	34	26	50	47	70	2	51	-32	86	98	12	70	-20	88	-17	16	-100	-23	64	59	-98	-76	15	8	72	-46	-97	-56	61	-80	-90	35	46	64	-86	66	-45	-85	19	-97	-4	74	92	21	-81	-67	2	2	-68	-5	0	-81	73	-19	-25	55	28	-68	50	50	-28	-18	94	-64	-84	-92	3	67	-9	19	71	-43	65	32	-38	-55	-13	-83	-76	-90	-9	99	20	-68	27	51	69	26	-17	-94	13	5	48	8	62	9	-85
-5	-13	-44	-77	21	-41	59	74	7	43	65	-95	-60	22	-13	63	43	84	-52	33	83	-63	84	54	-53	58	74	-85	-66	22	74	62	96	61	23	-43	-33	-85	42	-68	-28	-93	39	-86	-62	26	35	-91	-78	-43	36	36	-53	38	27	24	8	-20	-81	-64	78	-83	89	-92	-71	38	44	-56	-82	-49	-6	2	-85	60	-19	-92	30	36	73	1	85	-32	9	-48	51	55	-19	82	-18	-10	87	-99	86	93	87	-88	6	17	45	-22
54	-78	-27	15	77	75	-18	7	1	13	40	-91	90	-62	90	-32	-25	-99	22	-25	69	66	65	35	-21	-46	-18	29	-19	26	83	11	-31	63	-13	69	-69	62	-78	29	50	-50	70	-13	-62	14	18	16	37	-88	-35	-58	99	-30	-11	45	-23	50	-71	53	36	100	-54	84	-21	30	-75	-8	-53	47	37	73	14	-83	-53	30	-90	29	8	-78	88	-27	84	58	-90	99	-75	66	-35	-97	8	39	38	-34	-95	43	-19	-5	-33	51
29	-45	34	-69	56	-23	34	20	-72	9	37	33	-80	0	-38	-2	-98	-1	-66	-19	-66	-30	17	-84	-16	14	45	-50	20	100	-23	-78	-81	66	-99	-26	15	57	-86	-93	34	55	-51	35	0	82	79	-96	49	-14	-28	-88	80	54	14	-23	-61	-8	81	93	-10	67	-8	-30	91	24	100	-83	56	-32	56	42	-77	17	84	-87	47	-98	-97	42	-89	-8	58	46	-72	59	72	-84	49	16	-16	-9	75	-73	22	63	-66	89	92	35
70	19	-43	46	-71	42	15	-30	78	-81	-70	-67	-40	-69	41	-98	91	41	43	-66	39	5	-49	-68	39	32	78	-48	53	70	68	-17	-17	44	62	-35	-13	5	5	82	6	-35	-11	-91	-66	63	-87	6	61	-20	-26	81	25	70	-71	-49	-15	86	-30	99	22	-20	23	-40	64	21	82	72	90	69	-7	-91	-25	94	2	-46	31	-16	-25	31	-20	46	19	9	-74	67	-95	77	45	-95	-59	-18	29	-57	69	34	-74	14	-67	-64
-80	1	60	-15	50	63	19	-85	-22	-69	89	-62	-64	-57	-59	7	26	-64	64	-2	-81	-28	84	66	13	14	-19	-49	23	-83	6	81	7	-54	37	97	-81	-65	-39	-79	75	59	-66	-41	43	2	-24	-46	-70	-81	81	-86	62	-25	-67	32	-100	-57	-38	-77	-35	88	-88	74	-25	87	-32	4	-13	-60	-89	10	-44	28	29	29	-40	-29	40	87	86	51	-21	51	-52	-42	-61	30	-51	-83	19	-41	98	89	-65	69	-62	-55	18	-98
-72	18	-61	-48	49	20	-31	-35	-50	20	-86	-85	73	70	65	92	-4	96	-19	48	-87	42	10	56	-33	74	-90	-60	9	-53	-100	-19	15	88	79	88	34	42	56	26	-49	-42	-19	-44	-32	7	63	97	96	56	15	-31	-77	1	-40	28	-8	-57	-17	97	-45	37	-63	25	-62	15	-64	36	87	62	76	26	-30	-32	-68	-33	-10	69	-85	7	80	26	20	14	44	25	16	90	-14	65	12	-67	-77	-71	-8	-91	51	42	-96	-63
41	49	69	25	-29	69	-53	-28	17	19	6	17	12	39	94	-8	-47	10	57	-26	-16	-31	47	62	-89	-59	68	-3	-51	-30	78	19	55	-17	38	-52	-40	-65	-7	-87	47	-30	3	-24	-80	87	-63	-60	-22	74	-59	-80	-61	0	-22	-71	10	12	41	57	6	86	-10	83	7	0	96	-16	-11	-47	17	-19	-44	4	-63	-25	44	-33	49	-43	89	-27	-67	25	-80	94	100	78	-13	-62	53	-72	-21	21	-17	92	90	85	-80	-23
-35	95	-16	9	-56	-72	27	-51	62	-72	15	-92	11	92	-24	-52	-47	78	-88	83	4	-37	16	66	-2	-67	-71	70	-15	82	35	100	92	-30	60	15	-79	35	-33	-84	87	-59	47	15	-71	46	-99	-79	67	13	-82	39	-63	-59	-86	5	65	42	-96	87	-18	-60	66	-5	-43	21	9	-28	36	-64	-26	-6	86	90	46	-52	58	29	-32	-53	-16	-91	-8	80	-13	-52	83	66	27	91	14	-91	-39	-17	-22	17	-47	96	82	-58
56	-64	-50	58	69	-24	92	-30	78	36	27	-19	33	-61	69	38	3	-22	-73	-12	8	60	-84	-21	2	-47	-89	-93	-96	31	47	-28	-92	92	14	-47	76	-15	-13	40	95	-66	-86	-47	-41	85	-65	-54	92	-86	-86	2	27	-57	60	60	79	78	34	-83	-2	19	37	48	59	84	11	-82	52	-59	-18	45	36	20	-48	65	-38	62	-72	12	-65	89	9	94	29	39	-88	15	32	0	-98	76	66	-7	-11	33	40	42	-26	6
52	-50	-33	46	-20	-1	49	-26	86	6	29	-67	36	-14	-83	-90	10	47	-61	21	-52	25	-39	-76	30	96	44	-33	-88	-28	-85	94	47	-1	-100	-56	-1	-41	-22	-47	87	29	16	76	-19	-93	-21	2	-33	-65	29	-3	-45	64	-67	-80	18	-46	-92	-77	8	5	42	26	70	-11	55	-73	-25	83	39	0	65	-66	-95	-36	19	97	87	21	-80	74	-68	71	67	58	-65	70	26	87	-77	27	8	-17	80	67	-97	56	-44	-89
-42	99	-20	-7	-14	-56	47	87	-59	-50	94	44	-34	-20	-38	-61	-81	-45	81	55	59	-67	82	-4	-12	-95	-71	-13	65	91	31	56	-9	-44	-80	-47	-27	47	-58	62	-11	74	55	77	84	-98	34	-100	93	88	-33	-23	52	-42	8	-11	10	61	33	-100	-29	81	-57	-45	81	-73	-71	-99	36	-64	29	-50	33	89	11	56	89	-46	37	90	-33	39	71	-100	-47	40	-38	47	2	5	-48	-20	-88	-66	48	65	-51	-22	45	51
-76	53	-80	37	-46	26	41	60	3	66	-62	-41	9	-82	63	-52	-23	-77	-63	12	-54	-70	-70	-47	34	64	-27	-79	-54	44	-44	47	67	27	-68	79	-33	93	66	-80	-7	40	30	-56	-79	26	-36	-45	-95	-3	-23	33	74	-9	16	72	-71	-45	-9	-54	46	-10	-42	-54	-81	-90	95	76	-67	-33	-35	-69	-31	-69	-38	43	66	33	76	9	74	-7	75	-45	39	32	7	-22	-38	45	81	68	-89	85	-33	66	-17	91	-8	-84
44	-48	-28	-28	16	-35	-69	-83	42	-38	-91	25	13	-32	-45	37	-61	35	-90	-15	74	-54	-53	-72	-77	-47	-53	-73	100	72	-41	38	-3	-36	11	-37	-93	63	55	-75	-68	-27	0	77	93	-43	-37	78	-77	-10	-55	-22	41	-11	-71	86	-55	8	-57	100	79	69	84	35	-92	85	-43	-22	53	-22	22	-80	45	47	-72	45	-87	91	-16	43	-4	44	-73	-9	48	-93	-34	76	76	-85	36	90	-70	-82	-35	-61	81	-89	-16	86
13	-34	67	-21	-74	-71	-68	64	-50	-74	22	30	-18	40	88	75	82	35	97	82	30	-52	-63	-62	-45	-81	-59	-74	32	2	-79	-45	57	-2	57	-75	34	-94	68	-64	39	-88	38	-67	-31	87	15	-48	73	-43	-57	-14	66	32	9	-40	-82	81	-40	-51	-49	-59	11	-46	19	27	-35	-12	20	37	-76	2	-94	-97	-42	-75	-55	-89	-85	-56	76	-100	-80	57	-79	65	4	71	-27	12	-83	27	43	61	-80	-45	80	44	-50	-42
75	8	-82	38	91	42	52	3	13	-11	88	2	-66	-38	-16	46	-47	-44	-75	-58	52	40	43	-17	78	-23	-11	-80	33	73	-11	16	-2	15	-86	75	47	8	66	-40	-45	75	24	-8	-18	-22	-93	50	38	28	-97	69	5	-96	-50	29	93	50	-41	51	79	-5	19	-62	87	86	72	-65	34	-14	-58	82	70	-48	-68	-32	-36	94	-95	79	89	-94	-66	13	21	36	-30	-30	-10	-7	16	33	29	-92	4	-59	-64	94	-52	39
3	78	-82	-89	-32	32	-72	-59	47	5	3	43	-9	-40	-61	-37	-51	17	17	-55	-24	-50	-59	47	-67	-44	75	84	-19	-73	-98	87	77	99	-14	-26	-28	-63	-69	15	-6	7	1	69	-73	82	-40	-44	-95	-60	-65	-11	-51	-49	-56	-49	12	50	-33	89	36	-79	-46	-66	68	-70	-88	27	39	-7	98	-69	-99	100	22	-55	73	-36	-84	-58	-25	50	27	-47	-52	-26	-69	-89	57	20	-97	-45	-61	-23	-100	-21	-34	81	-28	-8
30	-8	79	-47	67	37	30	70	4	91	-51	-38	58	-58	9	38	-92	-11	-97	-57	-43	-6	98	90	-78	-16	-84	97	-27	48	-52	99	-62	39	69	7	-79	72	77	77	-47	68	-53	51	8	61	0	-62	-21	36	19	91	-35	-53	-53	-27	-10	94	-12	8	63	25	-34	-26	-8	-26	82	-24	-64	70	-6	-25	81	80	-9	-57	-75	87	-51	71	90	-8	56	-40	28	84	-94	-7	-56	-74	46	-48	-48	15	-39	-36	79	-92	0	59
86	77	-3	71	63	-39	82	6	32	-34	26	80	-79	-83	69	47	80	-96	27	97	60	47	29	-18	-86	-85	37	5	16	-56	4	-4	2	-13	85	26	69	-32	-63	-49	37	8	61	-72	-62	43	-96	-70	25	-30	23	45	-21	82	48	-11	65	-93	42	-43	55	-33	68	41	40	72	54	-64	12	30	-28	84	-51	12	-59	77	-44	-42	75	89	42	-66	-95	-66	97	67	-8	23	56	-5	-31	-68	18	48	-12	-58	85	-36	51	54
-55	21	-99	-9	53	66	-73	-65	-23	59	-90	48	53	-62	53	66	-15	-4	-86	-34	0	41	-62	-100	1	-56	39	-23	-95	-36	-89	8	-40	-99	34	6	29	67	-77	-36	89	-100	58	-55	-45	12	38	-60	88	-97	-65	15	-13	9	-9	94	-43	27	-24	52	-32	-62	-14	-2	62	38	-42	-24	-73	44	-83	-74	24	56	65	-39	14	85	60	-20	-81	55	-4	-61	-6	62	80	-5	65	28	14	-35	45	-41	-78	54	69	-33	9	8
-40	-85	-83	-3	-10	-34	47	-38	27	-88	-90	5	47	29	16	57	-34	-15	82	-64	71	13	96	7	-72	-69	-33	92	51	-7	-70	35	-56	-81	71	0	-91	-28	-6	7	-69	23	62	-64	-50	-66	8	70	-80	9	12	-10	14	64	31	77	25	-34	90	-78	-35	93	62	60	66	-11	3	50	81	-84	-57	35	-19	-41	-81	-22	-78	-58	22	32	-27	67	44	47	62	-42	29	73	-95	69	-21	-62	-78	-61	100	-70	9	75	57	-32
-40	-2	-71	43	-19	-27	-38	48	0	45	-48	-92	-10	65	-17	92	43	-93	-33	-50	19	27	81	59	57	-98	-15	-56	30	17	-56	79	-28	-53	18	45	44	44	83	24	-88	-20	68	52	80	68	-77	58	-79	-17	61	83	-61	24	-89	-18	74	39	-89	52	-33	-10	-74	83	-44	53	84	15	60	61	-56	42	-75	81	-93	-92	-30	34	-41	81	63	79	66	71	54	-18	66	49	-79	36	-78	-66	60	-1	-8	57	91	-1	45	-19
95	-65	100	-90	56	-36	-42	-47	41	-58	59	4	-71	-3	21	78	68	-17	91	-1	98	-52	-66	12	27	-72	95	-83	-74	15	-6	72	-94	82	24	-50	27	0	64	-44	-20	-94	-69	-51	-67	-22	99	-72	-8	66	-28	-7	-11	96	-5	3	81	-84	21	-3	-100	50	-70	-54	8	56	44	-2	16	76	-24	-40	6	-3	5	19	-38	-83	53	-63	46	76	34	59	-57	-87	-64	65	-96	94	-10	-80	-80	-51	-75	-77	-54	-4	-93	88
-40	33	-45	0	-28	7	-5	33	-1	-92	76	-28	-46	-79	-99	-83	78	46	-86	-76	-63	-20	-15	-70	19	56	-14	-76	-21	-24	20	93	-21	-79	22	91	-65	55	-33	43	6	70	81	41	8	90	-11	70	8	-85	-64	-54	8	-99	60	-17	-37	13	29	-55	-78	58	29	-18	-32	-97	-7	-33	96	33	86	88	34	74	29	-38	-49	32	72	-72	-32	-78	-22	-18	-49	-3	-9	95	-35	-97	46	27	54	48	-63	3	72	15	96	-47
-84	53	8	-13	-58	96	-56	-76	52	3	18	-7	54	50	62	-43	55	35	0	13	78	54	7	-73	-71	-1	-4	-37	-79	29	-51	-42	92	-83	-26	23	-59	-40	-19	17	-16	87	98	-73	-85	-39	-29	-71	2	-27	57	-18	-90	-56	11	49	48	-98	99	-34	65	40	-30	-72	53	-62	59	32	-81	-97	-10	-4	-7	-3	-28	19	37	50	-49	-48	92	-100	-63	88	-12	-41	-8	39	88	64	41	38	-64	81	-27	-7	41	44	20	67
-54	-8	96	64	46	77	35	17	67	-1	68	10	-62	54	-75	29	-58	-5	-91	-38	-53	57	-90	-93	-8	-55	54	-11	-63	-16	-63	-96	-33	26	-90	-25	98	91	-38	19	77	-19	61	-64	54	35	-1	-18	15	-40	81	-57	70	35	-95	-84	1	83	74	-98	-70	-36	-41	79	-10	-46	82	5	-91	-48	-98	-34	-61	24	-19	73	48	12	85	-30	88	96	19	44	22	90	21	-20	0	-10	44	-14	-20	-37	-50	-50	-50	67	84	15
47	64	-66	84	-68	77	71	-4	72	-21	-40	77	-59	-61	0	55	89	94	-66	67	96	13	93	26	-9	92	-17	50	98	71	56	-19	-37	12	-11	37	26	14	-89	6	-46	61	7	22	-11	16	-80	80	94	28	-37	-40	-69	-23	79	-27	34	43	-98	-17	-89	-64	-16	14	49	36	-35	-11	-2	44	-18	21	-54	-8	-21	-89	30	31	-73	11	-69	29	23	-18	22	17	-68	-18	95	50	-83	-13	46	1	22	71	-74	-40	97	-85
-55	35	28	-43	50	-58	-41	-5	75	-94	43	34	81	-98	9	61	-16	95	-29	-86	-25	-81	19	71	-98	-64	99	-92	-54	-55	25	36	16	58	12	40	-97	36	-62	-41	-92	30	1	-85	-35	-43	6	-83	-51	78	69	7	-48	40	18	-69	-27	26	-38	29	-60	-32	31	-65	-4	-30	-17	-55	-13	94	-28	69	-9	-7	-13	46	-73	-59	-11	-87	-39	-40	36	-46	69	17	-79	-84	91	64	-32	43	30	-90	-3	29	8	26	54	-5
-8	75	88	51	25	42	-23	-82	3	-5	-1	74	-78	-60	33	-59	-45	69	-46	1	-95	-11	-80	66	92	19	-55	-49	-37	-33	81	34	43	3	79	13	84	56	23	-77	-33	84	47	-70	-14	33	49	-79	-35	-94	-89	-48	-19	77	-98	-60	48	7	-38	49	75	85	97	69	16	-99	14	53	-47	-60	56	-83	9	-7	71	62	67	1	-1	19	-97	-75	13	41	-20	58	-98	-1	-25	-40	28	-40	-86	66	-21	62	-21	-50	97	-38
36	-19	-11	-49	-51	-16	4	-91	-53	18	54	-20	-23	13	-89	-44	22	16	-16	-11	75	-43	-73	25	44	52	-17	89	15	84	98	9	-89	20	-73	-91	-53	68	-84	-90	-90	-100	-98	-65	-3	24	55	-39	-24	61	-83	-37	-32	98	-24	-58	88	-24	24	16	97	8	-67	-78	91	41	78	70	-37	-39	80	99	-80	-1	-46	85	63	-42	-91	81	38	-6	-68	-51	-52	-47	67	20	100	47	38	79	86	-94	-75	-86	-15	50	-56	-43
-16	-31	59	6	-63	5	-22	89	8	-13	49	-87	15	4	-60	-94	4	-15	-34	29	85	60	-41	77	15	92	-8	99	40	-67	10	-25	13	84	-88	63	63	85	50	-43	-54	68	-86	-38	-52	13	-64	11	35	38	87	-98	91	15	-28	-70	77	50	-40	59	-6	24	-21	-32	45	-3	81	64	-14	-94	93	73	64	-18	-47	-24	85	46	-48	-47	93	-43	78	25	24	53	-86	68	-71	-44	5	-49	20	-80	-8	25	15	25	84	-45
41	90	-68	19	73	52	53	19	81	70	-8	68	-17	83	83	6	-20	-42	78	4	-24	-85	-70	30	94	91	34	-65	-1	46	74	30	-95	30	-30	-71	-74	-13	80	-24	-71	-38	11	23	-24	-77	81	84	47	-65	99	-100	63	61	-100	-17	-48	85	-97	-18	2	-30	-29	-57	24	-17	-27	96	54	-86	39	-71	-47	8	89	47	-39	44	-10	-5	54	-56	-52	-31	39	98	95	-14	-34	41	-16	15	-49	13	90	39	-6	13	88	-23
-11	-60	47	92	-7	-93	-66	86	42	15	-10	-30	85	-37	-20	-5	12	-37	54	86	-71	6	-98	-61	-25	-57	68	28	-74	23	5	92	73	-90	17	-8	-41	59	65	-42	1	59	-90	17	28	28	-22	90	-94	-63	38	-62	-53	24	-67	-3	3	-62	-14	-9	92	-47	-42	25	-16	-92	-45	96	0	19	47	-16	55	85	18	23	23	32	-82	73	-37	-5	15	-49	6	37	3	-34	90	-79	-82	-59	-21	6	1	78	12	36	-87	-23
60	-71	-73	-66	36	1	-82	-62	-43	68	84	83	-26	-79	-58	99	-58	33	52	-6	-4	80	-20	99	95	-10	-91	-28	11	92	-16	-54	17	60	6	-90	-57	75	-98	10	-11	88	-38	-7	24	87	47	33	-81	13	39	-15	-5	38	-28	-67	44	-33	64	23	46	-73	66	8	-36	-57	-62	59	-73	-75	39	96	17	-27	-49	89	-41	99	-44	67	11	-83	-26	8	11	62	-98	25	93	-79	-20	83	79	-54	-98	-75	52	15	-60	14
54	-29	94	11	-2	-85	47	-2	-75	96	-30	55	-26	-41	-68	-48	-74	84	43	34	-77	-75	71	63	65	62	83	-81	96	-84	91	20	40	42	-39	-63	5	78	-82	14	-89	29	6	-53	3	-37	2	49	-40	-11	28	-56	-61	83	-1	34	-17	96	-52	12	-35	26	-63	-33	-100	6	-33	83	93	69	-63	51	35	-97	-17	54	-37	29	11	-76	85	11	96	51	89	-6	-85	65	8	40	-59	89	82	-49	21	-88	-60	-10	-82	-84
-76	65	6	5	45	21	92	78	-77	-96	35	-5	-61	2	47	95	-68	-75	64	-83	-88	-8	16	72	27	-16	93	70	78	44	11	72	87	54	-27	83	-84	-18	-14	-95	37	44	-56	94	34	18	-98	15	27	13	95	2	-90	27	28	-46	-23	15	-12	-61	41	85	80	44	51	-90	61	37	85	100	-30	5	77	95	-84	95	-74	32	96	57	-93	-78	25	-69	21	96	32	-95	-100	-29	-42	-5	5	89	46	62	21	-38	-59	10
81	18	4	43	86	10	98	56	-17	-21	-97	-99	-63	-15	-88	-45	31	88	81	-30	47	90	68	12	-59	-59	-98	-36	-45	51	-6	-11	-18	4	14	-70	-54	84	-57	90	-32	70	-83	-23	60	-32	6	63	-75	45	29	96	-78	3	49	-66	-72	35	60	58	-24	-3	-36	38	30	-23	-16	78	33	-39	78	-51	25	24	-16	67	57	-98	5	-72	37	3	17	-8	54	4	1	-96	-93	-60	-72	25	36	-47	1	-38	42	-14	55	59
-16	-49	-29	-71	6	90	29	-8	84	-56	-33	-24	29	38	82	-98	-29	27	43	22	50	97	-22	-60	46	61	49	-26	55	-15	-70	-20	-29	94	77	-43	63	70	100	-95	79	18	64	-1	21	96	-30	34	-98	67	55	9	16	11	-51	-11	-25	67	35	30	-93	25	56	16	-54	90	65	-41	79	-27	94	57	-62	-53	-31	91	88	-41	80	0	11	20	79	-42	27	-2	48	-18	-65	10	-59	-19	46	15	17	-62	23	96	-55	25
-79	83	15	-29	-8	-25	88	70	4	-23	-38	-89	-50	57	15	-98	96	-90	0	95	47	-74	-27	-31	29	46	-81	82	95	-32	11	-36	-20	-4	-92	-65	-63	-32	-80	-33	37	-39	-59	7	53	54	48	93	73	-10	-64	1	-41	-90	-73	24	76	-4	-15	63	-58	45	33	9	-68	-71	-38	-85	0	96	-32	-10	77	-97	-100	-66	-80	-77	88	98	-94	54	-21	-15	-48	-72	77	17	58	-47	69	-58	-88	54	-16	19	-55	-58	3	-30
-83	-59	-49	21	78	68	-86	-36	-52	-60	60	12	-19	8	45	73	-12	-27	18	95	-64	74	58	-18	-84	10	-11	36	94	10	-57	-46	-96	-45	-99	57	-55	54	-73	55	-54	99	-51	-18	-10	6	-19	-86	94	96	55	78	-57	-47	29	-8	18	49	-83	-25	-43	-17	-1	3	9	-28	11	54	25	41	87	46	12	41	-99	3	60	7	-6	-64	81	87	48	17	-68	48	-6	-37	-55	65	-87	43	73	-78	52	-97	-21	-82	-51	-8
6	-22	-14	1	-65	100	-94	80	26	-28	-80	-62	93	-24	-73	72	46	67	72	-53	-58	-9	82	-74	-30	8	-85	-75	27	19	9	94	0	69	38	-41	-62	-77	-47	13	67	-81	67	-9	30	-11	61	-42	-23	61	-13	1	19	3	-58	66	57	-51	-59	63	-1	-57	-72	-46	-34	84	88	33	76	-88	-67	-59	-89	-13	46	-52	-11	5	89	74	37	-60	-82	-47	-72	-18	-67	4	91	-48	-71	0	4	-77	32	93	43	29	15	-75
65	39	72	31	-29	-75	-46	-83	-23	51	-41	-42	1	-2	90	22	-34	-32	41	-79	88	17	-64	59	-91	-52	72	95	-16	16	67	-35	53	-24	11	-54	94	64	-51	71	-93	25	72	-46	59	-69	-70	-51	0	-52	-37	36	-69	42	9	-73	-40	93	-6	-4	98	-40	56	-16	80	-100	30	-34	-63	-84	5	40	81	-71	65	11	-5	98	-28	-25	-28	9	-96	-98	-50	-49	-49	94	-66	-92	20	85	27	82	55	-96	16	17	-87	-76
30	-61	-57	18	12	-90	-48	26	45	88	27	-89	-52	-68	-29	24	-83	66	-28	25	-82	-16	5	35	-25	-37	71	54	-94	40	60	17	-89	24	-87	-23	-23	49	-81	22	-50	-48	8	55	-97	-47	-19	5	-42	-15	87	-89	19	9	-96	85	-88	-59	-37	13	-83	79	-86	75	-61	63	-95	14	-11	81	-69	-71	52	-79	20	-46	-53	70	-10	98	19	-88	2	26	68	21	-89	11	68	-21	-41	52	-89	-16	-50	88	94	-67	-3	79
-41	-53	-36	-94	54	-40	80	13	-66	36	75	72	-71	-99	-58	18	31	-39	-18	58	-35	-66	-67	84	-86	-42	53	-98	62	27	-79	-67	-81	-57	-66	58	-78	-73	85	53	78	-37	96	39	75	6	69	11	28	-11	-20	-98	91	91	77	58	-90	-64	-85	-47	-51	-34	78	-86	61	31	-27	-48	-35	-8	30	-43	52	17	-45	-94	-65	40	-75	1	74	-9	38	93	-27	70	19	87	16	-100	-36	56	44	-24	-26	-5	87	30	-93	25
-65	60	15	92	-11	16	28	-76	-47	-61	47	-100	86	72	-1	-44	-41	-68	-29	-58	88	27	-56	-55	71	-80	69	12	-15	-98	75	-21	31	-41	-70	56	-97	-32	-76	6	11	-2	-55	-64	-59	36	-32	72	77	-53	-42	-58	42	-80	92	-6	29	13	-71	-68	27	-8	60	-68	73	22	11	-100	5	-32	95	44	-74	-22	51	56	-36	22	17	-5	82	78	88	91	-2	-28	23	89	91	77	14	-82	39	-19	47	65	-43	39	70	36
56	37	-47	-34	-40	-100	50	-23	-80	-27	5	22	52	71	1	93	-97	-41	53	-95	94	65	88	45	-59	-67	62	65	-10	-49	-80	-67	-81	18	2	53	87	-90	30	21	74	10	14	-10	-35	65	-29	-10	-28	89	57	70	-97	-14	7	21	-50	-84	-84	65	-81	-37	56	95	-94	48	0	72	-77	56	-63	-2	48	-20	37	3	-41	45	-60	-97	-30	82	-12	30	-37	81	30	53	9	51	-68	-32	11	59	54	-39	38	57	-62	-58
-21	-74	-41	-59	98	86	44	15	75	14	-23	40	60	48	-61	-39	-71	64	98	46	79	33	-70	-43	90	-73	55	-26	-64	83	47	-18	69	4	-85	86	48	72	10	-35	17	63	77	-84	17	-17	20	33	94	2	-49	-13	64	-20	22	-56	-32	-47	-26	-60	-93	-8	83	-67	18	69	73	90	79	16	94	-14	-39	-13	52	26	25	70	55	48	19	43	64	72	6	86	82	40	46	85	57	-44	-73	-69	3	45	97	59	-21	-36
84	-90	74	-16	46	-33	89	92	-28	60	34	86	-95	-59	-11	-97	-18	-46	72	-92	-84	58	15	12	13	-6	-51	-88	-100	-27	11	-73	89	73	78	-75	62	11	-45	29	90	58	-84	-54	-24	-29	85	-61	52	65	-60	-16	-6	-96	-8	-85	-85	-9	66	99	-14	-58	-66	24	30	-4	-48	11	22	-1	-95	0	-18	85	-9	-15	-98	11	-15	-15	79	-88	-72	-38	17	23	-56	42	11	49	-77	-30	-65	36	-59	-88	-80	-51	-76	-75
-80	-74	-82	-78	68	-48	12	-19	79	-66	-80	-50	20	-34	-1	-45	-61	-16	-61	-96	-31	-22	-49	92	-78	-13	-17	58	-57	-48	-44	34	85	12	6	78	4	-15	-24	99	49	29	29	65	-94	51	-100	11	40	48	-84	69	87	-79	-50	-93	-82	-42	-6	-52	-22	-11	87	30	30	-96	59	5	82	-60	84	-26	32	25	0	-87	80	87	-52	55	2	5	32	-74	41	48	69	53	35	-81	32	63	-12	-13	-65	-35	31	-58	10	24
-43	54	-55	31	-39	-87	-16	25	-13	-37	-7	-64	-66	-19	48	45	22	-10	91	-73	46	91	-1	58	-28	63	6	-59	-48	22	-11	-98	-96	-3	90	-3	-55	76	13	67	-54	-55	-80	22	-35	-59	-43	32	-77	-74	-73	99	50	-60	-28	43	23	22	45	39	-23	35	-29	-90	52	49	99	-54	2	-80	-52	-69	17	-5	16	72	77	10	79	35	-86	48	-26	-31	58	-41	98	-66	56	-77	-50	-28	-37	16	8	65	-7	15	3	-66
42	41	-4	-88	-2	-87	99	72	61	-75	92	-94	86	-55	-54	-2	-50	67	87	-22	3	-43	69	-1	-66	74	5	23	4	54	20	-43	48	99	48	58	37	-29	-64	26	-21	-29	14	-39	30	6	-91	-66	-14	50	-40	65	-100	-84	-12	-13	-31	-40	84	-18	30	36	-32	-22	-59	-83	-45	100	81	-89	-22	49	-10	56	-61	-47	98	-67	12	-71	33	-52	-5	68	26	33	-25	-94	-98	-72	-84	-45	-11	-65	-95	-24	-30	-74	-59	21
54	-76	-87	-30	71	-33	33	-69	-43	-29	-66	75	-27	81	-93	65	-87	-38	-59	-97	83	-7	80	100	91	48	-32	68	52	-74	88	-39	15	59	-59	-46	94	-24	29	38	4	25	78	4	-19	36	47	33	88	-91	-18	84	71	-10	83	99	-21	18	28	78	-34	-91	59	100	74	28	32	4	79	47	18	-82	39	44	-24	-84	-66	25	-74	-44	21	-85	49	82	41	-77	77	-92	-18	33	11	7	20	-17	-86	-13	-14	15	45	-22
91	43	-9	-81	-77	-29	-43	-22	-18	12	-27	-53	74	8	-20	-3	48	67	83	-36	19	2	-48	-70	74	-87	-55	8	-83	55	90	29	88	56	24	-66	33	33	69	19	21	-83	60	73	93	-7	26	-21	-59	3	-95	30	-5	64	39	-27	-61	40	9	-49	41	-11	-88	4	-70	-90	58	60	-77	-87	19	-59	-11	-50	-71	71	32	-64	10	98	62	-51	-42	-37	-41	-57	13	22	14	-78	-75	100	-99	44	51	29	-47	-38	7	-21
-21	65	99	-10	16	-18	-91	-23	-70	-70	-13	51	-98	8	-22	66	32	-97	-94	-49	62	76	-57	97	13	8	52	-64	-81	-56	-30	67	72	-70	-76	43	94	-70	82	-94	-39	55	63	-18	-68	-46	-93	-10	8	-79	47	89	-66	-74	21	-91	100	45	-7	-58	55	-4	59	-50	18	54	-96	95	-97	71	-4	-91	14	4	84	33	-68	-95	32	97	89	-41	-78	-63	-27	50	71	90	74	24	10	4	-97	-95	-82	19	8	10	63	62
-53	89	73	92	-16	26	-96	11	40	-99	58	-100	-26	92	86	-75	-2	81	9	-53	-3	54	75	-58	81	47	-36	46	-22	78	-66	-89	-1	77	-33	-12	-75	-3	-5	-2	96	37	-60	31	-20	-54	-7	78	-67	84	83	88	10	18	95	-34	-46	8	-36	-64	60	46	22	-14	14	-88	-86	45	-18	15	17	51	-44	-8	65	50	16	35	57	-64	59	66	-95	99	-58	93	45	46	-69	83	-93	82	56	-27	76	18	-69	64	27	41
-56	-24	10	-56	47	61	78	57	-34	-91	-63	2	16	-92	28	3	-30	93	28	-66	87	51	82	6	45	-6	-68	-88	-90	-22	16	80	-78	88	-27	14	46	-95	42	11	55	44	-37	58	-62	-60	23	56	31	-95	27	-67	-58	50	47	38	6	-58	-10	-5	-5	9	-96	-91	22	-43	66	-66	66	-27	85	-69	-25	42	-5	-1	28	89	40	57	-72	-24	33	79	2	-27	-25	-73	-11	31	19	27	-79	-69	33	76	-67	-7	81	82
-89	92	-54	-42	-89	-33	-49	-79	31	-12	90	-58	-56	38	48	91	-86	59	-47	58	-51	70	-41	18	1	-10	89	82	-28	-50	-87	25	-96	64	45	70	-19	-34	-50	14	15	-16	-52	1	-52	-8	4	-61	59	-20	-11	13	-71	85	-86	-62	-84	47	-76	50	20	11	-82	94	94	-27	72	-23	-74	84	23	67	44	10	94	-36	8	-64	-80	7	-57	-62	-88	-98	37	63	77	94	-53	-72	-66	-65	-4	77	100	-10	-52	98	67	89
-31	-85	-67	-8	-94	12	77	74	47	-28	93	61	-33	11	-20	79	-91	55	-48	59	-100	69	32	23	-89	-92	75	-56	-100	-51	-89	-9	-75	-58	-46	60	0	12	88	-50	74	79	-92	72	86	-92	65	-84	1	80	70	-56	-41	-69	-28	-68	55	16	28	-57	-7	14	25	-74	50	-27	81	13	-97	-63	-100	30	91	2	-72	23	-17	50	78	-24	23	32	67	1	56	-9	71	44	-16	-53	38	40	17	80	-89	79	99	-44	-84	9
-14	38	49	3	25	-46	-32	-25	-89	-74	-86	-44	-56	-77	63	89	30	54	62	-58	22	60	0	93	46	-28	52	-57	-8	0	24	5	-27	67	-66	-89	1	-76	60	-28	19	-34	28	-26	18	60	11	-57	70	1	-60	-10	-50	-99	-92	39	85	42	51	95	-80	54	-12	67	14	90	-95	-3	14	-100	30	-31	24	-44	26	-41	-86	82	63	72	-1	-68	36	-75	95	40	69	100	40	48	-42	-27	51	47	39	-79	-9	93	-62	-83
17	46	-1	96	39	31	11	-59	69	-3	4	0	-54	-30	15	-30	57	-99	-99	-80	-60	-99	-42	33	19	28	0	36	92	-35	-73	80	17	57	-38	-90	-58	-57	89	58	90	-5	37	11	95	-36	0	-92	-5	-56	-18	27	68	-18	-42	-33	15	-18	-47	-96	-31	-73	-40	27	-57	24	-31	-72	43	68	83	31	30	70	76	30	76	-19	-43	31	18	77	-47	-94	28	97	-36	78	45	67	-52	48	-89	23	46	22	79	-47	-14	-13
79	-86	58	-60	90	83	-38	-22	68	-7	-24	-51	76	53	-32	76	59	-64	83	41	94	-42	-8	49	-48	-72	78	46	89	-17	-70	-57	91	-99	70	99	-36	62	-34	-88	6	-80	6	90	100	-13	8	-34	10	63	23	-20	-81	59	-60	91	-15	-82	-93	-88	0	76	-81	-90	7	-12	-44	-13	-22	-10	65	-68	98	77	40	-40	62	73	40	-25	79	9	27	96	96	7	71	-82	-73	-72	-3	17	-70	-98	6	-30	-5	90	53	59
34	-33	-82	-95	0	-97	-18	61	-33	30	-7	-77	51	-68	-100	11	-69	-77	65	30	81	91	-31	-4	-75	82	63	16	65	-40	-9	91	-28	20	-84	-46	-44	-83	-51	-42	-68	-34	-1	59	-61	15	2	49	22	19	-26	78	5	11	-50	-33	-38	-54	-72	-80	51	-98	-44	-97	92	30	9	-1	-59	54	78	73	22	-25	20	35	93	76	-57	-7	25	22	8	62	-36	0	68	80	-23	17	-50	54	-56	68	15	-57	54	-9	-49	-71
41	-7	67	97	-10	73	-31	95	-55	-70	0	8	-66	62	-56	55	5	-71	56	-64	-81	-87	72	21	92	92	0	9	-17	-39	65	27	-85	-21	-62	26	-69	19	94	-33	84	68	-76	2	-42	-29	-12	-29	66	-83	-83	45	-92	24	37	-48	-61	13	-50	40	-46	20	54	0	-39	95	16	94	52	-32	58	72	-54	42	9	67	84	83	-62	13	-72	-27	-16	5	-42	-90	-66	-87	5	10	-4	-65	-86	-59	-41	69	12	-24	-34	-25
-54	10	-60	92	94	96	-32	-81	-50	60	-51	-73	49	-17	-44	-14	22	99	-57	49	-20	35	29	-98	-3	49	44	-21	-47	74	-82	3	19	10	12	-56	-34	74	65	-82	-24	70	-66	-43	-37	-17	-25	-23	-25	-19	38	63	84	-66	38	38	28	65	73	-36	70	-80	54	64	-49	30	-51	-95	-44	91	24	90	27	20	72	-27	-42	29	-25	60	-74	40	-79	96	11	-30	-58	-64	30	-1	21	-55	-63	16	-23	-36	71	-19	88	57
56	28	97	-90	-86	95	-38	-54	-64	56	-44	-58	-97	-78	-82	2	-16	-56	-72	-54	-39	62	-25	-85	-37	-8	19	-81	-26	49	51	8	85	70	89	40	53	19	61	-87	47	-27	-70	-49	39	47	3	-6	-48	78	-45	45	-51	-64	-2	-79	-12	-33	58	29	-86	3	95	2	76	31	-64	-19	78	-96	-63	-63	-97	72	-80	66	-55	52	51	-57	-96	20	-70	-73	21	-85	-29	57	38	17	86	55	-18	66	-45	63	-16	-64	15	99
-20	31	-81	-16	99	86	60	-7	-90	96	61	91	83	-87	-5	-96	16	83	-91	3	97	47	-73	-27	92	39	10	29	92	68	-54	-97	-15	47	96	-54	-64	90	-86	24	97	41	-86	-85	25	-51	-72	-80	17	81	67	41	14	-89	-37	64	-44	-46	67	-17	20	9	82	-67	-32	98	-59	-17	-8	-3	-44	-21	-37	76	25	63	71	78	-87	-69	25	-87	74	-71	75	-67	14	89	-27	56	5	38	18	55	-66	7	-28	-10	75	62
-82	-59	-50	43	91	-67	-90	-100	17	-60	-64	51	93	72	68	25	41	55	24	-74	37	39	-26	58	-49	-11	32	49	81	-85	-80	23	-67	72	3	-99	19	18	-30	93	-32	0	18	66	-24	70	1	-18	-55	74	-30	78	26	8	-27	82	-11	-21	12	53	81	50	-2	-26	10	44	11	36	-75	-24	-15	-68	-79	-34	78	87	-37	-47	14	-82	-1	8	9	78	87	-99	97	-42	5	100	-86	-14	-9	60	74	-36	-62	74	-4	92
30	58	66	-42	26	59	-87	54	-57	-93	11	94	-54	9	38	39	-86	-86	-70	78	60	-68	91	54	61	97	6	41	-57	-22	-14	92	22	-49	-5	-31	22	-67	-66	1	-51	23	-73	-80	-62	34	90	67	-33	-83	80	80	-94	-30	-64	76	36	51	29	-68	99	-61	-62	23	-7	41	-91	-84	19	93	56	-56	54	-86	-35	-42	-88	22	-54	-15	78	43	-94	38	-99	55	41	53	2	66	84	-3	74	41	84	-76	-53	-69	89	-65
37	39	6	-64	-79	7	-86	-22	-6	56	73	16	36	-56	-2	55	10	22	80	-38	-21	-76	-95	81	-83	-88	15	-69	9	-27	39	-47	-14	2	-16	-26	-47	-93	10	12	95	20	-35	-17	-89	27	63	14	-66	-44	98	10	-18	-45	-65	-76	-49	70	10	35	86	-26	49	-33	75	-38	-35	-80	34	-59	15	-64	52	-23	35	0	91	69	-76	-87	29	35	-10	97	-30	-45	-7	-65	69	12	77	-77	-26	94	-30	42	40	-25	45	-38
97	41	14	-26	38	95	100	63	100	-9	-25	-56	-32	-71	2	33	89	-62	65	33	13	5	85	-48	-94	-5	-24	21	24	80	-84	63	-43	65	43	29	87	82	-72	82	33	63	37	-58	-27	72	4	61	-48	44	34	-3	-1	48	69	-3	-61	9	-25	-60	-50	-13	-19	19	-26	-57	21	-79	50	-100	46	-34	83	60	18	-64	-68	-19	19	-42	2	-75	27	22	-94	45	70	55	87	-57	42	-45	-92	-61	69	-9	-66	-41	74	-66
-76	78	-94	-50	26	83	-47	-51	42	53	-87	30	-17	62	17	-31	29	-9	11	92	47	25	64	96	-18	60	-55	73	-20	78	20	53	63	-96	-77	-78	-68	-91	-89	58	-88	61	-60	31	-13	60	-2	74	39	86	0	-69	11	49	54	-75	-18	-83	-62	82	-97	71	-49	-51	-95	6	64	52	-57	-94	-13	-47	-21	-93	98	-23	-42	0	-89	-85	86	-48	-54	-14	-2	20	42	70	-61	8	31	71	53	64	27	31	-83	-49	-73	45
70	1	63	-65	-96	-92	-46	-28	53	-69	-16	-28	-96	-4	-33	65	58	-75	-67	-22	-98	22	-100	84	-14	18	45	57	-48	-83	-49	-64	13	-77	-46	-47	-29	-74	-42	41	-33	79	-74	99	0	76	90	54	98	3	-99	82	-70	-85	74	2	74	59	-84	-81	-39	30	-60	92	24	81	33	-32	53	42	18	-60	-65	13	76	94	25	53	-77	91	1	-35	45	-54	78	-15	-91	-92	74	-59	-45	17	-47	59	-20	61	-2	-80	-62	33
-40	-45	-29	-13	4	-5	25	-90	21	30	-21	78	-13	-2	-36	-2	-88	-69	-78	52	17	-26	90	19	28	54	81	17	-54	23	-74	95	29	32	56	-42	7	20	-79	-28	18	-4	-7	-35	-49	54	77	2	67	-30	-57	-66	-53	75	-54	97	-30	89	-90	-56	71	59	90	-28	-25	-12	72	17	-31	63	18	-97	-22	25	-97	-96	27	45	82	28	88	-80	-44	-60	49	-94	-85	53	46	93	-99	-17	70	-4	76	82	-5	49	-16	-53
-12	-58	-86	-85	52	3	-53	85	72	20	-20	18	-59	-46	-81	-72	60	93	64	-99	-15	-80	-43	30	63	-32	42	-51	46	27	-81	21	-40	46	-50	49	86	-85	-25	14	3	8	73	21	59	-60	98	85	-72	-12	39	41	58	-49	76	-72	-82	77	-85	38	-97	53	-16	-45	83	-68	-98	96	-81	-78	-19	-87	10	-6	-20	-44	-36	19	-25	55	85	-7	49	-56	-9	-74	15	38	-55	-35	-96	-4	-86	-13	-57	53	23	-49	89	66
63	-6	-13	95	-72	37	71	80	69	84	-80	-69	-34	30	76	64	47	-22	80	-95	-45	7	42	20	4	-26	-71	-15	-70	-52	25	61	17	20	-46	25	-11	-19	6	-86	14	-40	22	53	-64	-22	53	-5	88	95	-97	-56	16	-100	-74	43	53	-23	29	69	-19	30	-34	19	-32	-62	-19	-83	87	16	17	-28	66	74	71	-67	78	-50	5	-78	75	-55	-9	43	-60	-79	-13	-20	26	44	98	52	-60	-16	97	27	-97	45	-50	15
57	5	4	-96	1	38	65	78	-80	45	-52	-42	31	-55	-92	81	-65	2	-75	-75	-36	84	-46	-47	56	-88	-34	67	14	85	68	-31	-80	-52	94	21	-36	14	-99	-29	-89	-13	-56	-93	84	26	-41	98	-77	-9	-85	33	-45	-65	-19	-46	-28	85	-48	49	-25	-95	-60	63	11	-53	84	17	-90	-57	77	-40	-20	-62	9	73	-73	50	-25	-41	-44	58	-67	-55	38	54	-59	-99	-48	72	-2	74	-26	-47	-59	-54	-31	71	55	40
70	-89	43	-90	86	-11	74	26	-85	86	23	-45	-53	-78	32	-87	0	-10	-66	11	72	-34	47	63	43	44	-21	10	-58	-92	-51	-46	-31	88	-68	-10	98	19	-30	-2	41	-42	-34	40	-9	83	50	26	17	-59	95	73	53	39	2	-21	-59	81	-22	-97	-75	-12	40	-20	-29	100	-25	-19	-71	-88	-77	-89	-56	74	48	-39	-6	-42	-69	-64	40	0	-31	-1	-52	8	-41	8	34	94	-48	91	68	87	81	-2	93	-27	60	21
49	-79	-88	-85	-9	-13	73	72	40	5	67	-46	5	-66	29	-13	83	48	3	-93	24	-91	-92	4	0	-5	-88	-96	39	21	65	-39	42	47	90	-91	28	15	92	-51	-49	-53	29	-20	-31	-25	16	-8	-70	26	-82	-80	-26	-35	-11	-25	-89	31	53	26	68	-52	-27	99	95	44	68	-35	-44	-4	-45	-26	86	-14	14	-7	6	-33	0	23	-4	-85	-78	59	32	-76	-14	-84	-44	-77	22	-93	66	9	71	14	68	-57	72	97
96	88	18	-79	-4	-14	-52	-85	11	11	15	32	94	-24	-69	61	92	-33	59	54	-6	-42	79	77	-24	-22	-4	63	73	-8	21	6	-36	-77	-63	-11	-35	50	-90	-100	-26	-66	66	-91	-6	11	-34	-23	-56	-33	91	100	-7	-47	91	-63	-20	-63	-90	-21	83	59	54	-76	27	-76	27	-63	-71	14	63	-7	100	82	63	83	-39	-96	85	21	-21	1	-52	-48	93	64	74	25	11	-83	82	22	59	16	36	-70	64	-3	-8	22
-60	85	92	-14	67	-47	68	39	-74	-10	-45	-25	11	-69	-50	-100	6	-58	90	73	20	79	7	-91	-62	-17	-29	-79	-93	-8	-1	76	-9	100	-93	-62	-4	57	-25	-71	24	-97	-60	96	88	-50	-6	-94	-11	-80	99	-89	19	-85	-1	-98	-52	94	-52	-51	85	27	-30	-43	63	10	48	39	89	79	94	31	79	-21	-76	40	23	-32	-91	-94	19	76	-50	-60	31	-3	-31	-82	-10	-96	60	-24	2	-83	67	-78	-29	-16	1	57
-50	-49	97	-43	71	2	-55	-69	87	81	-95	-15	-11	-98	12	6	93	-15	37	19	-71	-73	-16	53	0	77	-68	-73	9	62	-23	51	97	7	-7	52	77	-3	75	95	75	59	-74	-29	-31	-29	-25	-69	73	81	69	-24	11	-93	72	-38	-69	-1	19	55	63	-12	-13	-41	-59	-76	50	-30	7	-42	25	-62	87	6	-99	91	11	24	-27	96	83	-47	-49	-2	-70	-29	29	88	29	29	85	86	74	13	-37	-82	44	97	-37	47
6	49	-100	18	-44	-50	55	75	83	-79	-32	-15	65	-36	0	-47	72	81	66	51	-72	-43	-26	-30	32	-63	-31	40	4	90	47	-54	100	60	98	-25	-36	-72	63	-29	96	-96	10	-15	93	47	-1	15	-56	83	35	22	1	95	74	83	29	26	-60	-2	29	-60	25	-57	66	46	15	-27	-61	-30	-12	-12	-51	21	-95	30	-71	-51	-18	-80	-91	8	-61	-13	38	-64	-60	-34	2	81	-41	-18	-32	53	67	-56	49	-61	6	-63
85	86	-98	-26	56	-51	92	77	-17	-17	-93	44	45	-44	-26	-97	97	-29	-4	63	-81	-63	63	-43	-33	30	-95	-5	30	-26	-29	65	-40	4	-85	73	-42	-87	-7	-40	-69	44	55	42	17	83	19	-10	-98	34	-23	43	-73	-78	93	-65	55	34	-34	-50	-50	-41	-87	57	10	-56	84	-46	-54	-83	17	-83	51	-88	24	-42	-4	-1	-13	36	-5	93	-80	-74	-60	78	65	18	52	-98	-70	29	47	31	37	89	-45	58	18	-78
-56	75	44	52	77	92	-63	70	-16	-3	100	-3	-5	-8	65	21	-21	67	-31	-20	-1	-25	67	57	87	-81	-86	-25	73	-34	60	-6	-5	-96	-93	-9	79	85	10	85	93	-30	16	80	-50	-24	71	80	63	66	94	41	80	3	60	13	-28	36	-66	-97	-67	8	42	33	25	-47	-34	-97	56	-90	51	29	84	67	12	-79	-73	-24	79	-93	-54	-33	41	72	47	-17	-35	21	-19	67	9	-93	-97	-72	96	83	-2	-79	24	94
-12	-3	97	-77	-17	12	69	30	-61	43	37	-66	29	68	-94	24	4	56	-51	-55	11	-84	-10	27	-78	-70	-48	64	-1	-55	-63	25	52	27	-71	-1	0	-46	-52	-14	-39	-52	12	-56	99	-89	-57	-7	-27	0	25	-49	-89	-59	67	33	-27	-23	-15	-34	56	37	19	63	64	-32	50	78	-65	-13	55	8	-53	-99	68	-72	91	79	-69	-68	25	81	-66	-46	-15	54	-19	4	90	-11	64	20	48	-56	32	56	69	-73	-90	24
49	-3	-99	50	89	95	14	71	-95	62	6	53	-50	99	54	71	20	33	65	-72	-4	29	14	10	-59	31	-17	52	98	-32	44	-81	36	75	32	50	-66	16	0	95	45	52	-16	-50	3	-26	30	-48	-52	48	31	13	-78	-5	79	-2	72	-54	7	76	-68	71	-46	60	-29	2	33	-26	3	34	-74	-28	22	94	-45	66	-32	-95	63	-87	24	-74	47	34	46	-61	58	-69	-36	-45	66	-18	7	71	15	42	86	-81	-34	-25
