70	-83	99	-54	-84	-88	82	-96	84	-11	-89	-65	63	65	-64	-98	-67	68	-73	78	57	-11	-16	-49	44	82	32	-24	-18	37	20	26	42	42	36	-73	-39	2	-82	-45	8	34	100	47	-84	-27	83	9	79	-11	98	-18	-50	-84	-18	93	73	12	-21	-85	-86	-39	46	-24	93	-83	72	95	37	31	37	48	48	-25	7	62	-49	37	89	-18	-59	-75	-52	47	-55	42	31	-100	-3	-81	91	-23	89	85	-9	60	-33	-55	26	49
-3	-19	52	66	-24	74	13	39	84	27	-64	-62	71	51	-4	6	-84	50	22	-36	71	38	76	-55	-82	-46	-51	91	45	7	-84	84	81	-13	47	-1	27	30	73	41	8	-92	-1	95	60	-65	3	-27	72	-5	91	13	16	-33	81	-40	46	-15	64	93	-61	20	-19	60	-26	57	-90	22	79	100	-2	-12	-15	-100	48	-45	23	90	84	-66	-6	-72	25	-85	76	14	11	96	-1	-95	74	-17	-70	36	64	-63	82	15	-17	-43
2	-99	-21	79	-18	-47	2	0	32	-88	-23	7	57	62	-95	81	19	23	30	-39	74	-73	53	88	43	2	-5	78	1	-65	26	-31	-39	79	-7	-28	-31	-31	-76	71	100	-14	-90	-95	-76	35	-31	70	16	48	49	-92	-4	-7	46	-35	-68	-17	-83	41	-93	-87	-13	99	-25	77	-58	74	79	41	47	45	81	49	35	64	10	-100	83	71	-75	-80	26	-99	65	66	37	-74	75	-48	-1	-68	-88	-3	-24	79	-49	7	-25	40
-21	-22	-25	-31	90	-17	-14	-50	-86	53	-51	-36	-46	48	-46	-60	-55	-56	-52	86	96	-67	-53	-31	61	68	-14	92	67	90	46	68	-83	34	-20	5	54	59	-96	76	8	-87	45	11	99	-41	25	-17	-12	-36	13	54	84	6	-22	66	-99	51	63	-3	-7	57	38	-46	-77	-4	-62	-99	-77	80	10	-76	-95	25	-94	-68	-18	-83	-71	97	73	-99	-35	-26	32	-11	74	71	-48	-76	66	25	83	58	39	67	64	-18	-40	-45
89	-18	27	-58	24	-33	67	-71	17	-20	-23	88	76	-58	-16	-41	99	-100	68	83	-81	-47	-72	-73	66	-21	-81	-65	40	-75	-32	-38	89	-26	46	-63	-19	-57	-24	27	-78	74	-87	-91	40	-60	-38	68	60	24	-8	43	-84	98	-83	43	-35	-9	-47	15	-30	39	22	-22	-70	12	31	-1	68	-95	-74	-8	60	-8	-97	-29	-98	6	-37	-6	-13	-24	12	9	24	84	-8	6	49	60	84	-66	-13	-82	41	53	24	34	17	-51
16	91	-15	5	-42	-77	28	26	-70	29	33	-22	-48	-59	-39	-93	-45	53	29	-100	-30	-23	28	50	95	-3	55	100	19	5	18	21	-52	79	-9	46	-72	-20	88	100	-56	29	-38	79	32	24	63	-83	30	-69	-31	-23	81	-83	-88	60	4	36	45	5	71	64	8	-83	16	51	59	-4	-95	39	-50	90	-62	-22	95	-9	17	-4	-52	33	-29	-22	-8	-29	57	-35	60	28	7	-91	79	72	47	-93	-61	-84	79	72	-51	-34
43	-34	32	18	53	-21	54	70	-43	15	12	18	82	46	-69	37	2	64	61	62	-45	-29	-77	-29	58	74	42	88	62	-62	98	-81	-27	46	68	-88	-63	49	57	48	-23	-9	95	-75	-15	25	-34	-3	56	87	35	-34	39	-39	-45	-23	81	-38	-71	-57	-100	-51	86	-91	-98	-60	-32	-53	66	21	34	6	-71	65	-92	-7	28	47	60	-27	-53	-64	91	-78	40	55	9	-15	-22	84	71	63	36	-36	-59	8	29	-72	98	79
-73	25	17	88	83	-58	40	-79	-37	82	-70	-15	8	-48	-74	68	84	-90	-76	42	98	1	-40	-4	-85	-15	92	-67	-74	-80	45	45	-37	-94	62	61	-12	43	-36	52	-90	34	98	1	-44	71	-22	31	-72	54	-64	-77	-56	-8	-16	93	9	-78	61	94	-9	-12	29	-63	89	31	86	-36	-88	73	-65	-79	-94	6	-97	-2	-73	-17	-90	78	5	53	-60	20	-12	-63	-27	-42	45	61	-90	-93	95	-89	29	86	96	50	-96	50
40	77	17	-93	10	28	-78	94	-2	33	-97	100	38	-19	62	-4	-18	-33	-18	-81	-4	74	-79	39	90	-61	87	-29	-45	61	-25	86	-97	-83	-88	-47	8	2	-5	-75	-21	42	71	50	-28	-26	95	-54	-54	-37	-94	70	54	76	29	-49	-23	-34	-50	26	13	-71	12	-89	-58	-32	12	84	-36	-15	98	96	94	1	50	-88	96	-68	56	57	-59	23	39	-24	58	47	-59	12	10	-73	-9	73	-83	76	9	97	-53	-12	-60	-90
-75	-54	80	94	7	25	-2	-20	45	-15	26	-23	30	-9	30	-82	-85	90	60	70	35	-26	80	-95	-6	78	-9	36	37	30	-89	-8	-17	-14	-77	-24	-69	-1	-21	-13	-89	77	-33	-51	33	71	-75	-87	-79	79	-20	76	58	66	-22	-29	44	41	18	-29	15	94	-76	73	56	34	-54	93	79	-77	95	85	-82	-36	-62	55	-47	85	22	40	30	62	24	-46	98	-69	-58	22	91	4	43	42	-34	-87	93	-19	44	17	-13	-62
6	-98	35	49	29	-21	-22	78	91	-86	-99	0	-68	-93	-72	-26	36	47	-4	-84	7	-24	11	-84	22	27	-26	99	-45	99	-75	-42	-19	-74	64	33	-64	64	58	10	-68	-51	0	-41	40	-15	-33	-62	-44	-87	-21	-44	56	-73	45	29	-89	5	25	53	73	-39	32	-23	-28	-56	99	-11	-49	57	33	-89	-84	-45	-27	5	-12	31	-44	0	-5	50	-4	-70	63	-38	3	18	32	-73	-46	-70	-3	5	-51	-28	6	17	-47	55
97	-14	-19	-45	-71	34	-95	-45	-84	49	-52	24	85	-75	87	84	-27	-67	-26	-34	-78	-40	8	-91	-29	-2	-65	21	93	34	62	-44	-36	-78	47	22	-66	17	-20	-82	-82	-39	-97	-69	-44	-36	-57	-12	13	76	72	63	67	1	77	-88	-53	50	-48	-95	-99	-1	-61	61	-68	-54	51	-51	100	-28	59	89	-20	1	37	68	15	-4	68	65	85	-25	54	-89	-46	57	-97	92	87	-81	-83	85	-63	-55	7	42	58	-91	-92	74
77	33	-41	39	-31	23	-25	51	-72	92	-73	-10	-7	-9	4	-27	52	6	-97	40	24	-65	-79	25	-39	-79	57	-6	-53	21	-12	-79	-14	-86	-80	-30	17	60	85	-54	24	56	-53	24	-44	91	-21	-67	64	11	3	34	52	81	69	-7	7	0	24	80	3	-41	65	-63	1	-64	-21	3	-4	-97	8	-11	-9	88	67	92	70	-20	-7	-22	-92	66	-54	-12	-2	57	-10	10	4	-9	95	1	2	98	-25	-53	51	84	7	-75
-19	91	-1	38	70	34	-29	-79	99	-80	-8	39	95	-3	74	-68	-15	-78	39	-23	59	70	-23	64	-30	-90	72	47	20	-30	61	90	47	58	65	88	69	-24	-87	97	67	17	-8	-59	-80	67	-30	-63	-69	-73	43	-52	5	76	-93	25	4	9	1	-7	87	-72	45	-100	83	95	-61	17	89	98	-2	16	45	-32	-80	-97	-84	10	-73	5	68	-80	-84	20	-10	-53	16	-25	-97	7	20	-54	13	-30	-52	-5	81	29	53	20
48	30	-1	-66	68	-65	40	-67	58	-96	-92	62	14	-32	-64	48	-25	-73	-94	-64	13	-27	76	30	34	82	-53	73	-96	-22	-85	-56	-75	-3	-41	-11	-6	-51	42	-76	-5	-62	-22	1	-54	-61	43	-47	-87	-2	61	-69	97	45	-85	-37	61	67	4	4	13	-87	66	-25	66	-13	-67	92	-39	-74	100	-14	46	52	90	9	2	-1	48	1	-41	43	-28	-26	-23	-100	34	-16	-63	68	-55	59	-65	52	61	-100	-89	-90	-18	-83
-54	-99	33	22	-79	-100	100	-13	-7	62	48	-96	-53	87	27	90	-70	67	17	-75	-25	-6	90	-87	-3	83	-67	24	55	-24	70	-55	12	-24	70	82	-46	-97	17	-50	-71	77	-68	-10	-36	51	43	-64	80	-86	-51	20	-70	-47	-74	-20	96	-76	-35	-75	4	-67	-5	-55	34	-29	79	-96	-78	-38	8	33	54	4	-29	-72	44	-80	-51	60	-4	-65	-49	-68	13	-35	-63	81	99	51	-90	-1	4	20	-60	-39	-83	-10	-95	2
-80	-72	88	-18	20	-38	-97	-40	83	66	92	-94	74	-98	-6	-49	5	-88	-72	35	97	-8	10	67	-32	-46	-13	-92	65	-57	89	15	64	-3	99	-7	42	3	-77	-95	-80	-37	-5	89	-79	8	-55	72	-57	-15	-96	55	-89	9	-93	97	11	25	24	-72	11	-66	19	7	68	87	66	-92	55	52	32	-88	12	-82	-15	25	75	-98	44	2	-88	-86	20	-40	18	-2	-6	-18	-12	92	-27	-1	36	-86	74	7	-15	-66	-80	-35
36	-6	-67	68	13	-70	6	-72	48	91	93	-70	-80	-4	-27	-86	17	-21	-56	33	-27	61	-97	40	-50	15	70	-10	-9	70	-95	-33	36	-31	97	52	-36	-60	-35	-13	47	-93	31	-96	-7	-50	98	-73	38	48	-73	58	5	-94	-33	61	86	59	-27	-79	-11	-90	73	45	-36	-77	-9	95	64	3	60	91	-66	42	94	-95	90	25	-32	-26	-39	-42	86	-40	69	70	-85	24	-63	57	-2	63	0	39	-19	-21	84	14	86	-60
83	95	-27	92	54	-34	63	75	-96	47	-100	7	-1	59	27	-24	52	-26	-11	37	-49	37	-17	35	63	78	71	47	39	-93	33	94	8	-88	100	-9	-47	-19	-81	-96	25	0	-57	-11	90	-77	7	94	-89	11	40	56	13	-9	8	62	-15	-1	-59	-74	17	8	-59	10	7	-58	-37	-77	7	-17	18	-78	-33	-17	-75	87	-19	99	-62	44	79	12	73	-66	-45	81	-57	94	-13	-84	78	1	-11	-8	-100	-60	-37	65	-47	62
11	73	34	-18	-28	-91	-9	96	43	36	51	72	-41	1	-52	-38	-44	-36	-10	-49	49	-63	40	26	-56	-12	27	36	-82	27	88	33	-21	-56	-19	-48	52	-78	-60	33	-53	-58	40	43	87	-51	-2	-68	-57	22	89	81	-92	17	-1	45	-72	64	-5	-69	-9	42	100	-83	-35	-45	12	-92	28	68	96	100	-42	58	-16	86	-81	25	-4	-59	77	71	-69	-52	-8	-54	-35	5	32	56	-2	-61	-24	-48	-57	51	-83	22	76	32
82	3	92	64	-52	-62	67	-92	10	-72	73	-58	-1	81	69	27	93	-41	-96	-31	-1	16	-75	6	-14	75	-71	-19	76	-60	-80	99	3	-13	-39	60	-67	46	-9	9	68	49	-98	-44	-42	-16	18	-18	13	76	-71	-5	-34	49	19	-98	-65	15	44	49	-96	-46	-87	25	-97	3	24	-35	88	-35	-73	-77	-28	-9	88	33	31	37	74	-69	96	62	-76	-61	3	7	-61	-63	-82	-7	-47	-31	58	83	-33	13	25	-67	62	-27
-36	-98	-54	94	-22	20	69	33	89	60	96	-25	-74	3	63	89	38	29	-88	-23	-41	-14	48	5	32	5	63	-85	12	-44	31	-82	41	62	94	-6	68	-6	-92	-18	49	-24	-75	-66	-51	-69	-26	57	43	-4	-27	-82	39	-88	43	27	33	22	23	-63	-37	-42	8	-24	-33	-61	11	-100	-63	43	-19	23	65	53	-98	-86	-48	87	-58	-37	74	16	-96	27	73	-99	-45	96	-100	-1	51	59	-40	30	88	27	-94	-72	35	68
40	-4	11	0	25	-3	57	-73	77	5	-68	42	-18	75	45	-33	4	76	-16	95	-99	-16	-64	98	18	39	-73	27	74	97	96	31	-99	-24	-66	-9	12	82	-76	-72	-85	-73	61	71	-18	70	10	79	95	76	-30	63	-28	76	-67	-73	47	28	54	44	-11	-33	7	-90	59	-94	-41	20	-12	48	-30	56	-38	15	0	-52	-56	21	-62	39	87	61	-45	9	-20	-67	-11	27	-60	88	12	-98	46	78	19	-16	99	-6	64	58
-34	83	-80	-82	-92	92	81	100	74	98	-22	47	-60	55	-52	-95	-52	98	-46	12	-76	-60	93	80	-27	-64	21	-67	90	-78	62	-68	-14	51	-22	-6	83	-35	24	-17	100	-23	-75	95	35	3	90	7	98	-96	-18	11	99	-51	1	-72	33	3	16	-23	-52	-7	20	14	-16	62	-67	-61	-41	91	75	31	-28	19	-98	-84	98	-88	96	19	67	-25	28	-86	85	-95	-84	-39	-97	-95	-88	36	44	98	-17	36	-29	-30	37	92
94	33	-45	22	46	10	-74	-86	68	9	-49	-39	-71	61	-68	-48	-80	-61	63	48	-51	40	12	-32	89	-50	-80	5	49	-56	22	24	15	5	83	-55	17	94	-20	70	-27	-92	55	-71	-5	-53	-16	35	7	52	41	96	83	0	88	-79	15	1	18	73	-4	52	-70	31	79	26	8	-21	-23	-60	-11	76	6	-15	-28	15	13	-6	25	-36	90	94	95	-36	64	36	43	-90	-1	-42	78	40	-36	93	52	95	48	-15	32	-6
-85	-28	-44	-50	-70	91	-21	5	-83	84	-4	-83	16	-39	21	50	3	-41	92	-31	30	79	24	-81	-22	-27	23	-100	-82	2	3	1	50	-38	-95	31	-86	-91	99	53	-53	-99	86	-23	-100	-54	-27	-76	-19	-86	21	-36	-98	-32	-31	-78	-74	-28	-88	-10	40	85	-80	-20	100	95	-28	51	35	13	80	-45	-51	98	11	-55	86	18	-15	-66	43	39	-70	-78	65	-4	13	40	92	97	46	-34	-14	63	50	59	-2	59	65	0
35	43	-4	58	35	-29	-73	73	13	-44	-21	29	88	-22	-77	-81	98	-16	61	97	-92	94	-89	-97	-98	74	44	-1	24	94	-38	16	57	-5	16	83	17	-98	-54	46	-93	-31	-80	67	6	8	99	81	-84	47	79	42	-52	-73	-95	-57	68	90	68	-2	-35	-53	-87	98	-49	1	-24	-42	-43	12	90	12	-97	-83	-68	-39	-91	-65	93	72	-34	21	-64	65	-99	-96	40	95	64	-42	-88	43	29	-21	51	-87	-58	83	10	-63
20	50	67	-3	74	86	77	61	21	-20	26	8	-41	-43	-6	48	-79	-5	93	75	59	-1	81	-56	50	-93	26	27	15	-73	31	-60	85	-27	66	12	94	-91	37	40	-61	-73	39	-48	66	76	-84	-85	24	27	24	62	81	-73	67	-98	-16	-26	-6	53	76	63	-82	-15	23	-3	49	93	45	-100	-54	26	-5	46	-59	-56	65	12	-17	-18	43	17	71	10	67	-45	23	-4	-1	-19	40	93	-38	-70	-8	-66	-58	99	88	-3
-29	-71	81	75	8	-35	92	-84	-50	30	78	25	50	16	-75	93	-86	16	43	-66	-52	-7	90	-66	-71	85	-1	-23	67	5	-65	-43	6	-4	91	63	-18	-6	87	100	-59	37	-84	-8	33	-92	-52	-6	83	27	61	-3	-43	-63	6	-2	31	62	-3	0	-93	-97	-84	-88	-2	61	53	-88	-12	-37	-97	77	47	74	47	38	-99	0	21	49	-9	28	-49	93	48	-66	26	-29	48	26	-71	-43	-50	92	56	-82	-85	92	29	91
14	5	77	-33	59	-13	-98	-15	-100	-76	97	-55	-51	98	-63	-46	18	50	-69	86	-14	-64	-91	80	-30	-94	81	72	13	1	-23	-10	88	24	58	-30	-5	-90	-67	55	-38	48	-97	23	-3	-77	-43	-82	25	-55	42	-22	-5	58	100	10	-10	78	4	37	4	-3	-58	-67	85	15	-62	-26	-64	-80	29	-92	-96	68	-61	5	15	74	-50	-50	87	-9	63	28	-28	-91	-17	-95	98	-28	-83	-51	-18	83	19	4	-4	-83	61	13
83	-22	35	-1	25	-22	98	-55	-86	50	63	-7	-47	0	37	-47	-27	48	57	2	-66	-5	74	20	-22	-38	27	-98	59	-52	99	36	-67	-80	-23	87	41	6	37	48	66	-35	-13	73	-89	25	-31	43	-53	-51	-96	-7	-25	71	84	-96	-79	88	12	-85	52	56	-53	-64	53	-30	15	62	-2	-63	-42	-43	-61	79	96	36	-76	74	-16	38	49	38	-92	71	-60	-45	-38	35	-32	-51	83	-56	-70	-74	93	28	-16	-98	48	-34
99	-44	-89	-2	-46	2	-49	-70	-42	97	86	21	91	78	-95	-11	52	-16	-70	82	-51	-17	-42	0	-42	87	63	-28	-10	-62	16	12	66	-34	86	-52	14	33	47	88	7	-92	-26	9	-80	-3	-96	-18	41	30	-86	39	82	-83	-49	68	96	-6	15	-82	67	48	-58	-46	34	16	-22	-98	-54	0	97	3	-98	-36	-10	-92	-11	-53	15	99	95	93	69	-92	30	24	25	-97	66	60	57	-45	88	-76	-46	-21	-11	-19	-80	41
-20	31	-100	43	-70	-90	-80	-49	69	80	-1	-85	-31	-78	-91	0	27	-24	-26	32	-45	30	-76	83	-13	-57	95	2	30	-12	48	-50	17	-3	23	-89	85	45	-44	86	-47	26	-11	88	84	-10	57	18	-77	82	-60	-54	-41	55	-60	22	34	3	-36	-4	-20	-58	-21	78	98	-47	38	87	-57	-22	-56	-17	8	45	90	48	62	88	17	-29	-85	-29	91	-56	59	-73	0	-82	-71	5	59	-40	8	73	-4	52	33	39	41	0
69	-90	-54	-66	-80	-81	-22	-62	-51	-77	-29	69	-19	39	67	74	-21	95	71	81	67	89	81	45	-45	-60	64	99	-42	-29	58	95	81	90	-5	2	-90	46	89	-78	4	-21	-19	16	39	60	72	65	73	-50	-53	-66	12	51	-42	-77	-67	23	-63	56	-79	1	62	-93	96	34	71	-50	95	-64	10	-64	22	-64	6	-48	89	-2	93	-59	-24	69	-84	-92	-97	-93	7	-37	-82	35	-41	10	-55	-37	-30	35	-95	-88	95	97
75	-31	49	31	48	-80	10	-19	-48	29	8	-33	-30	70	90	-4	-77	-41	-60	30	-40	52	40	-96	45	29	-65	64	40	88	-15	7	-71	1	22	-37	-15	-41	72	67	34	-45	-14	57	-46	61	-16	-24	44	2	-27	53	-82	17	5	44	-64	44	-55	-59	-38	-87	54	-18	53	17	-39	-68	89	24	19	-86	-60	-62	-8	-47	-15	-8	94	55	-26	20	7	3	-30	-7	-63	35	-88	-84	67	83	94	-3	81	-74	-96	-30	-46	79
-63	-32	39	-45	66	50	-36	61	88	-52	13	-17	60	23	68	-50	-6	-65	87	-44	-8	-87	53	-81	63	-19	-69	-62	-45	67	-19	-21	-74	-38	71	70	55	-71	80	-88	-73	13	-18	-68	34	-52	1	-73	16	-24	-7	-9	-83	-66	-87	-82	-51	13	-29	52	-80	29	50	53	-31	23	-53	64	-64	11	90	24	-3	64	-26	26	40	65	-3	48	61	84	-27	69	22	-80	-24	12	70	9	-76	-69	19	36	0	40	46	-1	-96	3
-92	-79	-10	-67	-34	89	18	66	24	72	-61	49	-32	-62	78	55	23	66	-19	26	-39	-8	99	-88	-14	-11	95	-42	63	-58	28	36	46	-9	-51	-5	-77	-54	56	10	57	-19	15	-92	-19	-10	18	-45	59	87	46	15	-22	59	-86	28	-46	-82	7	9	-99	81	16	-59	-93	46	-55	-3	-93	-74	62	1	38	-71	-74	-33	17	46	-32	-94	36	34	46	32	100	-44	-77	-83	-1	41	-59	-1	69	-92	-50	46	-15	7	46	69
61	88	-23	-31	-92	74	-60	76	62	-66	-52	9	58	-74	27	-90	-84	-94	-70	25	-10	-6	-92	55	79	96	-88	-85	54	43	-34	15	-66	-42	-62	69	77	65	32	-93	12	3	22	-15	50	-30	42	-72	-3	4	-63	47	-98	39	94	-89	-80	-16	14	11	97	-10	-93	46	-97	28	-12	-79	-48	-90	-97	-82	90	-83	65	-24	28	46	44	93	37	31	71	59	-61	-54	-43	38	-12	1	97	16	-39	-70	78	56	79	-51	-63	13
79	13	-25	-83	47	53	28	-5	-60	-46	92	13	-49	-95	34	61	-40	85	13	-79	85	38	-76	22	85	-60	90	-33	28	-55	27	16	34	-35	89	-16	-22	-100	-92	-43	-38	91	-100	-27	-94	90	-87	-23	-24	-13	-48	-51	78	-58	-45	79	69	-27	-72	34	51	-96	-52	-97	57	-2	85	-96	-47	81	88	76	-85	94	18	-30	74	-54	22	55	-66	33	-60	-48	-29	78	-9	-87	-32	39	-16	-80	-43	-73	-88	-18	-27	14	49	96
69	39	23	19	38	23	38	-17	-2	-67	-18	-34	-83	8	78	49	83	19	94	-30	-91	-57	89	-35	-70	34	18	38	-85	70	-31	54	-65	-27	35	85	8	28	4	-66	17	35	-38	11	71	75	89	83	-24	-95	-74	12	-79	-16	91	4	86	86	-58	-59	13	-83	8	3	-36	-42	56	-37	17	66	-56	12	98	96	-32	24	34	-66	-70	80	9	56	-82	-3	-69	-69	88	-10	-46	-80	-96	74	45	21	-93	59	25	68	35	46
36	-10	-78	8	-25	53	76	-63	76	-22	-77	62	41	-38	72	79	63	22	-94	-27	18	6	-92	15	67	-24	-13	-4	-3	-89	78	35	14	-33	-42	32	68	11	7	-78	-28	-89	38	37	-2	42	71	70	-51	-100	-74	37	29	77	-32	92	92	58	-94	95	17	92	93	55	87	-56	60	83	-4	56	-49	-13	-97	-18	-13	-54	16	43	62	31	8	-72	41	77	-16	-35	-69	85	95	21	10	-95	-49	-11	-29	-44	-8	-1	3	-94
-34	-32	-100	-91	53	69	44	96	75	-72	41	-38	-57	-8	-10	-41	-93	67	34	76	-68	-74	-8	-20	-4	-6	-85	-1	-45	72	-54	12	71	33	-26	-71	-92	76	15	-86	-39	-13	43	43	-82	-92	-37	-25	-4	-26	-18	-79	30	30	42	-83	55	-83	14	-36	-67	78	79	-5	2	-31	45	-58	65	14	10	21	-36	71	56	68	75	85	-94	-41	-87	48	31	72	71	-73	-53	76	23	61	85	-8	-70	67	-84	-34	6	78	-100	33
52	99	9	12	-36	44	79	53	-8	-83	-85	-82	-67	-11	92	-91	58	-27	-52	-99	93	61	76	-23	-57	-30	-35	4	47	2	47	43	73	94	-37	82	77	-9	-43	-11	35	-13	12	100	18	-5	-80	94	-67	-12	-4	-23	-34	-28	42	-92	-18	20	-87	45	-51	-98	-72	71	-59	78	-89	20	24	41	-61	-95	23	46	-82	-41	-84	22	-18	29	55	-17	37	19	91	0	21	23	8	-14	61	-71	10	-32	8	42	-18	-80	-93	-49
-96	75	78	19	21	-85	75	72	0	11	10	65	31	-95	89	-73	-9	-29	-17	14	-35	-100	-26	87	3	-24	-31	-90	19	2	-13	-20	-91	-80	66	8	64	-19	-98	-3	-24	-60	-30	86	-55	39	-11	72	-51	8	3	-37	-84	48	-100	47	25	-91	11	-47	52	-91	-94	-49	26	-83	75	37	-55	-36	-10	80	3	-30	52	62	-62	44	-82	-100	-50	-78	66	78	13	88	-36	100	58	-71	-82	-9	69	-56	-69	-10	41	-68	-4	-80
-95	-84	-49	95	-89	10	-45	-85	52	19	-96	35	11	-66	-98	-98	-34	52	20	85	94	62	-34	-57	-47	-45	-62	-70	72	46	70	99	71	74	-26	30	97	-86	-48	38	69	61	47	64	73	-87	-96	-38	-4	78	-34	-64	62	28	17	-25	-44	8	99	75	-48	-33	-47	-58	41	44	57	-29	72	90	-2	88	44	17	54	-84	-17	-39	-23	-75	-98	-36	90	-32	-50	-15	-23	37	-35	-16	81	-50	-32	93	-47	-83	93	89	-26	96
-31	-85	8	-95	-92	-14	-23	-74	-44	99	7	33	-63	4	-60	-15	-54	92	-96	19	-4	54	-55	-53	97	-25	76	-26	85	9	-80	-46	-18	-54	-55	69	-73	74	-93	40	-13	-82	-57	-24	-37	-45	-62	24	4	-46	40	-91	32	23	23	81	-84	60	-31	-25	78	-37	86	-49	-71	44	100	16	-34	-91	-98	-39	20	-46	-58	-100	-72	-21	-20	34	-52	-30	9	60	-9	50	-94	-82	-77	-56	-98	46	-69	56	-31	47	76	-61	-67	9
-93	-1	66	-16	-92	98	81	-22	-79	-40	62	-53	-33	11	61	-36	43	-22	-96	77	-95	-17	5	-38	84	-19	53	71	30	-85	-86	69	-24	12	-81	6	-28	74	-54	-37	-83	14	78	53	-72	-16	-49	-89	23	3	64	73	25	-14	-100	-13	-47	15	33	8	47	-10	-77	-100	-19	-61	70	-24	-14	-54	-23	26	-31	79	-41	-15	96	86	11	-26	81	82	55	96	7	90	-89	13	39	0	5	-98	3	68	-19	-75	6	-14	-44	50
35	-19	91	4	-5	-78	35	45	26	15	47	-28	-100	70	-2	85	-9	28	-83	2	-10	-35	84	-92	-93	76	-72	-17	-95	33	-81	2	42	70	-62	60	-97	21	92	32	67	34	-77	79	21	-64	-62	-53	44	-80	60	96	-52	91	69	13	38	-88	-83	76	63	-13	3	-13	6	52	-86	61	90	55	93	-90	-43	11	94	-5	9	-23	-26	55	-5	10	79	-56	-33	-64	22	-87	-47	31	84	-88	85	15	78	-60	-52	80	-52	-81
54	-19	-2	-95	-66	-48	-93	68	100	-31	9	19	94	-79	54	49	93	-34	35	-8	-95	-68	1	-66	64	-12	71	-11	100	12	26	-39	-9	-46	-65	35	63	-14	-56	-61	-78	-4	-46	-34	75	53	-7	20	-44	25	18	-30	-3	-40	-43	-15	-56	-55	51	-61	79	-30	-67	87	-21	-100	-66	-21	3	41	1	-97	-67	-83	60	-3	93	24	68	-83	-60	-44	90	-79	-30	-18	3	81	-38	61	-18	4	12	69	65	44	75	91	-58	-3
-64	48	-6	64	-76	-1	1	60	-58	16	38	-30	-69	-38	13	99	10	-60	-24	44	-38	21	73	3	76	-4	-18	26	61	99	27	85	85	83	-27	-10	-3	-91	43	-92	3	-29	44	-33	3	-85	-37	-67	89	-93	-86	-94	69	-38	-80	-81	-26	-56	96	-5	31	88	-67	-43	100	33	-41	3	-75	3	86	5	29	72	-11	-74	33	39	13	-47	-16	60	39	-30	57	-33	73	-97	74	53	35	40	-32	50	30	-95	-31	-52	79	-36
-13	-28	-57	16	-7	10	59	-97	-17	37	-79	-74	23	-49	-37	-86	50	98	-23	-18	32	58	-31	38	2	-73	59	-61	2	-77	-39	70	82	14	-24	-26	-89	58	-83	-51	43	80	-29	18	32	-70	56	87	44	21	-82	-43	-19	-16	-3	-32	81	-79	96	-32	18	-99	-21	-28	-36	55	-94	-74	91	-88	-54	-42	39	-13	-51	-80	91	-33	95	87	-87	-98	34	-73	37	-31	13	-41	99	86	71	-78	81	9	57	-22	-40	26	58	-72
-16	-53	11	9	-32	79	45	-80	-39	79	-39	66	91	45	64	98	3	38	21	-47	-56	-31	42	-13	62	-13	-52	-83	-45	-51	-67	64	-93	2	50	-79	-29	32	60	-100	-51	31	77	50	-10	-41	91	63	14	-21	-46	-60	11	-44	-73	7	-39	12	-68	38	5	-60	24	-83	86	85	0	67	-20	-12	81	-25	-96	-21	-16	92	2	26	43	100	15	0	-82	-99	51	-51	56	89	95	94	-16	47	-9	25	-55	-79	36	74	89	-100
-61	-98	30	2	-25	-9	-71	46	-39	-46	-52	-15	49	-47	-73	84	-4	-89	54	98	-92	-35	-79	-9	57	15	-51	-46	-55	36	78	6	-58	63	-66	18	36	78	-39	-75	-55	-22	-14	-84	-17	97	11	74	-99	30	60	12	-88	-8	-45	68	23	-99	88	15	97	-82	22	12	4	-78	-43	-50	-34	-41	38	6	-7	74	-23	-35	-23	40	-52	68	-18	-36	38	-26	43	70	22	-14	65	15	95	-68	-86	40	12	-71	-30	20	-86	-33
55	-9	-63	-76	-54	-93	-39	8	56	3	-76	-95	31	80	-1	-100	79	-49	-2	-55	52	-9	68	73	-26	70	-43	19	28	89	66	-19	-94	85	-72	-70	88	-82	-38	74	-68	59	45	-71	-39	-33	47	0	94	33	-95	-94	72	-31	-78	-53	-71	37	-17	-49	-22	-81	-89	8	-29	64	83	-51	-95	-32	-8	-68	-63	-61	37	73	44	52	79	-4	47	92	-57	-11	-55	-75	28	65	30	53	-10	29	20	78	45	88	-30	-69	-22	36
69	-88	-21	-72	-93	17	100	5	-13	-10	5	79	27	-37	45	-44	-40	58	-21	-55	-41	-55	-64	-77	61	75	-28	51	-46	-38	52	-53	-47	92	-94	-29	-57	48	28	21	-58	-74	8	16	93	76	35	-57	-80	79	82	-31	4	62	79	-61	-41	-15	71	87	64	75	-67	65	-86	-89	-10	65	-57	1	18	-2	10	-13	71	68	-20	63	-40	32	-17	16	99	-39	-12	-97	-21	99	-62	53	35	-11	-84	50	-89	65	74	-62	-56	9
-51	12	-84	91	93	-83	81	15	-22	-64	29	-71	-29	-59	-95	64	31	72	-31	51	-23	-15	60	-26	23	95	15	-30	94	86	87	91	14	-11	-67	-51	-100	-70	94	40	91	20	-90	90	78	-89	70	-97	45	-37	62	-25	-29	97	51	100	88	67	-10	-42	46	59	-2	-65	83	-75	19	8	-89	41	-91	47	52	76	-2	19	73	84	-56	85	48	20	-97	-62	63	-22	41	3	-22	-5	13	-37	71	96	58	51	-91	-24	-89	-84
-83	72	42	-3	92	56	7	8	-60	-99	-23	-76	12	83	27	13	11	-78	-9	80	-41	80	41	-48	-17	-37	-78	74	98	-53	16	-9	-11	-70	-53	48	-88	-32	100	-77	-1	-74	75	94	-55	44	-95	-93	45	48	43	16	-69	64	-9	-41	-62	-25	28	89	-57	35	-38	29	68	71	-15	4	98	51	63	-73	31	36	-45	-84	-87	54	-85	-77	61	67	-40	-36	48	-43	-2	-10	55	-76	93	-97	54	-64	69	72	83	29	-32	-17
-43	41	95	47	-76	72	-67	-43	44	72	-39	-44	98	-2	-32	-57	70	44	23	32	86	0	32	-60	6	68	3	-65	39	43	-76	6	25	44	71	14	31	8	-10	-35	25	84	9	-43	-14	-60	-59	-56	33	76	16	25	-31	-62	87	-15	14	65	59	41	26	53	14	69	-69	-96	18	-31	-97	-63	54	-45	-76	51	50	-59	70	-75	76	80	88	31	-55	-89	-79	43	87	83	22	75	99	-13	12	34	53	-63	32	-32	54	0
65	2	-36	-30	63	-25	36	-86	24	-8	62	-97	61	38	60	-6	-46	-52	-76	59	52	63	34	-26	48	71	-66	-81	73	63	-35	-24	72	58	-60	-93	-11	28	57	-17	7	-84	-31	47	99	-35	-13	60	-68	-89	-52	-86	72	35	64	74	-39	17	-96	54	60	-83	-36	-60	26	-25	16	-82	80	24	-21	-82	-19	63	36	-97	82	-17	28	-57	39	78	-59	-57	-55	28	10	84	19	14	11	-41	-17	92	50	40	-94	78	-2	-35
-62	-71	-80	32	84	71	93	-98	-26	-69	84	65	-34	-29	12	-93	75	6	-16	91	87	-10	22	69	-44	-1	31	-27	-34	45	12	8	-54	98	81	-74	-89	-18	96	-84	80	-17	88	-1	-83	41	39	-50	81	-75	27	84	-92	79	78	76	-35	-62	-99	39	84	71	-87	-23	-3	-92	-26	73	28	-29	31	-82	-82	75	13	19	-86	84	-43	47	35	-77	100	96	91	-43	-29	55	49	12	-95	55	-7	97	-42	-25	35	-70	-34	-70
20	-54	-93	27	96	-23	-30	-63	45	36	84	42	79	16	28	55	45	-44	-80	-44	43	-57	3	51	-5	-39	-84	68	-44	38	-98	19	-46	28	-21	40	82	8	-56	-59	5	-17	-56	15	82	-75	51	52	34	-16	79	96	-15	53	-51	-57	87	25	-78	84	43	94	-97	-59	6	-38	59	44	-27	-92	17	11	-100	-90	46	-41	-82	-53	-89	90	53	-71	89	-37	-5	-39	-79	-29	-75	-100	52	13	-37	-11	-32	-52	-3	-69	54	56
-5	18	85	-67	69	91	68	14	-51	20	-45	43	65	-1	91	89	-92	-81	-78	-79	37	-97	65	66	-94	79	56	7	58	89	-92	18	-86	47	8	-51	-34	33	-69	-7	8	13	-81	-84	-21	22	-55	3	97	-71	-47	36	74	-32	97	-39	16	-37	-1	-44	59	-70	-78	76	-65	16	8	-52	58	95	0	-64	-67	90	21	-15	65	-76	79	13	-62	-78	-64	-67	-29	-36	-47	-87	-60	64	60	-85	41	54	-15	49	-53	-61	-20	98
-26	41	51	-100	-86	-54	-98	1	-75	19	9	1	-45	36	-30	56	56	-1	-20	38	-21	15	34	75	-84	-81	-76	-84	53	35	80	78	91	-88	15	-39	4	11	-92	-58	-17	-11	35	-15	61	8	-39	16	69	64	-47	36	20	38	42	89	81	41	-61	9	-78	-42	-11	-64	5	-23	44	-53	96	42	5	41	40	45	45	17	7	-23	-51	-95	92	55	-74	72	-85	-27	-54	-29	33	-75	-82	-57	14	82	-81	-46	-22	-1	-100	46
-65	100	-25	66	-7	36	7	-87	-93	-31	84	-84	11	8	9	100	-23	28	-14	42	49	8	36	19	93	38	100	38	98	-54	-62	-93	27	61	12	20	-26	4	71	-22	19	27	-9	18	77	40	82	83	-3	-17	-76	78	-4	18	-73	22	45	-4	-61	50	-60	86	57	43	49	31	5	42	87	53	24	-94	10	64	-86	37	55	32	-71	79	-35	-22	28	-43	-85	-56	-26	-46	89	25	48	83	-19	-66	64	40	-97	3	98	69
59	80	74	64	0	25	-3	95	-58	21	-50	-83	-71	-41	50	-28	80	45	63	45	38	93	20	-33	19	65	3	49	22	-3	57	-66	58	1	-88	-67	57	-72	32	92	44	-86	-55	43	-19	-17	66	48	-9	97	-52	-18	2	-48	-86	-7	44	33	-42	-76	-14	81	-97	-91	-69	-36	56	-28	14	-4	95	18	48	68	-80	-56	22	-39	29	87	-2	16	92	74	58	-7	-76	95	84	99	47	23	-38	20	-90	-42	88	39	-8	-22
-59	-81	14	19	-3	16	-58	-63	-35	47	64	-90	99	-56	-96	99	11	69	58	-61	93	70	56	-89	52	-41	94	-81	-41	57	-96	-78	-37	-54	-21	53	-81	-62	-99	-62	-88	45	-92	-27	-26	-62	8	65	-21	-27	-35	78	-35	-91	26	10	-73	-46	-54	-79	-4	-51	57	-41	-77	59	47	-31	91	-59	2	-85	-40	-11	29	59	15	48	-56	-53	3	-46	59	5	55	26	-14	-29	-3	-84	77	-43	41	-97	-22	-35	74	84	10	8
-85	24	61	59	77	95	-37	-64	-19	90	-4	74	-15	-13	81	21	-95	44	72	90	89	-79	-60	-5	-86	11	85	70	-9	-82	8	8	2	-20	10	50	-82	33	41	-51	-50	-40	-58	-83	-36	-78	-75	-73	2	100	-30	37	-18	-52	-80	-76	-42	-94	-3	72	-56	-7	-54	12	-82	-31	86	-12	-52	18	-46	-26	-48	74	-90	51	-12	70	6	-60	-99	29	-69	10	59	-10	15	-2	-25	-41	65	-79	97	-18	-71	-12	55	44	-30	-44
33	-15	73	-21	39	99	-50	-36	80	-21	-53	-42	55	-85	-32	-62	8	45	-24	41	72	75	45	-7	-83	19	17	58	64	-4	82	-89	73	-66	86	51	-49	-55	-65	-28	98	-60	-34	-93	44	-30	34	-92	99	-13	-37	14	-15	-8	43	85	45	-80	-25	91	-42	18	-7	95	-40	93	-94	34	86	9	-67	-29	59	39	-12	79	20	-52	82	11	84	-62	-70	-66	-85	83	80	63	10	-74	-22	-14	-49	65	-78	12	-20	-6	62	96
-25	52	92	43	-27	-77	54	5	-39	37	-87	-40	0	96	-84	33	-72	7	12	3	55	-1	-6	-56	85	-24	50	36	63	-47	-41	10	-32	-8	-57	-43	-32	96	67	-1	58	11	-55	62	-55	41	45	-59	12	-75	1	-54	-7	-67	-21	42	73	17	-20	-77	-90	-69	12	-63	19	95	83	-45	-8	22	55	46	45	-6	-13	72	-79	-66	-5	-66	7	11	-63	-15	54	32	27	70	48	9	-34	-47	-45	9	75	-19	-52	-93	92	-20
-96	79	-84	26	-83	-6	25	-21	38	-11	65	96	77	-28	-84	-25	88	-56	13	65	-70	-93	-69	-72	-31	54	-7	-27	-2	72	-74	-92	-81	-3	35	6	35	70	-73	-62	66	-72	80	81	-24	21	47	-63	-73	32	34	55	24	-11	20	71	-44	35	-10	-62	72	-24	66	-58	88	49	63	32	0	7	3	-95	10	-49	30	30	43	-1	66	-53	9	-25	-30	84	-26	35	-62	97	-41	69	92	82	-86	-70	63	90	-63	19	-44	75
93	-40	-16	-61	44	-100	-11	-70	-96	-41	55	-90	-35	53	-24	46	-29	45	55	-72	-55	-56	-69	-93	59	46	27	-13	-79	14	84	79	54	-91	-77	85	34	-67	-67	-56	86	-8	51	14	47	16	-52	94	-33	68	65	51	-24	89	41	-66	-70	92	-69	52	53	15	39	94	-73	-26	86	93	19	-67	10	-61	-59	-27	91	7	-90	-41	95	24	-85	6	-55	-62	-26	-62	-34	-94	67	51	75	15	-34	-70	19	-54	-22	87	78	-91
-62	67	-22	80	10	-8	96	36	68	-100	97	-25	-4	3	6	-54	-85	98	-85	91	-19	31	-13	38	-3	-59	-78	97	-14	-40	100	-84	19	-72	54	47	-20	90	-79	-44	-35	47	58	26	68	-11	22	-68	65	26	9	-88	23	-90	-98	32	-3	-86	75	50	97	12	16	67	-44	74	4	-76	46	-70	-50	19	-97	-8	-63	-7	-19	-19	-89	91	-31	80	96	28	-80	-32	68	-27	-17	-54	-9	43	3	13	68	-16	16	-25	-36	77
43	-17	-68	-70	40	-94	59	-91	70	-83	-11	69	4	69	-29	-86	-79	-89	15	-92	37	-15	17	-56	76	-81	38	-66	73	-76	-8	5	50	-36	90	49	7	-54	29	-27	34	13	85	-95	-1	-94	-91	44	100	-88	48	95	-53	6	-77	-4	12	-6	-48	-80	93	-50	-7	70	-46	54	-85	-86	99	21	-78	-6	39	-32	39	24	6	11	-98	38	-25	57	-29	-6	-52	70	-69	-1	-68	97	30	-19	42	-43	-73	69	46	91	-63	-25
42	62	-74	79	94	61	9	-25	-71	-94	67	100	43	-33	-65	-99	-71	43	75	-99	41	99	43	-51	-27	-99	-64	-42	54	88	-8	54	30	-1	-69	99	-96	-24	17	-75	66	50	100	70	100	-49	-8	93	73	94	15	2	71	-94	39	-85	-100	-43	-99	-9	47	-35	56	-58	45	90	-5	-18	95	-59	80	47	-12	-77	53	97	-83	-7	30	45	-32	2	-54	62	-70	96	-47	-37	69	-80	-29	-57	19	14	92	-79	49	91	-16	52
-65	-8	4	44	73	-47	73	-54	81	28	-64	65	-3	83	-59	40	72	11	87	-45	-41	-93	-25	-61	-33	-100	46	90	88	-4	-96	26	56	61	75	-85	-94	63	11	-24	-59	-81	-91	-69	-2	-39	68	30	59	18	38	16	-96	-53	-93	99	78	89	-2	-12	-8	-94	50	72	9	25	66	-1	63	4	-91	-46	83	-23	-30	-42	-94	-88	75	-61	77	76	-72	-44	19	-37	-41	-64	-98	27	-69	-77	2	-100	58	-4	47	12	87	-22
44	-91	-48	67	-65	15	-5	-16	-47	-99	-22	-16	-41	-51	90	16	20	88	19	-12	-10	-5	-85	9	70	41	-41	-52	52	-24	8	-54	-62	53	31	25	-53	46	26	-21	-80	-79	-49	88	-91	97	38	69	-76	92	19	-67	71	-8	67	69	56	76	-81	-14	30	-36	22	99	-15	15	37	-15	-20	-32	31	99	-2	54	67	-58	12	-36	29	-57	-76	-88	-67	-37	69	47	-53	55	-20	-78	-56	88	0	-31	-64	14	-38	94	20	95
35	55	-19	9	-30	-12	13	-41	-29	31	-21	1	22	26	-59	-34	20	56	24	73	95	80	-44	-55	-61	-50	14	-94	88	-98	32	20	-1	40	-90	95	-4	74	83	79	-12	-9	12	-58	-19	-17	-40	-70	-52	-100	-16	83	-40	-69	-90	-7	-94	-66	88	18	13	52	61	-80	11	96	-34	74	22	-40	0	-25	18	99	-12	-65	-11	-83	33	63	-8	60	-46	-60	-30	-13	35	-40	93	44	-78	-65	-93	16	29	78	-90	-91	-74	95
-14	-94	61	-80	85	53	99	22	64	45	-37	-71	12	67	-16	5	89	-16	7	-88	-28	-6	99	21	-44	83	-29	42	4	-1	55	-72	-28	39	84	77	85	47	22	27	9	-80	86	-64	-54	87	3	96	-63	-21	36	-37	-81	0	71	59	15	57	-30	-71	-15	84	-40	71	90	5	-19	-65	8	-80	-65	-79	-73	-77	79	-19	-29	60	75	-42	95	-6	51	37	81	47	99	-77	74	82	4	-11	-69	-5	31	-35	77	-50	-92	-47
43	13	-83	-12	7	-15	45	-99	8	61	-62	42	20	92	-2	-47	29	57	11	-9	-17	-59	-27	48	76	17	-90	-38	77	15	91	-4	-84	-53	57	-97	-6	71	-55	59	-34	-80	24	-23	-27	-8	-37	25	82	-63	55	-39	2	-64	62	71	18	42	39	-13	36	-100	43	86	-41	-41	-19	8	22	84	63	-72	-29	64	-21	-70	-12	-84	66	-44	-39	51	-76	92	-78	89	-97	74	11	-97	-37	47	-98	-23	-23	65	18	96	-3	-63
55	15	45	73	92	-66	79	98	-76	79	60	37	47	-4	-1	-7	-91	64	97	50	31	-74	98	-71	9	-79	-45	-32	97	32	21	90	-36	92	-98	73	62	-16	-88	-63	-79	6	-85	30	-27	-4	70	-63	22	54	43	-95	-66	93	92	37	47	-51	39	-38	-93	-56	96	87	86	-11	72	-99	86	-45	-38	5	96	31	-16	-57	29	37	9	-14	-100	-10	-57	65	-69	-38	97	-6	-88	-39	95	27	72	54	-27	84	-17	-67	-27	-6
2	5	41	71	-12	-10	-75	-95	73	82	-59	60	86	-33	-68	-96	77	-44	92	5	-29	60	14	20	-62	98	75	-29	-14	-5	-16	-31	-92	-41	-86	19	32	-27	48	-85	34	-4	19	48	74	-73	20	22	6	-42	-62	-63	-74	90	40	27	-58	34	-66	-63	87	-25	-68	-75	84	-100	15	49	-79	77	-71	-40	41	-67	-1	-11	-57	89	27	-2	-33	87	42	13	-85	-25	-10	62	20	-2	77	11	96	11	0	70	-97	-35	49	-12
-78	28	-26	-72	60	-83	47	15	-44	-14	94	-77	-67	-13	48	8	-67	-62	44	-48	0	28	-80	52	22	-94	-72	37	-97	33	96	-31	31	53	84	67	-100	9	-35	62	96	-33	-34	-44	-70	38	-54	54	52	-2	18	88	-16	-13	-22	-36	-75	68	12	-17	-22	-68	52	54	-93	30	61	34	-79	39	0	58	73	3	-59	79	-10	-13	66	-15	-56	10	24	-60	-82	-87	-81	-21	61	10	-93	90	-22	16	14	65	90	90	-45	-58
40	-7	-50	-44	-11	53	97	34	56	-35	-92	14	-11	41	-39	-63	-26	50	-78	-34	71	-2	90	-76	71	75	24	-1	24	-27	45	-91	41	72	73	-47	54	99	-72	-49	-18	-27	74	-62	-19	97	75	5	-32	-36	43	29	-78	32	-21	-18	-7	-38	-38	19	45	-54	-74	-38	28	6	18	43	-72	33	-94	58	-31	-22	-61	-49	37	67	-2	27	11	44	-5	32	-81	-99	44	-68	8	-43	70	44	31	-75	-73	-33	-28	-85	48	-67
-30	-50	-62	76	-83	-23	-14	54	24	-76	-49	52	-59	16	-22	-35	-7	-68	99	96	-38	-62	-79	75	40	62	82	31	66	48	57	7	19	0	-83	72	-42	19	-60	-10	-13	9	-57	-83	-57	90	66	6	-64	100	-38	-72	-55	11	-12	88	-89	-38	7	58	12	-90	51	28	-58	86	-10	4	39	59	-18	-67	-64	-14	-48	-61	10	76	-31	8	27	12	72	-14	-27	-63	43	9	2	-11	-95	82	91	98	78	-30	93	-36	-93	-42
-40	3	-53	-47	-92	-41	-21	-53	-40	-49	22	-92	12	-8	94	-95	-81	-93	62	17	42	-10	90	46	1	95	19	16	-45	89	60	-63	-100	41	1	46	-16	29	67	7	-80	71	-41	-79	-95	32	21	72	-80	-41	-41	75	67	6	41	76	70	1	-43	-30	15	-36	15	2	71	-89	62	-56	-45	-41	-68	37	95	-32	-72	-74	38	-85	0	-69	12	-46	96	50	-100	98	11	71	-65	69	-47	-30	-70	5	34	74	-58	-80	12	-2
10	-5	88	-84	-30	25	-83	-54	24	-20	88	34	31	66	-31	-26	-99	-3	67	-16	-42	15	-82	74	-90	-54	86	-87	-54	-45	-83	85	90	92	63	17	-42	3	-12	74	-79	-63	-43	-92	83	39	35	-69	37	-67	38	-94	-89	-5	8	35	-58	-89	-70	22	87	-29	23	71	22	-93	44	17	84	-85	-7	27	92	-28	-12	19	78	16	25	-20	-82	-15	64	88	6	-96	-25	91	73	-76	-47	-13	26	-56	40	-46	-61	-66	-28	-88
96	59	91	4	-98	-42	-89	-2	71	24	-88	35	-13	-58	21	21	77	-48	37	74	-80	5	83	-91	-9	37	-98	61	-62	49	92	69	92	70	16	22	39	10	-14	16	-46	96	98	-36	44	-39	-93	0	59	-46	54	35	-95	20	61	58	23	98	0	40	56	-45	-19	-65	-16	-51	84	78	-34	33	16	-4	-52	-74	-80	23	-22	79	-58	-90	-74	-50	-19	-45	-12	80	-83	21	-34	93	-55	-77	-19	-86	45	22	-4	51	-49	-34
74	-5	62	-71	68	-60	15	86	26	14	-72	22	73	88	-13	-57	-51	-8	49	25	2	-31	-77	-89	-7	-2	-79	-16	-18	-24	24	-86	25	31	-24	-22	-4	100	-5	-95	-19	20	-21	-29	75	-30	77	-10	30	83	-74	-61	23	99	57	-56	-66	-54	39	60	-1	-99	-72	-34	-84	-41	6	-45	-99	-96	-65	72	0	82	22	53	-18	27	-78	-96	50	-58	26	93	-53	-44	74	-28	-58	-15	-45	35	42	-34	30	-85	93	-5	-52	91
54	16	-63	-53	54	71	72	-88	74	-37	-43	88	62	52	-26	78	28	60	27	30	-31	-46	-19	82	-89	98	57	-22	-17	70	-10	84	22	-40	-89	-76	-29	-92	75	39	-11	28	-33	-63	-22	8	-7	-36	32	74	-54	1	76	12	-53	98	26	6	81	100	-49	87	36	-90	-6	85	-42	-48	60	-69	-63	-98	-29	10	33	67	-98	-37	-35	91	-99	-24	-56	78	2	73	12	-86	-16	49	36	-48	41	-6	24	65	97	-20	-24	-37
-27	-64	-9	13	-87	3	-74	-96	0	-47	-44	50	24	38	30	50	25	80	1	40	-22	33	-2	-36	9	-69	52	-80	75	-11	-32	8	-65	-89	-41	47	39	23	49	60	-28	98	72	1	88	76	-50	-70	-77	27	62	-7	-99	53	16	-17	-66	-1	61	73	41	-33	24	2	86	8	59	44	-33	-61	-20	-34	27	43	83	98	94	-64	89	-97	-3	62	-30	-11	-30	18	2	82	3	2	84	-93	1	93	98	21	76	-81	-9	-46
-90	71	-8	-9	-100	-23	-1	-7	13	-48	-48	-37	57	-3	-65	7	-44	81	43	-98	-95	81	-39	89	37	-93	-37	-31	37	-81	-14	-17	-11	62	-25	45	33	-56	-56	-70	59	40	83	-81	-2	-55	-2	50	93	-81	-64	-28	98	63	31	-39	-31	51	-71	-41	-63	-92	95	-5	43	-94	-11	-27	-4	39	95	-87	-8	-77	62	-26	13	4	-20	57	-91	-40	-75	-86	-88	44	95	97	0	-36	2	55	-44	83	-88	11	-44	-58	-26	93
63	54	-77	3	8	27	-39	89	61	2	59	-51	59	82	2	48	-100	41	-11	-58	-90	-87	-95	85	56	86	13	-54	31	-98	-5	-89	-41	-14	-18	97	17	98	63	-94	-20	14	-90	64	15	-73	-61	51	8	-17	-29	65	16	-43	13	-29	64	-60	64	12	-12	-44	-24	-94	-16	-10	-65	16	16	-61	-69	14	65	-13	-13	-23	76	85	-21	-34	-38	12	-13	-20	-84	39	26	-57	56	-25	-10	8	-84	-96	67	28	-96	14	21	80
-77	32	27	-34	75	99	-20	85	61	-55	73	-8	64	5	24	-33	84	61	-87	43	38	28	85	-59	50	50	-84	61	-59	12	32	65	-32	51	75	74	5	-7	-45	-88	95	96	42	-79	97	87	48	45	72	-69	99	62	82	68	54	62	-90	31	48	-91	-2	-21	-76	-11	-75	48	15	75	23	49	62	-17	-11	-16	64	25	77	-37	9	-28	81	36	22	-97	18	-41	-21	40	72	-28	-59	-95	79	45	-88	20	-36	24	-27	100
-54	3	-1	99	-7	100	-58	21	-34	35	-24	2	-65	-52	-77	68	-82	92	81	-64	-100	91	56	-94	-58	-21	-80	-52	-78	88	45	87	-94	21	62	33	-83	50	19	0	79	-2	-62	6	25	59	-9	-68	-62	-96	19	-89	54	-65	14	49	-85	9	-36	74	84	7	72	45	-2	-10	-28	-20	-1	62	-26	-100	-27	15	-78	40	84	12	19	33	14	96	6	-46	-22	-20	-36	58	52	91	59	4	17	36	70	-1	-36	33	66	-27
-69	49	89	0	6	37	63	100	-58	5	85	63	-47	-26	85	-26	76	71	55	13	-54	89	-67	5	-82	62	-82	16	44	66	96	-5	-30	53	24	49	-78	-95	64	-97	-67	-23	-15	-15	67	58	100	65	72	-100	-97	-91	79	-86	23	-86	-88	-5	-47	-48	-59	18	-11	-49	87	-76	-31	95	99	58	12	-88	31	2	-41	94	27	89	92	-24	-90	34	65	43	48	-75	-73	-11	-29	-44	-11	37	62	20	-34	-50	-3	-57	71	-43
55	75	-15	-41	14	-100	-39	5	32	-58	-63	-97	94	-68	44	-55	-99	36	-29	-7	-92	-82	85	76	-93	-39	9	-88	-52	-84	-41	14	27	-91	-93	-37	-88	77	20	12	6	20	-52	-20	-17	-5	52	-80	-10	-33	-71	3	59	-50	40	-75	73	0	-14	6	-51	5	68	-87	-38	18	-26	-17	-26	7	-11	79	-27	-17	4	84	62	88	-18	-93	-15	56	70	-69	-84	-7	-23	-73	10	-62	-48	-25	-12	34	82	54	-18	21	-1	-89
-97	57	-24	1	70	-16	50	81	9	63	6	-76	-77	48	-17	40	90	-84	-79	77	60	-4	-54	62	-49	53	70	-36	-3	15	-36	-67	-36	55	-20	-48	86	-6	-44	17	21	-28	-98	69	-80	100	-81	94	73	-18	23	-78	25	23	95	18	-92	61	-80	95	81	51	18	-78	-48	-23	56	29	92	-88	-73	57	-50	-97	-17	-32	45	-47	-82	25	34	-23	-84	34	13	0	1	-88	-5	-24	80	34	-88	99	4	-57	-98	3	91	-49
-82	84	88	84	47	52	-80	83	1	-27	17	-85	-10	-73	52	-27	-77	25	-8	-48	78	-94	-3	-18	63	-13	18	-22	74	-3	29	27	-16	-78	-26	56	-23	69	-23	48	95	-70	78	74	-39	70	83	65	-54	86	-62	9	25	61	-6	-37	81	-63	-52	29	-32	-57	1	-93	-44	-10	64	-32	43	14	22	36	-77	30	5	9	70	-74	-73	37	5	36	57	46	80	35	10	42	-41	-49	33	-12	33	-70	-47	25	-24	22	45	-81
-17	26	27	59	-37	-32	-12	-99	80	29	92	47	-28	82	-30	87	21	-80	-10	-14	-42	96	63	36	8	-88	100	49	57	82	-30	61	-41	-45	-98	-57	100	28	89	11	40	48	76	-4	-53	-55	-22	53	8	84	-66	29	75	78	-29	79	60	-30	91	38	6	50	37	-6	97	-54	39	-37	50	47	-71	-60	7	-39	-62	2	-86	-50	31	40	3	-7	-71	77	96	-68	-92	-95	-51	-17	60	-2	-23	69	-4	-50	5	98	78	37
43	-82	82	30	-81	48	-28	80	-13	-69	29	-9	83	-72	18	28	-77	17	-11	-97	36	57	-38	-100	21	47	-10	13	89	-75	-53	-75	-86	-23	-39	30	3	2	48	36	-34	-2	98	2	86	-10	-26	30	23	-77	-86	-77	-57	-74	-27	92	-64	-47	-59	-19	48	-73	62	16	-12	-51	-61	85	-51	-95	-73	42	-28	67	-35	70	-57	-62	-87	36	-54	78	-49	76	-54	3	-19	81	38	-68	73	-13	62	44	-97	-52	51	23	38	-54
