-70	-23	-76	-81	-45	-93	-13	17	89	-66	-93	94	89	54	-67	-68	22	100	-10	23	34	64	-30	-70	-28	30	-56	18	-30	63	-12	34	-47	62	3	-17	41	-47	-40	-66	34	-71	100	-4	-85	-49	-62	21	30	78	-65	-41	32	91	29	60	72	59	-44	-9	-6	-49	46	-24	31	-77	28	-43	-77	-56	24	74	58	-73	-84	73	-73	57	-42	10	-28	51	19	93	68	-87	38	89	13	-9	64	32	-64	70	41	31	69	-39	86	0
9	42	-15	84	34	-20	-68	56	100	-52	25	-88	31	-10	30	-5	35	-75	24	80	-46	65	49	73	85	49	76	-96	-37	48	-49	43	45	47	43	76	14	85	45	59	26	98	62	15	12	11	-65	6	-70	-69	85	36	-36	1	97	-24	23	-83	7	23	61	-31	19	-53	91	-37	-93	54	-48	66	71	-83	-33	60	-35	85	-96	-44	-7	-29	8	66	54	-45	24	-69	-62	88	22	-56	74	-27	5	90	-18	-76	44	-67	86	-91
-53	54	89	18	39	46	8	-62	-85	40	29	83	25	57	86	56	47	62	49	-47	-86	30	-55	22	-86	-6	55	-52	-58	83	-7	-51	-71	31	33	-41	69	81	-94	-6	-91	53	-100	58	-13	71	71	-69	2	92	65	32	-76	25	53	-45	96	-73	52	-24	-50	-25	-100	-86	23	25	64	-45	-13	-22	-35	70	22	-5	-84	-5	-18	2	-44	69	68	19	-50	-28	-81	-82	8	-100	1	-80	-6	79	-56	67	1	63	-90	84	-13	51
34	-32	-99	44	24	-7	46	34	-28	26	-72	86	59	6	-23	1	-54	-34	20	-4	-69	-41	-70	-93	-13	86	50	72	-89	79	-38	-87	-96	-91	-53	46	36	-29	32	-16	63	-100	6	62	25	-82	-32	-54	-7	-62	91	98	-5	19	-42	20	79	-73	60	74	73	-75	-79	-16	13	-53	-62	-28	-33	58	89	-72	-85	-14	-2	-79	90	83	24	-31	-80	93	97	-51	-67	23	-59	-63	-54	68	65	-47	-9	-20	-9	6	-89	-43	42	38
92	25	-45	96	-39	12	23	98	96	-63	-80	-84	0	-100	-80	-60	-86	100	45	49	-80	-79	1	-24	48	-12	76	-85	-93	-14	29	-21	52	89	-9	82	-14	61	63	-48	-89	-39	89	91	-40	-33	-60	81	-63	42	17	4	70	-58	43	-71	27	-59	5	20	4	30	-13	83	55	57	89	-47	50	-53	87	65	11	-90	-84	-62	47	-73	-39	26	-45	-63	-78	59	-33	94	80	71	-7	71	59	82	-92	18	98	-76	77	-42	-28	-18
27	-54	60	30	80	36	36	-20	65	-41	-56	-96	27	-19	75	90	34	96	70	48	70	-61	-84	65	50	-86	-25	-73	-96	75	-81	-62	-78	56	-83	78	89	8	-7	76	73	18	22	-15	15	0	-31	22	54	71	21	-91	100	-77	49	30	-50	33	37	12	-85	-1	77	38	-99	-90	-30	-54	69	3	8	-82	1	-10	41	-51	59	9	-39	-15	74	-85	54	90	-12	-72	23	-54	16	53	-74	16	97	-78	-49	80	-21	-33	76	98
38	66	-53	-31	-33	37	-39	-56	-25	33	-26	-30	-79	-39	91	49	-11	-12	-11	22	-12	-75	63	45	-65	-87	4	-49	84	-22	-4	61	-45	-35	-25	-2	-1	-58	-44	-94	68	-6	-97	-69	-96	-97	99	-96	24	6	-70	43	0	91	22	76	76	99	-71	-8	-69	-90	-50	94	-91	80	16	63	-30	-99	95	-38	12	-94	-97	-29	57	-35	-6	-23	-22	88	-19	17	74	74	-49	60	-60	-49	-39	91	62	91	27	17	84	59	67	-94
18	-43	61	30	-67	-53	-24	-97	-2	7	53	52	93	30	-26	49	-56	-48	-39	3	76	-4	38	-20	29	-75	-18	-45	-43	-22	-73	-7	36	-91	-65	-33	-78	-94	9	-27	-40	89	-19	17	44	89	-86	-92	75	-20	67	-78	-42	-83	82	-9	65	-11	-62	57	80	98	31	46	-38	48	-12	56	-48	-9	-21	-52	-14	-34	-5	75	-94	-34	12	8	8	58	73	-90	57	88	-47	-87	-49	56	73	86	100	73	53	-31	15	-15	-99	91
-88	19	-57	21	-64	13	78	29	93	-77	-14	-64	67	36	74	-87	-89	64	-65	9	-83	26	1	98	-21	39	-37	-71	13	-35	15	-75	38	15	-40	-4	52	41	91	66	-100	-89	-55	-93	59	-87	-91	30	60	-94	10	50	0	-52	-23	-31	-67	1	55	54	-24	-70	-53	-27	72	-88	-61	78	-75	62	-44	34	-75	95	41	24	35	22	-73	58	-77	59	96	-19	-85	85	90	-77	-87	49	83	49	83	-9	15	-54	-15	26	-64	7
94	63	55	63	-59	-36	83	9	24	-63	10	-43	83	-47	-52	19	33	-85	72	-36	31	55	38	-8	-82	29	-18	20	-32	-30	93	19	60	99	-6	-75	80	32	32	-35	-16	-63	53	79	-10	-88	98	-93	90	16	-58	-90	98	1	-95	-59	-58	86	72	-22	-28	-59	84	-25	79	-35	-99	90	-13	33	98	25	-28	-71	43	-12	37	26	-98	-59	-40	29	-77	-97	7	-86	-65	-21	-54	55	90	45	25	-97	-46	-93	100	81	12	-41
60	41	-79	-30	-70	37	-60	-54	-18	19	73	-70	-49	61	9	21	85	41	-93	97	-4	-52	-55	49	-20	59	34	-36	-14	-69	96	-28	55	-73	25	96	-64	10	23	77	0	-37	-64	-82	-97	92	1	-99	-26	57	-100	36	-10	-3	39	-55	-8	83	-43	60	21	76	14	75	2	52	50	-22	62	-14	-57	78	-19	-10	-67	100	89	-16	-22	63	-10	-26	-89	51	-73	97	-94	29	-30	-81	18	9	41	-19	-1	12	41	-48	48	78
-14	-25	57	-68	97	-43	-62	-71	43	33	-29	6	-6	71	-95	25	67	-20	52	60	-69	-62	-56	-26	-24	29	-39	-57	-16	98	87	80	-12	34	-88	-59	-56	-3	-69	-50	-93	-54	-21	50	-62	84	74	97	83	64	-30	-81	-39	90	-23	-33	-82	-89	-6	-70	24	75	-75	73	-80	60	-37	-41	-12	91	3	-48	75	-19	9	93	37	-40	-1	84	1	-47	10	58	-70	-65	93	53	-49	83	75	-6	36	-1	64	-83	98	-90	69	-15
79	-10	-70	6	-28	82	-44	88	92	-17	11	-4	-9	44	-23	27	-86	-67	-68	78	-96	-97	92	-33	-65	-55	88	1	50	-86	24	-92	-50	74	-28	-3	4	45	3	-37	74	62	86	83	0	-78	-37	7	-21	95	-83	-34	-36	73	15	-45	76	-41	-38	-48	-13	50	40	82	-98	66	36	22	53	48	-6	94	-57	63	-82	-14	71	1	8	-76	67	-94	8	53	-64	-46	23	99	18	-71	70	-38	-77	-67	-10	40	32	-49	-71	32
-18	-46	13	-45	-98	38	-2	91	48	-3	45	92	-84	-73	76	-9	73	-63	-53	-63	38	25	78	-55	-98	24	6	-76	31	58	81	36	13	-78	-78	-47	-49	8	-58	16	55	-20	95	35	-21	-10	87	-36	-68	56	71	-11	59	-63	32	86	24	-77	96	32	-61	-80	67	-57	75	-72	-9	-12	-58	-72	41	-48	30	-26	82	-57	-68	92	76	-4	-44	-4	39	7	72	35	-74	11	-28	-90	-49	75	74	64	53	-55	-72	94	-100	27
13	76	49	84	58	92	25	-86	0	31	1	-94	-97	-31	-100	15	-53	89	41	31	-52	50	93	-31	-19	27	-32	-30	18	-28	-54	-40	0	-83	50	16	83	-49	-63	17	83	-36	14	1	68	-20	-20	-78	48	98	-35	31	-54	-34	25	-64	-36	49	-12	61	48	-35	-32	53	40	-69	-13	-51	10	-42	-56	35	-19	47	87	73	-55	-81	-7	27	27	-14	-51	-38	19	45	92	-76	91	0	95	-62	-15	18	-11	-79	-71	-93	-72	8
-40	-34	-37	49	-79	-90	-36	-85	-83	-1	-96	-52	54	-25	-2	85	24	-29	29	47	-52	-44	-59	-86	-75	-14	-49	21	-70	-64	3	24	0	-71	20	-24	-31	-54	-18	13	47	-48	-56	99	-56	-61	18	0	-46	-93	23	80	70	45	-90	-4	7	-81	73	-98	42	72	-80	88	-54	-82	75	26	-56	-38	96	-60	-8	0	-6	-35	-52	81	0	15	-7	-92	-13	-77	-79	-22	-63	36	-85	-9	100	-89	-62	42	58	89	46	59	62	77
50	-62	-5	-48	-83	-85	1	73	26	-23	60	-62	38	-32	100	19	87	-5	-63	48	-35	36	-49	36	-97	-58	-56	76	79	-97	-52	89	24	-84	-19	69	49	-87	-94	43	1	96	-65	-19	100	-97	-34	-21	8	29	42	97	27	100	98	27	-28	-71	-40	80	52	46	79	3	95	4	-28	23	58	-24	-60	-79	33	70	14	-96	-16	-38	30	94	-18	81	-63	76	78	25	53	33	-94	52	88	52	-29	-25	24	-57	12	-73	-39	83
19	-44	-55	76	-80	41	81	10	19	-37	-14	-50	-44	66	77	28	-29	59	86	24	5	-98	35	-34	-35	1	7	-51	-21	72	43	14	0	52	61	-78	94	1	90	-97	-45	-23	-49	9	-57	-88	88	-55	-53	47	-86	-48	-6	92	-15	-40	46	-54	74	-23	70	-52	28	69	6	72	-79	-45	54	-89	71	44	58	53	-46	70	53	-65	-17	70	43	44	28	-45	-81	84	65	37	100	27	-84	-8	-17	43	84	-34	71	33	5	100
97	-35	-63	-75	-7	-18	77	61	-61	-89	-16	76	-41	28	-80	90	-49	-24	70	76	-22	-61	-21	-19	84	-67	-2	36	-16	59	-76	-92	-85	-43	11	95	-95	47	18	-81	97	-68	33	41	-68	-61	25	-16	-99	-97	-78	1	-1	-59	-12	44	15	100	-16	29	24	94	22	-67	-83	2	-68	-63	-26	-76	78	70	-97	-8	2	-80	-85	74	98	0	-52	-31	7	54	-33	-91	-97	48	-47	-96	-92	82	-64	12	59	46	12	-66	7	5
10	-47	-76	-12	64	30	89	6	19	33	-83	25	55	-93	48	53	-12	-39	-63	36	-6	-22	22	-100	31	-95	14	98	41	96	-62	4	17	-39	-38	50	-50	77	8	60	-91	42	38	46	71	-15	89	-17	-5	53	77	4	-82	-7	12	-14	-50	13	45	11	-81	12	-35	-46	-12	-32	96	-38	-4	25	40	-83	14	-100	52	15	-98	-74	-31	4	4	75	47	3	-99	-16	100	88	89	-75	65	-90	-91	26	-32	79	34	1	100	10
29	-69	11	44	32	61	-92	-94	37	79	-70	-35	-58	12	92	-47	-9	44	-92	-5	57	93	27	26	-99	-37	50	-97	91	61	36	15	-72	49	65	87	-86	-84	25	-26	19	-7	-92	64	-41	70	92	-75	33	32	7	-80	-15	90	77	81	-2	6	-99	96	91	60	-54	-57	-95	-12	21	-18	38	28	77	-84	-40	-85	-60	50	54	-22	50	-71	-86	12	25	-56	-13	2	62	18	-34	4	-99	-67	88	33	-60	-44	-87	-83	5	11
63	-46	-19	64	40	-17	89	46	-100	-27	95	2	-49	-89	75	-3	-34	13	-87	-31	30	-96	-49	87	-78	7	-78	11	85	-92	-78	24	21	63	-46	-45	31	88	-42	75	-43	-14	-87	17	11	-3	63	-39	34	-87	-46	81	98	-32	94	34	29	-93	-36	-92	21	-49	-96	-49	24	-81	28	-45	27	30	-80	83	72	-47	73	-75	77	76	-82	74	15	13	38	-58	77	37	70	-52	44	46	-78	10	80	-5	-2	-37	-87	23	-73	-67
-3	-7	-9	33	46	12	31	22	-2	78	17	10	2	-96	57	44	-22	-87	91	-95	-42	-10	9	-17	-67	93	68	37	-36	-98	65	67	-40	72	58	93	44	30	-6	41	48	97	36	59	63	-63	37	26	-10	81	95	28	-66	76	-98	68	98	-24	-72	8	73	38	-47	-35	-41	73	-82	17	-6	-42	22	-99	19	-15	34	30	-24	35	16	79	-23	-63	-60	-74	29	-10	60	-75	-30	99	-9	47	8	49	-59	-57	-9	-74	-23	32
-61	-17	90	-32	-8	61	33	35	23	-13	-36	-5	80	-74	82	18	-77	85	-82	-66	-4	69	-62	46	46	89	81	86	-39	-66	-2	10	82	43	39	-88	23	15	14	-96	16	-47	83	47	-2	11	-45	60	5	23	-14	26	31	24	-27	-62	18	-72	77	36	-62	2	37	-7	95	-10	-15	20	91	-60	100	-60	7	-86	9	-9	10	64	-44	81	-42	-77	-95	-69	70	35	82	62	15	72	44	-63	72	-77	100	53	-7	45	-54	82
-100	-28	82	-78	-32	23	56	-71	-25	15	-30	-3	-84	0	-21	14	-44	9	25	100	-73	85	79	-87	-9	-71	-57	-94	4	-28	-42	54	16	8	56	94	-85	27	22	8	-93	81	-76	3	-35	90	-73	-25	-85	22	73	65	-31	7	35	70	89	57	43	84	-77	13	-20	23	23	5	-94	-84	-10	57	-78	61	-1	-25	-36	90	22	43	22	-29	-83	100	-90	33	97	-66	-81	-57	-30	46	42	-76	-69	-29	-93	4	-65	-29	-70	61
75	-77	-27	60	-24	-4	21	90	40	78	-35	59	38	15	-41	68	-54	-41	-99	-89	-20	38	80	-43	70	7	40	-60	31	-10	41	-43	91	97	-60	85	-79	91	10	-64	96	-6	37	-88	62	-55	-10	23	62	-50	98	-73	54	59	-94	100	77	-97	29	0	-10	98	-5	74	71	58	4	-17	-42	38	49	-92	35	52	-94	70	-34	19	54	-76	44	-42	10	19	9	13	-86	-35	-83	-1	-24	35	-17	54	-17	28	-52	98	-19	27
39	52	-9	-23	-9	7	48	62	-94	31	-30	-8	66	66	-56	29	-52	67	88	-49	-99	-77	59	77	96	90	-70	1	24	9	52	26	20	-48	-17	20	-36	67	38	-72	16	32	99	-39	-25	-78	-81	-36	25	50	-61	-56	-13	91	99	93	83	56	45	70	18	69	-44	-15	-73	-82	2	50	64	-70	9	-80	100	7	88	-79	10	81	-3	16	-58	-42	-91	-99	47	-7	-47	-46	31	5	-20	92	72	92	-21	-44	-86	-97	41	-42
-4	-87	-61	-69	8	94	-58	64	-88	62	-67	-17	-35	-59	-11	10	-81	42	-54	32	-47	-58	-31	-83	-61	68	7	-48	-68	-96	-43	-24	99	64	88	-46	23	-94	15	-90	11	-91	-20	64	-73	54	-100	-94	85	64	80	24	96	38	82	-42	-11	36	-98	84	31	61	-98	-89	-11	-80	94	-32	-29	-90	61	-62	66	95	-8	-62	20	-66	93	-12	-86	-4	30	48	-46	47	-51	68	-20	94	34	20	15	-69	-2	-88	-48	23	-81	95
59	1	-88	-39	4	40	89	-3	23	46	-54	31	-42	-38	-31	-90	68	-21	10	2	37	-27	19	93	-10	-25	9	63	19	-78	-79	60	-43	-86	-27	63	-21	15	-37	75	99	50	30	-73	78	56	93	70	14	41	-84	26	78	2	83	13	-29	30	48	23	-74	-51	92	6	-6	-48	-18	-39	-25	-91	70	1	38	-64	12	-34	69	-59	69	51	-11	-92	-42	32	52	96	48	41	17	97	20	57	-73	39	30	-5	-5	-87	97	-33
-23	-48	-32	-84	95	-91	-90	-62	-95	93	-23	61	56	19	-94	-41	52	29	83	-59	-52	-58	-18	50	-100	-45	-49	-2	54	34	-51	-77	-25	-72	-88	-22	19	-49	-97	93	-9	24	12	-6	-18	59	-14	-90	12	-96	32	36	25	-17	69	-43	15	-13	-94	96	-90	29	66	93	94	60	97	74	86	88	32	-54	-25	-3	23	35	-74	85	-46	76	85	-75	-18	56	-78	62	-55	73	0	-16	-34	-42	83	9	-21	-89	-50	46	-68	-71
86	72	-99	-20	66	-35	75	-12	-36	-48	-68	41	44	77	-2	57	-97	-20	68	81	96	37	13	66	48	94	-95	-94	43	5	51	79	67	2	-87	-40	39	-30	-62	-91	-89	-36	4	97	-9	84	63	54	38	70	-79	44	7	45	11	69	-85	64	65	-62	-97	-47	-35	41	71	77	100	-27	50	-54	37	11	-28	24	-12	25	14	68	27	-71	30	-77	55	-59	22	46	19	-53	36	20	45	49	-36	-2	-43	-52	-26	-8	-78	35
42	84	-6	29	48	-48	-39	-52	-29	-70	-40	50	-4	-41	15	-18	-73	-18	-44	-58	56	70	-47	-86	54	-34	95	-10	18	79	79	-52	6	-68	-71	-94	33	79	-86	-82	-71	23	-33	-89	-70	24	-3	-12	-79	81	93	-67	-89	0	-88	-95	54	23	-77	-32	-79	-92	32	53	61	-22	-39	-51	-7	-19	100	44	17	-44	24	-42	52	-84	-65	31	18	-31	14	-21	89	-14	48	-45	-16	-75	-36	35	-49	-87	-51	79	-78	-36	71	-59
-52	-34	11	-13	-54	36	-25	86	25	52	-6	1	31	-32	-16	-74	43	33	-31	-2	-28	32	81	44	-78	-78	-27	72	84	57	43	-32	-59	-69	-57	-46	-32	57	93	40	86	39	-96	40	-69	-100	-48	-61	66	34	100	-57	-39	47	-79	-48	-72	12	-29	-24	85	-47	-12	-92	83	29	30	57	-54	-18	51	48	-77	43	68	-96	-76	-45	1	81	10	94	-74	-60	-65	-91	-15	48	33	44	-98	-86	14	-10	-50	99	84	-54	50	-22
-11	-22	97	34	72	-89	88	14	71	16	-72	-63	95	25	-81	-54	-56	96	83	-56	91	78	-72	-49	19	-75	-47	-83	65	13	94	-76	11	-29	-33	4	29	36	-47	93	-13	6	14	46	80	45	-52	-60	-78	17	-100	-43	-69	-94	0	66	2	24	-82	41	-82	20	50	74	29	-82	89	-48	95	97	46	-10	-34	28	84	100	47	42	-7	34	41	-64	5	29	32	-70	23	96	-52	49	41	44	27	58	18	-75	-35	47	-28	81
65	92	9	37	-37	100	96	67	-68	5	52	76	80	-70	48	66	63	-14	-85	53	80	-75	63	-40	-1	97	44	-35	89	27	-88	-38	-56	-21	99	71	-40	69	22	-70	63	-69	-61	61	68	-78	-90	-87	61	-53	-4	55	-2	-45	-32	80	52	25	57	40	32	3	71	18	-95	72	-79	-100	68	37	-7	56	67	26	-70	-69	26	-18	-1	-39	75	80	-11	30	16	-89	-72	-16	-75	-83	-62	38	-16	60	-48	86	42	21	63	-94
-3	78	45	-71	69	-15	99	90	63	12	42	17	-4	-7	26	57	-1	-36	23	34	-90	-27	3	68	7	-73	44	69	58	78	96	92	-58	1	43	-75	-53	-87	27	32	-31	23	-12	-70	-87	-17	95	0	59	52	-58	-25	-90	-90	70	15	-77	-68	-60	-70	83	-49	6	-10	38	13	-86	48	75	20	-21	-64	-53	8	-54	98	-43	24	86	-40	-3	71	10	80	56	32	12	47	97	54	40	-61	-91	-77	3	-99	1	93	-52	14
5	-30	91	-62	82	-67	25	52	-16	55	-20	-97	52	93	-68	60	87	80	8	-42	-26	-32	-66	2	-7	-60	-42	-71	1	-54	59	72	20	74	29	-50	-83	-57	24	75	-13	9	-90	66	-21	-51	69	-53	-93	-72	-14	-23	80	45	-2	-10	-52	71	61	46	-27	-96	70	3	45	59	47	-4	78	61	100	-4	76	35	-2	-89	-15	85	85	44	49	27	89	4	84	88	-5	86	67	-37	-54	-82	-77	-81	-46	-19	-65	26	-67	46
-18	-93	-72	-14	95	-93	46	13	40	-59	-70	21	-9	85	78	-86	70	96	-70	-53	-80	40	-93	-23	-82	40	22	-23	-3	-81	45	-75	67	-50	16	-38	-91	77	74	-90	58	-21	-99	33	-7	-46	46	63	-57	19	-94	-95	31	39	20	50	25	88	2	-78	26	-21	-16	93	6	-41	34	98	-84	-19	-58	82	81	-19	81	-31	38	16	-92	6	69	99	29	15	-40	-80	72	-24	-67	-12	71	-87	-16	-33	75	-38	-49	-46	92	16
39	-7	-17	13	-61	-31	-33	81	84	-6	-44	-59	61	-90	-22	-26	49	77	-49	-34	-22	-46	-38	69	12	-94	82	71	68	26	71	-29	72	54	88	-37	89	-49	-37	-52	-94	-75	21	64	29	-21	-97	-49	98	52	58	31	36	-94	22	-43	-81	-66	-58	-90	88	43	25	-92	36	44	-48	-92	-74	-60	-47	94	78	27	93	86	-37	-52	59	-38	48	10	65	-39	4	17	-50	40	6	18	-96	-88	91	-72	84	32	-9	10	17	76
-40	-26	-79	1	3	-75	54	-70	5	3	-97	-16	95	-28	4	53	-36	-17	45	-44	12	-52	-3	-30	-56	93	-16	-10	-83	54	2	-72	-13	-99	-46	-31	-5	-43	91	-4	2	-3	34	-60	39	-55	24	46	-88	47	-53	6	50	16	-77	95	61	5	-90	-38	30	-51	63	-12	76	12	-18	-78	63	-46	86	-72	-88	38	80	-7	-4	87	-94	-47	82	12	14	-20	33	97	-38	-77	-59	-16	-19	88	-71	83	-6	44	93	29	33	25
-54	78	18	75	-48	16	35	-57	-9	-15	2	-61	53	-97	100	-75	-61	33	8	-53	-44	49	-86	96	51	-21	-44	-15	-15	-21	99	13	-28	-79	18	93	-66	-93	-45	-50	-66	-81	15	3	-53	51	62	-21	-43	5	-75	46	53	-46	-72	-58	-42	8	23	-77	-68	98	-84	8	-38	53	20	-1	34	-90	-47	-53	-1	38	27	-48	2	57	-5	-78	66	-96	67	-65	-86	-39	35	39	-76	-7	32	78	80	-62	-56	-36	-87	-32	-68	53
-40	4	-24	-58	66	57	-7	-22	69	64	38	48	78	14	-79	49	100	89	-32	-23	12	-5	76	-7	94	27	23	-99	-78	47	-13	10	0	20	-10	-22	44	-93	53	24	29	76	-33	2	-38	71	-26	-85	-77	-5	82	73	-27	33	48	-44	8	17	65	-22	-42	-94	61	63	79	12	-3	14	-44	82	32	41	32	77	-98	-99	-99	-7	-26	84	-76	-33	-31	-92	-67	34	-8	61	99	8	-24	1	98	5	13	43	-97	72	26	-10
-17	78	48	45	-67	78	-70	-22	31	-7	35	50	78	71	6	38	-83	-49	-3	23	-66	-77	-59	42	80	-20	-41	74	-19	-79	20	-55	77	78	-14	-50	-71	-24	-59	-62	-100	92	-98	-90	-47	82	-62	-34	81	-78	-58	-31	-48	-38	85	-80	-45	40	-60	-79	40	-44	48	-26	-14	46	6	-5	41	92	-24	-60	5	34	75	-15	56	31	70	17	73	52	7	98	-53	-16	-65	-93	8	-83	71	20	-1	-86	-22	57	-98	96	92	-66
93	-30	26	-44	9	-81	-42	-3	-31	100	-90	-51	90	-60	-79	-43	-17	87	-51	12	44	93	-87	-13	72	45	-95	-29	100	15	72	-31	-20	80	-17	33	77	58	60	80	12	89	70	-54	-42	54	50	-37	-3	-28	85	71	-68	36	78	-45	78	-18	-95	-14	-43	65	-22	-46	32	96	-41	29	-53	29	-65	-85	6	80	-86	-15	-44	27	27	14	79	53	-97	65	4	67	42	-51	63	-33	-83	80	83	-19	-16	-76	17	51	41	75
74	-65	67	-15	-72	-76	-55	62	-32	-37	-40	65	56	35	-91	84	9	-52	-64	-64	-37	-65	97	-47	-71	9	-4	16	-62	-34	25	47	-33	85	-41	-33	-14	94	7	-47	-7	24	-24	17	-36	65	17	-30	-23	87	0	-83	-96	-85	-58	78	-12	-47	-7	-67	19	49	-27	79	-36	-43	52	59	-53	-79	-33	-66	-2	-72	15	44	57	-36	74	-4	-91	58	7	-71	-48	-32	69	-93	60	-45	91	-27	-58	-6	14	-7	-23	45	64	100
92	91	-13	61	38	-85	-71	81	-28	67	81	-74	22	-71	-24	-19	20	-45	-98	25	94	11	47	-11	83	24	-69	19	-72	-3	-11	65	-1	-79	28	18	-21	-13	-93	3	-15	6	82	41	39	77	-71	-86	16	48	-77	31	50	-52	20	-44	45	39	15	-79	5	78	78	-54	-97	38	-64	64	65	48	-90	-13	-3	21	10	-87	34	-60	90	22	88	2	57	-71	-48	-88	-50	-61	4	13	13	-67	-55	-44	-61	-58	-81	-65	33	99
-43	-71	-43	-65	9	-26	-78	61	31	-65	-39	10	-73	0	17	-41	55	-8	-37	22	10	-39	7	63	-41	-11	-18	10	-10	-57	-14	33	-8	19	95	36	72	-56	88	-83	-92	87	21	30	55	-86	-49	98	-70	-2	-86	-85	2	-55	-19	13	-73	-49	16	-63	67	-92	50	67	46	19	78	75	1	40	-73	-65	-9	18	-59	78	-30	39	47	30	86	-71	-70	45	77	-10	80	84	-63	5	55	50	71	48	-73	60	-56	28	-4	62
94	41	-41	99	-26	-65	-41	55	-59	7	-97	73	-97	15	-62	-49	84	43	-80	-53	75	70	-67	71	-67	-59	-1	23	47	2	43	5	19	-32	-12	51	-70	-53	44	-97	-89	27	75	80	66	-5	-7	-74	43	6	58	74	72	-29	-64	57	95	-46	-12	25	43	21	-47	-88	53	-80	2	21	28	-59	-79	-28	-37	38	-89	-75	-87	-78	91	-87	66	-23	94	-54	-89	8	8	-48	97	-8	53	31	16	46	97	72	-12	82	-4	-20
66	78	31	83	-79	-31	78	36	-97	74	-19	-58	-41	18	-57	90	-21	41	100	63	57	91	25	67	-80	90	90	-72	-37	13	-52	89	-32	80	-62	56	-26	81	-98	34	-43	-17	71	92	75	38	-48	-64	90	-20	37	45	-31	-98	12	47	-78	-54	-42	-69	31	-48	-11	41	4	36	25	54	-38	-78	-1	46	-67	76	-77	3	11	84	-87	-47	0	-83	6	-12	-79	-16	26	-52	29	22	-76	-61	57	-8	58	-77	5	15	92	14
-45	34	0	-51	55	95	-32	62	60	80	-43	72	78	-38	47	16	-86	90	89	-16	-45	1	-24	43	80	21	-50	-24	26	-58	-39	-51	63	-50	-100	1	-28	28	-96	62	-28	16	56	83	-64	-95	-35	42	-23	68	59	-9	29	-30	-68	-90	-85	-23	85	15	-77	-98	82	81	-24	89	-69	35	76	-99	-97	79	90	1	-21	32	-28	96	-20	37	-24	-57	54	24	77	-45	24	13	-26	24	-53	-90	99	-90	-65	87	26	-34	11	-60
11	-33	24	-48	-95	-34	-61	-75	32	-5	22	-62	55	13	-29	93	90	22	43	-56	45	56	17	51	23	24	92	-13	-65	-40	61	-59	-79	-28	69	45	-13	-79	-62	94	21	-36	56	-21	17	-37	55	11	55	-42	-66	82	-11	-44	-33	72	-51	27	51	-63	2	-56	-97	-45	-100	-12	-31	-50	-63	92	-1	5	69	75	-70	-46	81	-62	50	-49	-13	6	93	5	-78	-21	31	-18	-80	-40	-23	1	8	88	-65	67	27	-44	87	33
82	50	-45	29	-51	-6	-60	0	53	13	25	17	-69	95	45	20	-34	26	-80	13	17	36	43	93	-13	-48	14	-47	83	95	53	-88	79	-86	6	-66	-66	-41	-53	22	-35	59	39	-89	-69	85	-67	95	-42	-57	95	-10	-15	17	48	7	11	-5	36	47	83	79	-15	-2	-83	-84	-89	-81	18	100	7	54	8	-33	11	73	45	36	61	-22	88	45	-3	-90	-12	83	-19	-70	-35	-78	-17	95	-36	53	-16	38	59	-88	-40	75
-32	-15	64	7	-57	50	40	70	-99	-14	-38	-51	33	-93	-32	-94	-25	-61	-67	31	-53	-74	-66	57	-74	89	-19	-25	64	-54	23	-52	96	-76	6	-3	-62	0	-77	44	-52	-73	-66	62	60	-62	-51	-24	19	-88	13	35	9	46	-80	63	-75	-15	38	-24	-9	-94	60	-34	-57	-52	-35	21	61	-17	85	66	25	71	100	-4	15	83	27	-63	-13	90	-46	72	-100	-98	76	57	29	77	9	46	20	13	-79	17	39	-94	-94	-16
-39	75	98	-94	88	-70	-78	74	97	-40	20	89	98	-53	47	-81	-70	-96	-83	-71	55	-39	77	53	38	-29	-72	-66	-99	54	35	-80	3	-25	-59	97	-16	62	-62	54	66	-83	-19	74	18	-67	67	13	73	70	-5	74	-59	-54	-47	-34	-32	79	62	-53	10	16	56	-17	59	-78	-80	76	-25	7	-44	31	39	64	-80	-82	97	-16	49	-97	-51	-62	92	-80	91	76	38	-41	-84	-28	-5	9	-16	61	-18	25	-9	73	-66	-71
-41	15	59	53	96	59	13	-86	83	6	-74	25	-89	-27	-96	-63	-29	19	89	52	26	60	-36	45	36	-76	8	42	-57	80	93	39	-52	96	66	-70	18	-85	16	55	54	8	17	-90	-91	31	-26	28	-80	-86	-89	100	-83	-8	75	48	32	89	-47	94	-19	-72	-36	-11	43	-7	-4	56	-80	-53	-8	-70	-82	-46	-65	-1	-81	63	15	32	2	70	97	9	-85	-91	71	-53	-11	94	79	-4	44	20	86	-21	44	-98	-50	-37
86	53	-2	-15	-48	-73	79	-61	48	-12	88	-96	98	32	-46	-100	68	-87	-4	24	-27	-47	93	-11	-8	-18	-59	57	-85	-65	-3	-3	-26	-18	-26	98	54	-10	36	-54	2	86	84	58	-75	98	-55	67	-5	95	-26	29	-14	15	-4	-35	-36	42	19	-7	-39	97	-92	-18	-45	78	93	41	-83	-47	-74	-76	-21	33	51	-99	-65	-25	43	-17	-29	-9	58	81	32	76	29	-92	-88	6	41	10	73	3	-43	28	-87	50	-8	88
72	100	15	-57	45	89	-54	-70	1	36	-41	64	29	-38	23	45	-40	-70	2	14	68	89	78	5	19	55	-33	-11	89	-63	24	-55	100	-91	94	89	56	-71	-1	-35	-49	-12	-75	20	-70	30	-78	-13	-18	-83	-78	15	-29	-92	-68	19	33	90	64	-41	-59	97	71	0	26	-51	95	-71	64	-60	8	38	-63	-8	72	67	-63	-53	-94	39	-48	-59	-24	42	-64	-18	-72	94	-45	66	18	-19	-88	-59	-11	-70	-83	-78	-88	17
-90	55	-65	-49	95	1	-92	84	84	-64	0	-1	-89	37	50	-57	14	36	-17	-86	22	-26	-39	-10	-49	35	-35	20	-7	-29	-15	68	8	99	-43	24	-40	-15	-86	16	-81	12	58	-1	99	-30	-72	96	-75	-87	98	-96	-55	-45	93	90	-39	-61	31	26	-93	96	-32	6	87	43	68	-88	51	66	76	61	-41	-57	26	56	-37	27	-64	82	-17	38	56	96	9	27	-82	53	-19	-51	61	-9	22	-38	-79	27	-52	-71	85	-1
-11	-63	-57	-59	7	62	-37	41	-53	83	48	-3	44	-29	-32	50	-76	11	-1	-43	2	93	88	86	96	89	-60	49	72	-20	-53	21	-1	-61	5	-5	85	-62	-28	-42	-48	94	93	-69	-43	37	10	-26	39	28	-3	61	-34	10	-98	100	2	-33	17	59	-2	91	16	16	36	-24	74	0	58	-38	99	-56	-90	61	55	-57	-44	-20	-50	-100	-68	89	51	0	-77	-4	98	-45	-71	-61	87	-22	16	-6	-41	-19	82	-58	-45	-60
27	-58	19	-40	-76	-68	26	-67	85	-46	-52	-10	67	77	47	29	-25	19	33	-40	-12	36	-31	69	24	65	5	-69	-68	93	-62	9	17	77	66	58	-41	-27	92	91	0	-32	76	-4	-97	-84	87	-60	-80	93	-62	-64	-7	33	-65	79	59	-85	-96	-12	-33	50	39	-23	-50	55	96	62	-7	-72	95	84	20	50	47	60	47	-2	-77	64	37	30	23	21	37	95	-61	7	-11	-62	-27	14	-89	92	63	-58	-31	45	-88	11
-32	56	-56	98	-73	-14	-97	-43	26	-66	59	32	0	79	47	86	100	51	-79	-49	-86	-97	28	90	-69	-75	60	28	42	-41	27	11	92	3	61	44	82	91	-66	11	33	56	73	-51	58	71	-14	24	27	-93	12	35	86	-47	-15	23	-61	-98	-50	-79	-55	50	43	58	94	10	44	-57	3	61	19	-4	-58	-49	72	39	18	40	-19	-71	1	94	2	-31	-64	-44	43	89	-98	-30	94	-10	49	78	13	-75	-82	37	40	84
23	39	46	44	-39	76	-20	97	18	-29	45	-44	-53	-94	-54	-74	32	-61	-12	46	-78	24	-90	15	-26	37	79	3	13	-34	-60	-64	-16	-16	96	-4	-71	59	45	-93	-14	73	53	97	-40	92	55	-31	78	34	37	2	-92	98	42	79	-94	89	26	-80	-7	-97	100	63	91	-25	94	77	51	-53	91	-36	-71	-80	90	-47	-52	3	68	60	-29	1	69	-86	-84	10	-21	-30	72	-40	90	-34	-4	-91	-1	28	13	-56	65	-31
-53	-4	-20	65	22	98	-37	-54	76	-22	-69	41	-27	56	41	-78	75	-22	21	-23	-27	-78	-75	83	24	-75	25	81	61	58	20	-40	47	51	-94	-85	-95	0	55	-48	57	13	-25	-64	19	1	-95	-44	2	53	15	-83	99	-13	19	14	21	-75	15	72	7	-69	-26	-32	72	-76	-94	58	-14	80	95	97	27	70	-52	38	67	54	62	5	-36	-55	0	41	34	-72	19	-18	48	11	-18	-9	56	70	74	63	-37	-6	14	-58
48	-18	-43	-84	-7	-77	64	64	65	3	28	71	-6	73	-61	19	62	35	47	6	-53	-61	78	31	74	-47	86	24	30	5	-92	47	-60	4	98	-96	92	32	-14	1	52	-31	-26	-6	-75	93	-97	88	-8	-8	-57	4	-5	-7	42	50	-40	95	-53	-13	-99	-94	84	75	-55	-29	-64	15	59	-83	49	69	64	100	-53	-95	-67	-54	50	-15	-49	62	66	8	-33	49	9	39	-36	20	-47	92	-68	-98	63	-57	-8	53	-4	-5
45	62	1	-10	54	30	-42	-81	76	-51	-10	8	84	-88	66	-75	-53	100	-15	0	92	-73	29	-48	-3	-67	-42	60	-27	26	89	-18	-80	-93	-22	5	93	-31	78	-52	90	-2	-87	39	10	85	-29	-30	31	28	-3	14	99	15	-77	-59	76	63	-84	13	17	-43	44	77	-26	-100	-91	-26	50	47	-75	-98	22	95	28	47	-16	84	93	-27	45	-42	-12	55	44	92	29	99	-2	-38	-83	-72	77	97	96	-88	41	-77	-52	51
72	11	73	47	60	66	-34	-53	64	77	60	-17	-34	-29	37	34	-34	47	-72	-52	-71	-28	-56	65	-41	34	-42	-38	-24	58	-81	-28	-57	22	87	50	-40	-12	-23	-14	-49	-32	68	-20	81	-83	-57	45	27	11	8	-83	31	-86	-8	99	100	-78	-7	-86	90	40	77	-53	88	-87	89	78	86	-9	-37	49	22	-92	-24	17	-98	28	-29	-5	-70	-66	10	88	-24	28	-57	87	-45	68	65	80	29	75	9	88	26	-68	-32	-2
13	-36	73	59	87	-6	-71	93	37	-42	22	6	69	-19	76	-9	-34	59	-20	24	-39	-16	-17	-97	-100	-52	64	66	15	-20	-7	74	22	-83	54	94	62	-3	80	51	-2	-54	37	-81	18	-86	6	20	96	49	-61	-98	65	52	13	48	73	45	-80	48	75	71	44	52	92	-37	58	-95	69	90	-86	80	40	-40	-19	-94	-54	2	-13	-30	82	85	-31	32	-31	52	-94	-82	-62	-32	-10	-52	100	17	-3	-72	-24	-25	58	-66
-92	-95	50	-93	-32	5	-78	-95	-73	38	-50	79	53	-18	-15	-25	41	46	-54	-84	-83	-90	1	22	-44	-67	78	-15	-1	91	-79	-54	94	-41	59	19	-49	-19	9	71	-20	26	95	30	-85	19	91	-29	-9	-15	33	-22	92	62	-17	-60	24	19	-27	-22	39	57	-65	41	12	5	83	-20	41	34	-1	-63	22	75	8	-30	74	78	-24	-6	-88	47	-55	46	77	79	70	91	-15	87	35	-97	-87	-74	-12	-70	-41	-26	42	71
64	-17	-55	15	-92	73	86	-99	-99	-61	-63	-19	-51	61	70	86	20	13	88	77	63	-94	-97	0	5	69	-58	66	89	-79	-77	-3	99	-57	-85	79	9	-54	-75	30	62	58	3	-98	22	-19	-6	45	11	25	63	12	-8	-93	7	-92	-7	5	14	-76	20	87	78	21	-83	67	-44	-33	-16	64	-59	-60	-69	-15	-75	-32	99	12	32	-10	51	-17	93	-54	48	-16	35	100	19	-2	-5	-46	7	24	36	87	-71	-54	-2	87
-81	32	-23	87	85	73	87	90	14	58	45	5	-77	53	-47	7	53	-66	82	53	-68	38	-41	79	44	-46	-61	77	-25	83	26	19	-45	79	-83	-39	-52	-55	66	-35	-49	-56	49	88	0	-70	-28	-53	-62	55	0	-6	-59	-43	17	84	36	86	-14	82	46	-19	-21	-59	-97	-88	-29	29	-8	-94	-7	-43	-18	0	-56	34	-9	-84	30	51	2	78	99	-45	28	22	-88	34	64	-24	-22	-9	52	24	-89	-20	-48	62	44	68
-88	-24	12	97	-65	89	38	88	-18	7	64	-77	-67	-71	68	73	-55	-39	-76	-91	-42	-73	-3	37	-23	-65	-5	86	9	-85	-87	100	-69	-4	33	-75	-29	71	6	9	34	-81	54	-69	-10	24	-38	-35	-34	77	-29	-13	-20	91	63	-99	67	-94	-65	-58	27	75	56	-91	-94	6	50	-70	-23	-29	50	15	78	-64	-69	56	-93	9	-44	96	-67	16	72	39	86	90	91	17	-27	1	-81	70	57	-7	85	12	32	-76	-91	48
39	-49	42	6	-61	41	-76	-33	-66	2	42	-90	-25	29	-23	78	-10	55	-58	55	-66	72	-30	0	-52	-19	82	-59	65	-60	42	-75	98	-58	64	-51	8	83	-47	-8	-18	12	-39	-96	-59	-61	42	-27	-78	12	-41	95	9	54	-92	-57	-77	17	-22	5	-79	16	55	92	27	38	97	100	-77	68	-96	-71	56	48	-4	48	-66	-36	-77	5	-6	-52	83	-42	-94	-79	-60	58	-22	-65	-81	-3	78	-2	6	58	26	-48	-1	50
7	-60	-86	14	77	-3	82	46	-72	87	87	-54	57	97	-29	-76	-87	-18	-61	32	43	100	-76	-11	-62	-79	36	-4	5	24	-80	71	17	58	-63	-75	58	-7	-80	-49	-15	100	-81	-44	28	-14	-54	-41	-52	56	70	95	18	-18	-87	16	-44	-55	68	73	-64	-40	-15	52	67	20	67	-80	7	-80	64	-25	-63	39	-13	51	-19	77	3	94	53	40	-99	100	85	-11	47	-2	-44	50	-62	-51	-14	66	98	14	-52	74	-63	80
-84	-11	-59	93	41	93	35	-100	84	7	59	66	19	8	13	94	-67	-32	26	8	-22	-9	-45	-62	-62	67	61	79	-64	23	-95	16	-17	70	32	53	54	-2	-82	17	-92	-32	-78	-56	-95	84	-20	53	-7	1	61	58	-17	88	62	-59	31	56	-12	86	100	89	0	-19	-2	12	-65	-2	-26	-59	-66	-58	-98	26	33	74	-13	-6	76	-21	-42	-49	73	22	-51	99	-37	31	-20	26	15	-68	97	5	62	-100	47	72	27	53
-89	-72	-97	39	53	0	94	46	42	38	42	-81	-85	-64	-23	58	84	-35	64	47	-10	-87	-7	-49	75	41	46	92	55	71	-16	57	-17	-90	-33	11	34	96	-72	-45	70	-33	73	-2	-58	-71	-64	18	78	83	-99	7	-34	72	31	94	-100	-55	71	-97	26	88	-55	43	46	9	22	-40	-97	-42	77	35	28	-69	-62	-45	88	32	99	61	19	-97	52	-19	11	34	24	-93	91	23	-87	-23	-79	5	-35	23	12	76	87	83
-86	93	87	-53	57	32	95	60	-73	-48	-11	84	-29	100	98	-94	-18	-59	10	-83	47	-81	-69	2	14	58	65	33	37	-58	-79	-38	28	97	20	-25	70	20	61	-27	-2	-84	-86	-48	-100	88	-80	49	15	-62	57	30	82	35	20	-83	-28	-24	-25	-92	-80	68	29	-42	-6	-27	-5	37	2	29	77	43	-27	-66	26	-65	-4	47	34	-30	-64	-38	20	90	49	37	91	32	-80	19	2	-83	80	-61	-63	95	69	10	-28	40
-46	65	55	-93	-8	74	-61	-7	99	-84	-43	-13	-57	-46	42	47	-27	-14	84	-93	-30	-72	28	28	91	82	-37	-7	-29	-77	-78	-89	-6	2	-88	27	-37	-76	-88	41	98	80	-95	-76	-90	52	79	-6	8	59	32	-24	-49	63	-22	17	-30	-37	-46	-77	69	43	-90	-37	33	0	-13	-12	58	4	-53	-56	-26	91	-48	18	32	-81	-42	-75	43	57	85	-80	-81	21	85	-100	41	-30	-19	-70	81	-93	58	-73	-34	-31	-43	31
-9	-51	-30	91	-79	92	-41	-18	-74	21	-14	99	69	-78	-11	50	20	57	34	-57	85	-86	-47	-49	32	-70	99	28	63	77	-29	-4	-13	-96	26	-12	-80	-75	-4	-95	45	-56	-71	-26	-52	86	-56	-74	32	-12	-71	-89	90	-26	24	-87	-45	-96	43	10	-39	83	5	91	-89	-88	12	-88	-34	78	79	58	35	42	-8	83	89	10	2	80	93	-17	-40	28	67	29	-17	-10	44	34	47	-72	74	-89	30	-86	24	100	46	37
-68	69	12	17	65	-6	-39	-14	-32	-35	61	-87	70	-55	-97	-75	-95	45	91	-32	-99	35	-65	-11	78	-71	-36	95	-83	41	6	-62	-46	57	-78	-4	-49	-32	37	-47	-95	-66	2	5	-49	-23	85	-81	85	-43	78	-74	-19	97	-55	-92	41	19	22	-64	-22	61	-97	100	-23	-44	-26	67	84	55	-39	-5	19	-79	12	-32	-10	12	36	36	16	-39	-85	-14	78	-53	-37	24	-34	-86	-33	82	-15	-12	-91	-34	-82	31	40	-84
39	88	56	16	-99	-62	13	36	1	40	53	6	-64	-85	-9	17	-93	66	-2	-15	-68	-65	87	18	23	22	-63	57	22	-39	93	79	-69	-68	74	48	83	-43	56	-77	53	-13	92	36	56	80	61	-3	58	-35	8	-14	20	75	68	-17	-33	-99	47	12	-81	-46	17	-88	-83	8	-1	-17	83	-84	-68	93	-4	-69	-48	97	74	40	44	3	-22	-39	-53	-98	29	-11	86	14	36	-69	-70	-54	-7	39	-41	85	-9	89	-34	75
48	-32	32	4	44	78	23	-13	-35	-36	61	56	-86	35	-99	60	22	43	67	0	83	42	14	-83	-20	-13	-61	-40	34	-76	49	3	1	-92	99	-40	7	-33	59	-2	-16	-25	-47	69	88	-30	98	-75	24	-69	18	-8	-75	20	61	-47	85	67	-87	37	56	-92	24	13	-31	92	-41	68	62	-53	87	9	67	-4	-87	81	-71	-11	-9	86	96	8	-27	95	-40	-31	96	-65	26	60	-58	-21	22	-32	-32	-52	9	-92	-71	12
19	67	-18	-71	72	32	88	10	2	-71	25	28	88	85	4	98	-27	71	-70	74	-2	99	55	74	32	-75	-81	-37	-38	43	-87	99	25	94	40	-57	24	-62	90	-38	64	-77	-88	0	-63	10	-23	37	38	-96	-25	83	-64	33	72	51	55	-90	75	100	-96	39	-48	-95	95	33	75	-42	-69	94	-64	-14	87	31	60	-93	-22	-6	69	27	85	93	81	-88	79	66	-76	-23	-90	58	78	5	92	95	84	-70	18	-92	55	16
25	38	66	-49	0	-40	-51	-89	66	-60	-10	26	48	-89	-11	-60	-82	75	-46	89	62	78	-12	32	-59	90	-3	38	63	4	86	88	-62	-14	37	84	77	-39	-2	-52	78	6	-57	50	-41	83	-52	90	66	-36	41	-98	-68	-68	-79	-83	-89	-50	77	-50	-49	-85	-93	19	86	-86	71	-39	62	5	21	22	70	-47	-64	-64	-80	5	59	74	-20	-32	-11	46	-59	-40	-40	-54	-30	10	-20	-90	2	37	41	-14	80	-44	66	-94
-46	-30	47	-97	75	-11	-15	-99	-10	-49	-32	63	-38	7	-72	-67	45	-51	-59	83	49	54	61	89	35	-41	79	-90	43	-94	-75	-87	73	-34	-72	-62	30	36	91	71	66	58	21	-81	-94	-68	23	-34	2	42	-97	-24	4	-49	62	83	-100	39	9	65	-76	58	29	-53	23	-62	-35	-65	-54	-55	55	11	68	-70	-9	84	-8	92	21	7	-6	30	-64	-49	-94	2	38	63	-38	-60	39	22	25	41	-5	-12	-28	-88	-82	65
16	-55	-57	-82	71	72	-7	79	-18	98	80	29	-69	71	-21	55	-87	24	-80	89	95	-95	43	-30	54	-25	-34	5	85	52	14	91	-78	-25	-40	-20	-49	87	-7	48	-3	0	1	95	57	83	-39	-48	-31	67	90	-3	4	85	65	-16	-71	80	-79	99	-95	-63	15	76	93	7	0	77	96	87	-88	92	-26	33	-30	41	-55	79	33	-3	72	32	-35	49	-15	22	87	-47	-77	-64	96	-28	38	18	29	6	-62	18	-96	-96
-1	-13	-92	91	-66	7	-59	70	-16	-76	-4	-62	-22	-31	-8	-34	-80	20	-55	-1	-100	28	93	81	-93	21	-89	-65	95	-55	2	71	-24	42	13	60	-38	-29	55	73	31	90	82	-3	47	16	-81	-18	-80	87	-71	9	68	-74	-78	64	-84	-11	-90	61	-55	-92	12	-39	-95	-71	13	88	-20	-10	87	-53	78	-69	76	14	-69	93	-21	-94	33	-14	12	-92	-52	-74	-67	53	-86	68	-28	42	42	15	58	-47	-48	-64	-100	37
44	-3	55	78	-14	-35	-5	85	33	70	97	19	10	4	-80	-72	-27	-28	54	-95	87	-57	59	-63	-90	-47	27	-49	-16	69	43	57	33	2	99	-87	-36	67	89	-100	54	79	-93	46	79	2	48	99	-23	61	19	79	100	1	9	100	-3	31	15	-37	62	-8	-80	-14	49	-95	-34	-36	-58	46	37	98	41	88	27	73	77	50	9	-64	68	-83	31	-99	-96	-76	-82	85	79	90	-8	98	0	39	56	70	-17	25	-59	35
-76	65	25	0	-78	-1	70	-10	-25	-58	-47	-17	-17	27	73	58	43	23	63	45	6	98	-94	77	-44	1	-92	34	71	-54	19	40	3	-81	42	-4	83	68	-16	-97	81	-39	3	-27	6	34	3	-85	98	-80	22	20	-46	37	-21	-14	-58	72	-42	-31	34	-70	96	60	-35	68	-67	-40	-42	-19	34	88	31	50	48	81	-74	-99	-26	-87	-40	-86	8	-97	-42	24	95	-98	-45	30	-40	-3	1	80	-70	0	35	11	-19	6
-56	-79	-28	6	-30	74	40	40	-90	84	-18	-92	-50	15	-30	-88	-29	83	-70	46	31	10	25	-98	-53	11	0	17	53	-98	-48	3	61	-34	-25	-11	-89	19	-30	46	-64	-93	74	-100	76	35	93	-65	54	-16	3	92	64	1	-55	14	-75	-47	37	24	77	77	61	-38	54	-67	55	31	24	71	-47	-56	26	26	-85	-64	-25	31	16	57	-75	-84	78	-69	44	-14	-19	3	14	-43	-91	-54	-62	-38	-74	45	-40	64	77	25
-18	42	82	36	48	-27	-71	-67	27	-79	-93	24	-43	-9	-49	-62	-92	27	-55	9	11	22	99	-41	51	-15	54	52	49	-53	15	83	-59	-16	17	-51	-80	79	-49	-22	96	16	-64	61	-1	-28	48	-62	100	-1	-50	50	12	50	-84	62	-8	67	-24	50	94	-4	86	10	73	79	67	6	15	-12	94	49	-51	-55	-99	-35	-20	-33	1	34	35	51	-62	35	41	-21	34	-47	69	1	30	-2	74	77	-80	-18	-59	-45	11	-46
-64	-34	-75	-28	-19	-19	85	41	-45	-82	28	-13	13	-61	-20	77	-99	16	-94	50	75	38	-78	9	-91	-55	42	87	-49	73	-16	-69	-24	51	23	25	51	14	13	-35	-2	-8	-100	-99	31	-58	92	32	49	-10	47	-18	84	31	-36	-71	85	-42	-73	-57	82	58	-6	24	-16	20	58	-6	-92	58	86	-80	6	88	30	-3	-7	35	-77	-88	-85	-48	68	99	-2	0	-9	-61	55	-57	-45	30	15	84	42	-71	30	97	95	-29
-41	88	-23	37	85	1	-15	95	-86	-6	-73	22	93	-90	23	1	-15	88	-96	-12	-55	48	60	-95	83	-78	22	89	18	13	26	29	-47	78	-65	65	82	28	-26	27	39	-69	-79	-28	-11	-82	51	59	-20	41	94	26	-97	-8	-64	18	28	0	-14	-14	78	-75	-49	85	76	-36	19	-42	-59	-93	-1	-69	11	-43	21	96	-50	-52	-56	-88	70	68	4	-96	88	26	-13	-18	43	37	-100	87	34	55	81	-17	6	80	-67	-99
72	24	69	25	51	-51	-16	21	76	-61	-80	-72	47	-33	-65	-56	-7	-73	-29	98	92	6	-84	-82	-41	-37	-41	-18	-8	20	92	-59	42	26	57	31	-52	9	-44	93	-62	43	95	73	-92	66	-96	86	-86	78	-61	23	-98	0	-92	-10	-5	97	63	-62	-88	-2	-76	91	-60	16	-39	-73	-11	48	-2	34	-91	-90	93	86	32	-4	-3	-11	82	-40	-2	10	54	-23	-72	76	3	72	-57	-82	-16	63	31	2	-24	-71	-64	-89
47	9	-86	48	-60	-6	-5	-92	-57	-62	-21	-78	-53	32	-68	-41	28	-77	-53	-22	99	-57	24	-9	53	83	7	46	-54	11	-6	66	33	-50	7	70	99	36	26	72	-57	38	-62	-7	27	-68	85	47	-78	56	-50	-11	44	65	-84	93	-55	-16	63	9	-12	69	98	35	75	-17	-22	-47	-12	-80	84	-44	74	-79	-49	89	31	9	-27	73	50	0	77	-33	60	-62	82	-49	100	58	55	-66	-69	-86	21	94	96	70	78	-67
-91	76	-59	53	-78	-35	-33	-68	-39	-53	83	-25	100	-61	62	-4	-26	10	-6	79	12	58	-41	-26	18	3	74	36	54	94	60	-17	-39	-72	-30	-40	-98	-46	-46	72	-17	51	-27	41	-81	70	32	-82	-59	85	-7	9	-36	41	-93	61	-53	-32	-9	-10	-27	-56	-9	-60	44	-3	14	-38	-82	36	-81	87	-78	-64	-4	-91	93	96	-12	42	46	-2	61	5	49	9	25	-86	63	-96	-73	-92	-41	-59	-32	-39	82	52	7	-74
-87	86	3	-23	84	94	-59	86	-95	-64	-38	36	19	5	-37	-37	-43	-48	-34	17	30	-38	-85	-38	91	88	-97	83	24	36	-37	-32	17	54	-32	-6	35	43	25	4	-57	20	-81	-26	66	-56	-43	26	53	86	-61	-70	-96	17	68	4	-67	35	50	95	-28	-48	5	26	9	26	-26	67	93	-41	-100	23	-49	-38	91	-84	28	29	53	54	51	94	42	81	28	-69	74	73	92	89	16	-16	23	-30	-57	88	37	80	40	0
47	47	74	40	42	-79	31	-51	75	15	35	1	10	-57	57	27	-70	-83	-46	71	28	-58	-78	85	-24	93	43	23	-49	9	24	76	-45	78	-17	-36	-26	-79	98	69	69	88	-73	-32	-55	11	14	11	19	-64	-52	-55	77	-36	-23	24	21	-22	-73	71	49	-10	31	42	-13	-94	23	-33	-18	45	-28	-4	59	-12	-62	70	-12	-63	97	-89	-34	38	24	-47	-47	31	38	4	4	-18	-75	-42	-94	78	16	-20	13	22	58	-8
87	-39	-80	-28	14	-86	75	-55	-86	-69	-16	9	-45	45	-46	-3	85	56	36	-11	60	26	48	5	83	-80	5	-5	-88	-34	-48	-72	-86	56	57	36	-85	67	-89	-13	-90	-66	-52	81	-88	42	-77	-38	-76	97	75	64	-35	-88	-89	51	87	-82	-86	-24	61	19	-57	61	-54	34	-53	-31	-80	-35	42	5	10	-52	98	60	-21	66	-63	-13	-69	39	65	-83	28	-94	79	1	30	-75	89	-58	-83	79	36	65	-87	95	-60	-56
99	86	-85	-5	7	-40	32	41	66	-73	-39	66	2	-66	60	25	-75	-41	-56	72	8	-56	-26	20	-1	10	19	89	-87	73	97	-81	-61	47	-78	40	-3	-83	20	-59	82	-24	65	75	-28	-64	-71	-92	-91	-48	59	44	24	-45	-72	-54	-26	-65	-33	-11	43	-57	27	96	95	-44	-71	53	-88	-59	68	-61	20	26	83	-53	25	-42	71	4	-1	41	18	67	2	-82	-85	-60	6	27	-80	15	-9	78	27	-32	38	-99	-64	-44
94	-69	-19	-15	8	-41	55	40	-18	-85	56	-82	-92	8	93	-37	-7	-86	-56	13	-76	-15	58	-70	-31	-26	54	-45	58	54	-43	81	34	13	57	17	-72	-28	62	42	2	-30	-35	7	-40	-64	79	19	-70	66	-73	-71	-65	79	44	1	26	-54	81	-56	86	68	46	-12	4	-99	-89	6	82	67	25	57	90	-51	-63	-58	-10	-50	12	-30	-34	-20	-100	8	100	33	52	2	90	-38	91	-71	-52	53	91	58	5	-58	75	13
