59	83	73	63	69	-27	47	-90	38	-84	-68	-58	98	6	-30	-50	39	-26	19	44	20	-88	-73	-4	-66	6	39	40	-56	-52	-6	58	100	-84	36	28	30	-48	23	43	10	-36	-14	-1	-64	-15	24	49	31	-17	-33	56	-73	-50	-49	-1	-70	39	-85	-46	-15	-16	57	35	-8	-59	38	77	-10	58	-52	-49	78	-21	14	100	-54	71	4	76	9	-22	27	8	2	-66	24	27	76	-87	83	9	25	-2	60	-65	-78	-73	-20	-18
17	-80	36	36	98	-89	4	49	-2	-40	-43	-93	-59	47	14	-22	-53	76	47	-61	-37	62	57	-88	-77	-22	53	-28	32	-92	-96	-96	-98	41	15	-2	29	18	-71	-5	-65	-12	-5	45	-80	74	-15	77	-60	22	49	60	-100	-26	-98	-25	-23	-35	-65	-94	-50	-58	-35	48	60	34	33	16	66	55	51	-65	-35	43	-90	69	-61	66	-27	-96	50	99	-72	89	-32	55	49	98	12	49	-53	-49	71	24	84	-68	42	-60	-1	-19
-43	-96	72	56	63	4	5	10	-8	51	61	45	66	20	83	20	-15	55	-95	-5	4	-22	-61	-22	-47	40	-2	-28	-37	-83	-59	-89	60	-65	-50	59	20	-70	-67	-51	28	66	-76	-53	-69	-43	57	-81	-60	-23	84	96	-97	72	62	-19	-68	89	-30	92	-67	-24	53	34	-36	-73	80	-8	-56	-84	-47	67	9	11	48	-97	-69	-48	15	36	25	77	45	53	70	-22	39	-68	-76	46	41	-87	59	33	47	49	-37	57	80	-75
10	-52	-26	-73	-50	-56	-10	-31	-7	15	-85	100	-76	-51	32	-16	74	83	-47	23	-71	-86	-63	57	-10	3	-42	-68	41	23	-83	68	20	10	-19	-16	100	-6	65	-51	-36	48	82	9	-57	-84	44	5	93	11	2	-50	69	-83	-67	-78	-77	17	40	94	64	-20	62	18	5	100	-24	-46	49	66	-78	-10	99	-48	34	80	-4	-96	-47	2	12	0	-10	-22	-1	-75	3	-70	-44	-28	-57	-18	79	-69	-38	-68	89	26	-7	32
-20	-51	-21	-29	80	-59	67	-17	88	17	-65	-88	-56	-2	-58	-96	84	-80	1	39	11	-44	38	-81	-68	17	-69	3	7	16	48	66	-61	56	-88	0	-14	-7	50	-79	-4	91	-65	-4	-25	94	8	-70	10	-81	-40	51	-60	77	-27	-41	-59	-70	48	94	-29	32	-6	31	17	95	-60	80	-25	-56	-76	53	-50	31	92	-79	17	94	-49	30	-93	-33	-64	-29	-14	-89	-83	51	-52	-42	31	100	36	-61	-64	-78	3	-56	-59	38
-76	97	6	42	-63	72	-44	-80	55	-61	-16	56	-72	-25	-71	92	-20	21	68	-97	-44	-84	20	35	-14	-84	-5	-69	24	76	46	-3	99	-34	-15	-98	-48	-64	44	-73	-25	-45	30	-81	7	-17	-29	22	-88	91	42	-19	45	7	-51	-44	-60	-72	71	59	-73	53	-27	29	-42	-51	52	87	31	-35	98	3	-75	55	-96	5	-64	7	28	56	9	-88	71	-49	-66	-61	19	-2	-56	-83	-3	50	-99	-16	-43	26	-6	-82	-81	28
-77	-85	-59	65	14	57	24	-33	77	-49	66	-64	-7	-34	-71	57	-40	61	89	-12	-38	53	73	90	-44	-83	8	68	35	32	67	-55	-41	83	-60	71	42	10	47	-94	-84	-71	4	-75	30	-14	-90	55	-8	-55	-79	-44	-34	1	-25	91	-49	-86	15	51	-96	69	22	-72	-27	16	33	-47	-71	-91	-67	-39	-62	85	57	-32	-67	-84	88	40	64	18	-70	-98	-46	89	97	62	19	77	-41	21	-94	-13	63	-56	-5	-98	53	-11
42	73	-85	8	-76	-13	60	-90	79	36	-70	-1	52	60	-94	-55	-49	-16	-36	39	93	-53	81	-93	-10	-33	90	70	21	-35	-5	53	-92	-42	77	-60	-38	-26	84	-38	49	-23	-3	78	-12	29	52	-24	-40	45	-91	-41	-40	15	-91	-55	46	-82	-64	-64	45	2	-48	80	76	48	66	-58	20	-32	93	-77	73	-51	-68	29	5	53	-85	-34	44	-48	50	-21	-9	64	-29	-58	54	35	48	3	79	13	-95	-24	72	42	17	-12
79	36	26	73	-70	-60	1	-46	65	29	-76	74	-100	-68	77	-88	21	17	-66	-31	83	52	92	-48	-85	-19	-89	70	-37	-93	-13	-89	-82	6	66	11	21	86	-68	-93	-42	88	-74	-9	-86	21	9	52	77	50	-74	83	-75	-11	28	-95	-32	54	69	-47	-27	86	87	59	22	77	20	-99	-52	-77	87	-89	0	-77	-50	-27	-56	-22	4	-7	-74	-80	87	18	-72	63	-10	-4	-67	-64	9	42	-67	80	92	12	2	52	10	-35
10	-25	30	100	40	18	-29	60	-7	-75	11	-75	55	6	55	-42	89	-84	-35	61	-86	24	-35	-91	53	-86	-64	96	77	71	-90	37	60	-82	14	-12	-40	-78	-14	-83	61	-81	-49	72	-70	11	-11	-18	-91	-38	-71	61	65	-64	-93	-20	74	90	-54	15	41	96	66	86	-96	86	-74	100	-86	4	-49	-25	-2	95	-49	-16	-88	-7	48	69	-5	94	-67	86	-60	-80	37	-76	76	-40	35	-68	-28	-47	-32	-53	71	7	60	-90
95	94	27	43	44	-40	-91	83	85	22	-70	-85	94	-97	79	-14	-57	-43	-4	29	-66	51	20	83	25	75	-28	-75	93	-6	-73	-55	-13	-53	-29	-25	47	2	-5	-55	23	-66	8	-85	47	-21	100	44	16	50	-15	73	69	71	-47	76	16	41	33	94	34	-97	-64	-69	78	-33	57	12	74	-50	58	37	-55	-79	-39	40	74	60	33	23	-59	24	99	-41	-84	21	-43	92	50	-8	23	-16	-67	69	-11	50	81	-17	-7	46
-89	33	-56	-98	3	-54	74	-87	-83	49	-51	54	-60	86	-77	83	49	-27	33	-10	45	28	82	43	-50	-32	65	-65	-42	39	-78	100	-12	95	-64	14	36	91	7	-40	-33	15	-37	55	64	-81	-70	4	56	40	-48	-55	40	-43	48	28	-12	-72	33	39	50	23	63	73	91	31	40	93	46	72	24	-69	6	-16	56	67	-65	65	53	82	11	-51	-89	-54	-54	31	-86	35	-56	18	-22	62	14	-40	-40	61	95	-84	10	43
81	-39	-98	-8	49	-81	-46	9	47	28	39	-9	54	-78	1	-1	-34	-84	41	-48	9	14	-17	-3	49	48	25	-29	-11	-98	-7	-84	95	-43	-83	-9	-82	34	10	-94	9	-65	76	-18	42	85	20	66	89	-24	29	-84	36	-56	-36	-47	-73	-73	-37	8	-14	-53	89	80	38	87	-57	-87	3	-64	99	48	-1	96	-58	78	55	-70	-100	-26	91	0	0	26	12	99	-14	33	27	15	-58	15	-57	-64	65	65	88	77	39	61
-14	18	-45	10	35	25	32	17	-59	-50	43	-18	-10	-83	90	41	-99	-52	-37	96	-39	-99	3	-69	38	69	-28	85	-62	-42	11	97	-55	-76	-21	-76	94	-61	65	99	-38	48	43	-70	-30	-13	47	-33	48	22	-34	-82	-8	34	81	83	-47	9	-9	-8	-43	93	-4	17	83	100	-78	-64	27	80	26	40	30	-81	14	-87	40	64	-50	-2	-63	27	-80	-77	-14	-15	-28	-10	17	-10	-20	-41	59	-64	-32	61	64	81	74	-61
-30	-88	64	-58	55	2	20	71	-24	-75	-10	37	-34	-11	13	-34	-87	34	-60	-12	-58	-7	40	-77	-90	-96	12	-96	-1	98	-27	-19	78	-58	-46	-32	-83	-84	-19	-51	-16	-2	-78	38	94	-53	-99	35	100	94	47	79	27	85	44	37	-40	-56	-66	-72	-98	20	-85	56	3	81	-9	-70	30	-64	69	42	-59	79	-90	-1	-28	-54	60	14	59	62	-20	60	-90	-71	1	-14	29	-5	-49	-53	-38	-41	-29	-62	-24	-61	59	81
47	-29	19	53	-11	-40	-23	-60	25	-3	-97	-55	-83	-25	-81	36	100	99	-71	-55	53	-65	38	-28	15	-49	-78	-89	-41	18	74	43	25	-73	35	41	-94	8	5	4	-5	-94	-29	-49	-24	96	90	-40	79	74	12	-4	66	55	-44	-95	-75	-83	-25	-5	84	-63	74	83	32	28	-96	-61	73	-32	43	78	63	-75	72	15	-19	92	-20	61	-14	-37	36	56	-99	-17	-56	-6	74	60	41	81	-1	76	-14	73	65	20	64	64
-37	-50	21	-19	-11	77	-69	-51	-34	13	2	54	-85	23	-26	72	-58	-29	-71	43	90	56	35	85	60	97	-53	-43	11	20	-52	-63	-28	-98	56	6	23	29	-50	-72	-63	99	-22	-84	32	-47	-37	7	-94	-18	-22	12	-47	2	-83	71	83	27	-15	66	6	61	-49	-89	-44	85	68	98	-89	-16	45	-72	-3	94	-72	34	71	-45	-8	76	51	98	-27	-47	-80	92	-60	49	-72	69	-86	53	26	15	14	34	44	-61	15	100
85	-67	-44	-75	-44	25	0	66	-32	-12	-10	38	30	29	-7	-50	64	0	57	65	41	99	-90	5	15	-93	68	63	-23	-22	-3	45	45	-61	-26	-43	93	84	90	-26	68	-75	-90	85	5	-96	44	-35	-98	36	-81	-65	-93	-13	60	-13	-64	73	-27	34	88	-24	-66	28	45	-50	-1	-30	-82	68	38	-28	-51	-27	25	-23	-20	23	72	74	-41	-31	-4	36	82	18	7	-59	69	94	-60	-80	97	-11	40	-25	72	81	-20	19
82	-11	-88	13	-34	-64	87	36	-70	-62	20	-81	38	-79	78	91	16	-11	31	72	10	-93	27	-7	-79	-83	80	34	-37	-22	39	-3	44	-64	79	42	-3	-83	-45	76	0	-68	78	93	-92	53	94	70	-95	-88	-90	-75	30	75	44	-81	65	52	33	-41	20	23	-54	46	70	-4	30	54	97	16	55	-40	26	79	-70	-48	-39	25	74	40	-77	-8	76	-62	-20	-57	-50	-100	80	74	90	20	-33	9	66	-11	-36	-48	86	58
20	94	5	13	-44	-80	-68	-32	-14	8	-12	99	46	79	6	-40	17	76	92	51	56	-41	-79	51	69	87	52	61	-48	-66	-51	81	35	-5	1	75	56	-78	49	90	28	63	2	-17	3	-80	-67	-30	-100	-12	-100	-69	0	-38	-5	-14	-14	-62	31	-97	89	-40	-40	30	-35	66	34	-86	49	-13	66	100	51	-50	9	44	13	10	51	-54	-26	-79	-87	80	-86	-34	-92	67	50	-7	-45	-90	27	-49	25	26	60	46	-65	59
66	-75	94	-86	0	-93	-48	84	10	68	46	96	-4	-59	-81	97	-100	-96	-30	59	59	53	2	-52	48	-53	17	19	55	-73	-29	-63	-62	-79	41	98	39	-58	0	91	-32	48	75	43	-68	51	67	40	-5	-40	4	44	-61	-83	-98	14	23	-65	6	5	-89	-16	-86	57	72	-53	-78	93	-72	28	83	-58	41	45	22	-4	5	41	22	-30	-71	87	64	-1	40	64	87	-29	45	-84	50	58	7	-85	-70	-56	100	-1	-6	-14
-45	-47	-85	24	67	-76	-35	29	-59	-15	-73	20	40	32	20	69	-73	-38	-50	43	-81	2	-56	95	-40	-81	-16	61	100	-6	38	-37	63	-98	1	41	22	-49	-81	28	-85	21	-95	41	29	-44	-35	70	-32	14	-84	-30	88	-89	-43	16	88	-46	-60	48	-35	94	-82	-68	-64	3	70	79	-86	24	78	-24	16	73	-50	84	100	-42	31	72	84	-27	-72	35	-35	65	-87	96	-87	-91	-90	-57	-81	24	-60	8	55	17	27	30
-71	-43	5	-47	-77	-66	-63	82	41	22	72	7	75	58	36	100	40	-16	60	22	40	49	-95	-21	-13	-22	97	-45	-55	-82	11	-26	-56	-43	73	89	44	-43	-51	64	-46	49	71	-31	47	-80	-3	46	-70	68	-54	20	64	-86	52	54	85	-55	-35	-5	36	-77	30	57	-29	75	15	-24	80	41	75	47	-45	15	53	-73	-98	-43	86	-48	80	4	1	9	90	-95	13	-40	-47	-99	-57	-38	79	0	-8	-33	-43	-97	-2	-4
-54	-28	-44	-39	-81	-91	15	73	100	-45	-93	6	-82	37	-87	12	14	-58	84	-69	11	-3	82	98	-63	50	93	-67	-88	-86	-13	76	85	-16	-75	-33	-73	-95	-52	78	95	40	-71	-26	41	45	-64	3	-58	-56	3	-97	-90	-82	36	27	6	72	-84	-32	-74	39	83	79	83	-34	52	-47	-17	-79	-37	-31	10	-89	42	69	-67	37	87	-83	-57	-80	-21	-29	67	76	15	44	89	-26	-73	87	-13	39	89	-59	-67	-85	33	-2
-70	39	97	-9	-55	81	-39	44	-13	95	-62	-54	96	-44	-25	81	69	81	-46	89	31	-78	64	-75	44	46	-40	70	76	-66	-86	41	98	59	93	34	8	0	36	75	15	-22	99	-93	10	40	32	-15	66	-99	49	-24	89	83	-85	91	0	-78	29	-37	-96	-38	-74	63	-46	85	54	67	3	-95	56	33	-90	-50	-65	-25	4	7	72	72	-3	23	-18	-52	-21	22	85	82	-44	-56	52	-93	-83	-14	-78	67	8	27	67	-6
-28	-11	73	-68	-16	-67	-67	-6	87	96	-29	88	76	47	64	-56	90	76	-88	92	-83	90	-29	20	61	-42	-64	83	-10	-98	-22	-93	70	12	-8	-18	-74	36	74	-53	-76	-15	-68	89	-20	19	-32	-61	74	67	-56	-40	-31	11	46	-97	73	-8	-59	-79	-52	-21	-60	-62	-96	-37	0	26	10	-17	-40	-58	76	-27	32	-41	-80	42	-93	75	-44	100	-79	89	95	-71	4	6	-3	60	-50	0	62	-39	-8	-8	-60	-88	-50	35
-64	54	-78	-68	-49	-56	-59	64	19	90	80	-92	87	26	0	-65	94	69	-9	10	95	-61	-72	75	3	-30	-60	85	-89	11	71	87	-81	42	19	-84	-65	-83	-71	-66	-36	-1	-44	-5	-19	39	91	-96	-67	23	-80	73	80	99	85	-5	-13	63	7	-57	-86	18	48	74	73	-55	-72	-66	-76	70	-64	54	-99	98	1	-51	28	-23	-17	78	-90	-55	91	97	76	-80	64	-38	14	69	-19	18	36	46	-22	50	44	77	-91	95
-11	-17	-87	60	-82	-54	-29	72	-96	43	56	-62	84	22	99	-30	26	4	-67	-60	42	-61	40	51	97	0	-20	39	-68	-51	-68	69	66	-59	84	-34	56	-6	78	-4	-46	21	-7	91	27	-23	54	83	-96	-79	-40	-97	44	-53	-55	6	-51	-21	0	-61	-3	-86	69	-67	-19	-67	-80	-47	63	53	0	70	-40	20	17	-51	-87	6	52	-60	-41	-7	-21	54	-54	41	93	58	96	-49	-47	-41	-1	68	-53	-77	-86	100	-26	99
22	99	-52	7	38	12	-11	50	86	-41	60	50	-100	-31	6	-89	74	-82	90	-40	-13	69	76	99	-25	13	97	41	79	39	73	47	-68	91	-22	91	-56	-82	-35	-26	-67	-67	-75	79	37	-34	2	59	98	-57	38	93	-17	-22	-70	91	-49	25	26	-20	-28	-35	46	92	96	34	32	-92	59	-71	-68	-55	48	-86	98	-26	-80	-92	-64	27	-28	-94	-68	85	14	-41	35	-66	37	60	43	-77	-30	-3	-72	-44	-45	-44	-55	64
50	-89	-54	-100	83	16	-34	-1	-55	68	-58	-28	30	37	71	21	-53	3	-36	-1	-83	-22	-49	98	-94	-83	-35	13	-37	-50	63	82	-49	26	63	-72	76	30	-16	34	-56	-64	-87	-4	100	5	-84	-44	-36	-13	42	-50	-11	-70	55	-85	94	-68	55	-93	-79	34	16	-23	76	60	-84	84	69	-98	52	-56	79	-53	-55	34	-76	-16	88	-95	39	-93	-53	-21	39	-89	40	25	-52	89	-35	50	54	77	-13	-44	-62	-71	59	-25
-59	-70	-10	25	-15	85	-9	47	-9	8	52	-49	-98	-23	-8	55	-78	-36	52	-75	94	100	15	-66	14	93	-45	-79	24	68	-68	-45	34	-81	99	-1	16	85	81	59	-68	-62	-70	-48	47	18	67	81	56	21	54	-54	61	-33	-30	36	-39	-34	66	-29	26	-33	88	-72	97	40	-1	61	-51	-51	-23	-82	-99	-68	-18	-89	-57	62	42	-58	-36	44	95	9	-5	67	26	74	-4	-86	-73	12	9	38	49	70	-65	-82	55	-37
46	27	-21	64	84	74	-9	4	16	88	10	32	-42	-60	100	19	-70	31	-10	45	-81	-97	-48	-70	-8	3	-40	10	76	-44	-91	82	42	75	-90	39	27	-45	-99	-49	-29	99	-58	-64	17	-40	-53	-18	-41	-63	80	45	25	-89	-65	-21	13	71	48	-58	-90	100	-69	58	83	82	17	-46	-47	-92	99	-32	-93	-65	-4	70	-49	-76	-60	33	-30	16	35	-13	61	-6	23	-84	-11	14	26	45	11	-66	73	50	72	41	-40	8
66	-78	87	92	-79	-16	-30	-85	3	51	86	97	100	-86	48	-22	80	46	-64	-71	-23	58	26	-70	-94	65	2	70	-78	11	-30	-34	-4	-75	-57	46	-26	40	-34	75	29	76	24	33	-26	-84	34	-50	85	-56	-77	-7	-79	38	71	-15	6	-68	-60	38	53	-95	-94	66	-4	-54	58	3	42	92	66	12	80	55	-42	33	-4	-4	-23	-49	31	43	20	-14	-22	-50	-75	60	65	32	85	-5	-37	30	31	58	97	-77	-76	-72
7	88	-74	29	72	32	-72	54	-35	-34	-90	10	-43	-25	-16	-13	28	-45	59	-80	-76	17	8	-45	-92	-36	-34	10	12	-5	-93	-78	-27	69	50	-24	47	64	86	0	82	-52	78	92	-23	-64	46	-39	-1	80	60	-51	72	84	66	52	-61	34	17	-1	91	-94	-25	-79	36	68	-37	-41	-65	-10	15	36	-92	79	-52	33	54	-43	100	34	-31	-76	-33	-27	49	4	-5	20	-16	15	-8	-46	-23	45	-81	45	60	-87	12	-20
0	-15	-31	-10	-4	45	-70	-16	57	-60	-12	62	29	-47	8	-16	-13	-64	89	-89	86	7	-7	-92	-77	-88	-40	63	66	-100	-61	-63	-97	-52	96	75	90	47	-67	-2	5	48	41	-35	18	91	-62	65	26	-46	-47	62	-62	-94	76	32	-52	87	13	46	30	-31	-22	-80	35	-42	-16	21	11	2	-85	-3	-39	-35	-23	62	35	59	-36	-62	1	-62	96	-23	99	-57	-89	96	-83	-6	70	-55	-6	91	7	-53	50	91	14	-46
69	10	-34	49	11	-53	-66	-16	38	-50	-41	6	50	-38	61	-66	-5	-95	44	97	26	14	-67	80	-80	-81	-74	50	94	-32	68	-49	92	-36	-34	40	51	-61	-72	-1	28	4	47	69	-93	-89	-40	-9	89	35	-85	-96	53	-29	79	-74	86	-67	-43	58	-70	-60	-18	64	97	14	78	21	27	68	-58	6	50	67	87	37	25	21	-46	-67	-97	-74	14	-15	62	85	-86	-45	71	-37	-85	-82	76	6	-34	1	-77	29	64	-67
23	-74	-12	-64	-53	-93	45	63	-43	-37	63	-54	-75	57	98	48	-1	80	56	-17	74	-39	31	20	36	69	-62	-33	-67	-91	90	58	-43	-42	72	-60	29	50	-58	-53	32	-34	-17	59	-42	1	77	-76	-100	40	36	17	-66	-47	-50	83	-3	17	65	-55	59	-96	-65	-96	17	-23	-71	54	80	-64	-86	-90	60	33	23	47	-80	90	-76	97	-69	92	18	21	-39	77	-59	-16	-89	15	49	-79	-99	-11	39	-78	-35	56	70	-63
73	-23	2	-61	68	97	91	0	98	33	-61	55	68	39	-19	26	95	-36	-40	-45	2	86	-30	-17	37	34	81	-80	46	-93	46	62	-13	-10	57	-82	78	51	91	85	-56	-98	-9	-88	26	72	-26	37	52	28	18	-63	-51	71	-14	-54	65	-95	71	-71	91	59	-69	53	-39	22	2	24	-93	4	87	-32	2	78	13	-69	63	35	93	28	16	50	-56	74	-46	79	-33	-53	1	99	-49	-11	1	-5	37	-17	97	3	-69	25
21	-69	-61	-57	61	-61	88	-45	-96	19	0	-87	-57	-49	41	-1	54	-90	-51	93	-42	-46	35	-65	15	-49	-2	-45	-96	-48	-89	2	-50	67	-13	27	-68	-22	83	-30	-82	74	6	-75	-60	29	-69	48	-33	35	-17	-100	73	-19	6	18	-95	-79	3	-47	-41	-85	65	-9	-42	-67	85	-23	39	-58	91	-63	37	-40	-2	-63	-91	-66	-45	22	83	-9	-73	-27	-61	-32	-9	26	51	-60	-1	71	-95	93	64	-21	97	33	15	1
60	24	-3	-16	-45	23	55	-14	66	21	50	99	35	69	-17	-19	12	66	-85	-54	-7	73	-80	-18	33	15	-52	-40	-7	9	65	48	22	-22	-2	-89	37	-12	7	86	29	-88	-66	-48	44	-50	-76	32	-28	75	-34	-79	-21	15	57	90	54	80	90	-72	-28	5	-54	88	-85	-56	-89	-71	76	79	71	-55	48	-8	-44	59	-49	-31	77	26	-91	19	-93	89	14	18	-14	62	-92	92	-74	11	34	-90	56	46	67	33	-45	65
-65	-31	4	-9	98	-92	10	97	23	-32	-55	54	48	-71	1	-27	8	32	-70	6	64	-15	-38	30	-64	-53	-47	-40	68	-88	-77	66	-55	24	91	-98	56	-22	29	-3	-1	-46	40	88	-94	45	-52	2	-63	-25	72	-57	38	47	73	-9	-46	-90	4	-72	-68	55	25	24	97	61	-50	-60	45	76	-57	12	23	67	-40	-99	-26	63	-43	26	13	21	46	29	-12	10	-65	52	4	73	94	34	-97	-46	96	-82	16	66	-39	-63
59	-49	-69	-95	83	89	96	10	37	67	53	75	-14	50	-46	-71	3	-75	-76	4	41	-80	-82	28	74	-51	36	-61	18	-41	-42	50	-40	-91	38	-77	-43	18	-83	53	-73	-47	-69	-48	-29	40	79	-4	-82	62	-94	-29	-12	-90	-57	-53	66	68	8	77	-10	81	-23	-8	16	-9	-77	-90	-18	-18	-76	66	55	26	-5	87	-12	-24	40	-12	-82	86	39	-2	91	7	-17	11	-94	35	-31	-18	61	-12	34	85	-61	-90	-92	-82
49	-23	92	-28	32	26	9	18	-53	62	-37	-99	-11	59	-92	-11	38	-59	50	51	-70	-31	97	-13	25	-75	44	-96	17	-41	27	71	19	-54	-77	-8	36	47	2	-98	3	-27	77	24	-21	-31	37	91	26	0	-15	-4	-99	-40	-87	3	78	1	-34	-67	-96	4	21	-47	90	74	32	-56	-71	-89	-83	10	-41	89	-99	-69	49	43	-92	-49	92	-76	14	18	75	-43	63	-9	1	-30	-53	-59	-99	99	21	95	-39	-42	-70	37
19	-40	-64	-28	-41	6	88	-47	15	48	-69	-84	-46	-66	50	-2	-44	36	68	-8	-89	40	1	40	-45	99	-67	-32	-93	-67	39	-64	-78	-50	-89	34	15	-93	-52	-9	-68	-82	51	15	97	9	41	69	41	-14	-26	17	-19	58	-97	-52	-83	31	-81	34	-6	55	0	-2	-24	63	32	-57	-38	76	-66	23	76	52	-72	-29	34	-62	91	-4	19	43	85	-8	53	83	-80	84	33	80	-97	26	-72	52	31	-61	67	16	26	-67
-59	0	40	99	16	-20	21	41	57	-20	-51	31	-23	49	75	86	46	90	16	61	-66	-6	-20	-61	33	-54	-88	58	-19	-13	-36	-35	-18	-90	93	-37	15	24	78	-41	50	-7	92	-89	-67	-18	19	-28	-78	34	81	92	62	59	50	-37	3	-10	43	-40	-32	66	4	-71	87	-32	-82	77	29	37	-17	63	-32	-83	16	-93	-92	28	-6	-51	62	49	-94	35	-82	-49	81	97	12	69	-70	22	-88	9	-95	27	-33	53	80	-60
-59	-39	59	98	-44	-47	-76	84	3	23	14	-73	-52	-13	66	-41	72	65	81	55	-27	87	71	-68	88	35	-80	74	61	-40	46	-44	-31	91	89	3	-13	72	89	-61	100	33	95	35	-100	20	-12	15	90	-77	80	28	-67	-98	30	-54	22	-81	-92	25	6	-84	33	-24	-75	50	-19	-48	93	-51	-79	-28	-13	-53	2	-88	65	51	30	-55	-90	-44	46	-8	81	-68	59	31	-38	6	-8	-18	-8	70	36	78	41	-44	-33	70
10	71	-44	-64	-14	93	39	-94	-74	-54	-14	68	11	12	29	-33	-66	-90	71	-31	-69	-12	3	-59	4	28	88	71	-41	-67	16	-60	-61	67	-59	83	-95	64	-85	10	-100	-35	29	90	-7	-64	28	58	-40	-81	-54	82	62	-38	-52	-34	-95	74	9	92	11	-73	33	19	62	19	-32	-61	-33	95	-50	-89	35	75	68	32	71	-24	98	15	-42	-96	93	-65	-26	60	70	96	-6	-52	-100	-36	-74	91	-2	-57	-85	-34	-93	50
39	-49	6	-33	-32	-59	55	82	-65	-79	-23	2	85	66	86	89	19	-43	18	21	30	16	-66	-19	92	-53	-25	-74	8	-54	-88	31	7	8	31	-71	40	-86	81	50	-64	43	-93	30	2	13	-93	96	76	53	-85	90	82	-68	22	-83	-90	-49	-88	5	-78	91	-27	-77	-85	64	-39	2	64	69	18	-34	64	61	-83	-51	90	85	-74	52	23	37	-94	57	8	93	62	79	40	93	-63	-49	65	84	89	100	19	-52	-43	33
96	9	96	-33	77	35	-27	8	-85	58	-25	73	-52	31	-100	66	-15	-49	31	-31	-41	-35	-69	-83	58	-59	92	-50	96	-35	20	-58	-82	31	9	43	44	-13	-73	-69	-49	61	39	18	-49	-82	-70	-68	-64	41	25	-1	-12	39	-37	-67	49	4	-67	-21	4	30	55	-58	-14	86	-71	30	-85	88	24	-43	95	-36	91	-88	-35	99	92	-16	-4	7	-33	74	15	100	24	83	71	-19	19	-30	-43	-89	48	97	8	3	95	77
40	-69	-25	-98	40	47	85	-1	52	2	-50	27	93	67	44	-43	42	86	-31	-33	8	73	-42	75	63	54	-34	-36	-66	-48	-10	-44	75	8	-52	5	-69	80	10	66	21	-45	90	-63	61	13	-23	-46	76	26	64	78	15	-75	-58	100	-91	15	-100	25	-67	-3	-37	87	14	71	48	-33	-6	-16	-18	-67	32	76	-93	91	-68	-69	50	-56	-87	92	-41	13	-50	-100	-88	71	-37	29	-13	100	-2	-63	-34	-28	77	-55	-14	94
42	-67	66	95	26	36	-19	50	-23	-63	-78	-35	-72	-84	74	95	-80	-74	54	44	85	-24	-12	-40	21	63	-20	47	46	-95	25	3	12	89	-66	-77	-64	-67	-67	1	66	-83	-22	88	-30	68	17	71	93	-1	-44	74	-90	-64	90	66	92	5	28	43	49	-6	91	31	86	-63	-3	69	17	-58	-80	64	-76	-12	-35	-31	72	26	50	95	-69	50	79	-91	-50	54	-68	39	28	-33	-37	28	-36	-3	81	28	-40	54	-58	-16
26	-82	14	-98	87	-27	-99	-5	-34	20	-36	-13	-27	22	38	-77	35	-51	-39	6	46	-4	-89	66	12	-69	-56	-41	-67	44	70	-4	-46	-1	32	92	-98	-41	20	-69	56	-67	62	-88	81	-19	45	55	-90	-92	22	50	-82	-69	48	41	25	-23	37	17	-55	-91	-38	32	-65	68	18	-47	-39	-16	-53	14	86	-18	17	-14	57	-82	-2	-3	62	80	-61	-71	-62	-63	-8	29	-31	30	-25	4	45	97	15	44	37	-3	-99	-53
-63	-64	83	-40	95	-92	-65	-36	-74	95	51	79	7	55	-67	-96	-50	-3	3	91	-46	90	35	-41	-48	-57	55	82	-92	67	-79	12	-35	8	20	-30	-26	61	44	-3	87	90	39	85	-42	36	-55	-99	-51	-80	-75	-58	-45	83	38	27	6	-26	-86	-2	27	87	44	79	-49	65	93	73	-95	-86	-50	-74	72	89	74	12	73	2	-43	21	-66	55	2	-53	90	94	-31	-50	6	56	-23	6	9	-5	-25	-76	46	48	63	-56
90	-20	-14	77	9	-54	-2	59	79	89	-51	75	-100	-34	44	-89	95	33	-20	56	-16	53	85	31	-11	100	90	-50	56	73	18	69	88	23	-77	-41	-58	-68	-36	-20	-67	36	14	-38	22	97	-79	-71	-82	-76	98	-54	46	-52	86	-47	-47	-89	-88	62	25	-46	68	85	-95	-21	-95	59	18	-63	3	63	-96	61	-27	-17	79	18	32	89	45	68	-60	-4	0	23	-65	83	-18	98	34	32	2	-85	-15	-28	-19	-88	62	57
70	-8	-54	-17	1	80	26	-49	91	11	-27	58	-56	47	23	-12	-28	53	-54	-19	-80	90	14	-64	7	29	82	-46	55	-39	21	-40	-36	-92	35	-15	-56	-83	-34	-82	56	6	33	27	-60	-98	-12	-25	-4	65	-67	30	-48	-89	-47	-75	41	93	-40	-75	-47	45	-15	-7	-70	-80	-72	-15	16	-33	13	-61	97	50	30	-79	-64	76	-67	82	-91	100	0	-34	-91	66	-73	40	-76	-96	73	15	44	-70	36	-67	43	-89	38	78
-82	-89	-49	-27	100	-96	-91	-71	-35	20	14	-19	-52	-55	-95	54	-38	71	-79	77	-87	-78	-85	38	76	30	-51	24	1	47	29	43	-74	-31	-81	-27	43	-80	-87	40	-56	-51	1	-11	-97	32	94	-81	-10	6	67	-71	36	-86	-56	-97	13	19	35	-93	2	-14	-24	50	-23	25	31	-74	2	-96	65	16	-13	-89	-86	99	-82	40	86	-4	-31	-66	40	95	56	-34	71	-62	74	22	-67	24	-53	4	-82	-63	-95	-48	7	-8
44	-30	-23	3	-22	20	87	-47	40	-11	36	-98	-60	72	-79	-6	93	-39	61	-50	72	63	-51	93	-29	-95	53	-79	67	73	67	-30	67	93	96	72	-81	41	69	-86	-51	79	-60	41	-95	31	92	-54	-92	-41	91	-26	7	18	2	-63	-33	-89	56	12	-12	94	-57	-33	80	-26	-52	-76	69	61	-66	-83	60	-52	-27	11	77	2	-9	51	51	-57	-41	-33	-12	-97	84	-76	80	-9	9	32	-31	-17	96	80	-14	-86	96	31
-85	87	-19	64	29	-41	-83	18	-12	-31	10	75	33	96	96	-17	96	-34	19	-31	10	2	-45	84	21	35	-35	-16	-24	-89	20	3	23	22	62	-9	32	-57	-22	-31	94	100	-77	-84	-74	97	-35	78	97	40	-78	68	-47	-34	56	-88	18	-91	-53	21	82	-19	-58	37	-81	-99	82	45	27	2	-26	65	-10	95	23	-14	79	-16	66	23	56	9	-10	-19	-88	-32	-22	-91	48	-70	-57	-68	-51	-90	78	-93	37	76	92	-78
32	-19	-92	-38	59	-88	-27	-91	-56	4	-29	38	-40	-12	4	-26	-56	-93	-91	-90	-12	50	100	-12	62	80	90	-60	-18	-90	46	85	-93	-43	66	94	-66	-67	-81	-43	-63	43	19	-31	-74	-4	68	56	25	-49	-82	87	98	-36	59	9	18	52	-91	-13	49	-39	94	83	51	-86	31	36	-86	-70	8	-72	-37	-72	-26	-77	17	-11	33	59	-83	30	-99	40	-31	76	90	66	1	19	82	-10	-16	-82	68	-62	82	-11	12	28
5	-68	-31	-70	-43	-19	-39	-51	27	4	-45	-56	14	-82	-16	64	33	-18	-32	63	76	75	48	-34	-88	77	-53	78	-17	-11	0	-21	-67	-14	-82	82	-99	73	-44	-16	-32	83	60	72	55	32	-18	-38	-97	42	24	44	-46	-13	48	-30	-25	-62	88	1	-99	29	-64	-58	12	84	18	-42	-7	14	-99	45	-96	23	-52	59	-85	-11	-44	-35	78	7	-14	69	-99	78	1	-9	80	14	53	9	67	-40	-71	78	-9	-1	29	90
44	0	5	-40	-10	-79	81	-13	28	99	-2	-55	44	-26	-27	81	78	5	-40	100	80	59	-56	19	78	12	81	-14	-8	35	83	59	-69	77	54	92	15	-77	-68	-53	88	-38	99	64	-2	-20	61	-23	67	-39	33	-40	75	24	41	-47	-28	-64	-8	66	-47	-37	39	20	-95	-42	77	-100	-25	-82	40	-15	-17	-14	91	-27	63	8	-67	-17	98	-74	-91	-77	98	15	-51	70	91	99	59	-86	-78	10	25	-58	47	-3	-2	76
31	61	66	70	87	-68	58	95	23	-90	98	-94	-83	-89	-94	10	74	-21	21	65	-20	12	67	-100	97	-84	90	-53	100	32	-17	25	-47	67	15	5	-63	15	24	-51	-83	-20	72	14	-97	-27	89	15	21	40	-100	-10	83	99	73	-12	84	25	63	-65	1	-40	-6	-9	68	-25	-90	45	-93	-52	-19	89	97	41	70	-8	42	-95	-43	-73	11	17	-6	99	-87	19	78	93	44	16	1	70	82	-35	-75	-1	84	91	-99	-7
-85	-28	87	31	92	-100	33	6	-97	67	38	49	-56	53	32	17	-11	46	68	-8	-74	-100	-74	80	59	67	38	-36	-57	-73	25	80	5	11	-11	24	-59	-16	-55	77	61	-68	28	22	-88	24	48	67	-42	80	15	-100	-64	-28	27	-36	51	-46	-93	82	22	30	-87	61	10	-75	-55	34	46	-46	31	96	-14	52	0	-28	1	-83	55	-46	-84	-67	-80	-13	36	-24	-33	-39	80	2	7	-99	11	-2	-51	71	-60	-40	-91	100
52	19	86	-78	-2	-95	65	2	-8	-20	-88	-3	-83	65	-100	-97	47	4	-70	-87	-83	-23	-50	-39	93	31	-100	91	12	-26	95	-23	-58	-58	-64	-6	29	-65	-93	-20	6	-100	-9	42	12	-70	82	-85	3	-24	-100	58	85	34	-33	-4	-27	-54	61	-20	-14	81	-14	-12	30	-45	51	89	-50	57	-37	27	-75	80	-23	81	-97	99	-83	26	-46	-68	-45	-66	31	67	75	43	55	-89	-6	50	-16	-17	55	100	-95	82	89	-9
-67	-96	-95	70	7	-91	90	-26	-91	-82	96	-84	-47	-3	64	56	68	-59	20	-64	-32	12	0	95	-64	-67	97	-5	-89	50	-36	-66	-35	89	-8	-48	91	44	40	-83	-1	86	75	76	30	-65	7	20	-69	62	76	-41	-88	79	-6	-97	100	48	43	83	50	6	23	82	-63	89	-20	72	-85	12	15	21	-32	-52	34	-77	84	62	89	93	65	17	60	33	-81	19	-26	75	67	74	-43	-15	49	36	7	19	-92	94	78	-11
-97	75	-82	-9	87	-64	-55	-89	-45	-11	64	97	31	37	-9	36	-100	32	62	58	-8	25	51	95	-80	39	-71	-47	75	19	79	-83	29	-72	88	-5	-93	-55	78	-19	2	68	-41	-75	-59	-32	72	83	79	58	-13	-65	85	-49	30	-64	-82	81	-42	-30	-72	-69	95	54	52	45	-4	13	-66	-44	85	-9	73	-70	-77	-25	60	-93	-12	95	74	29	-62	78	79	-51	-13	-69	1	85	94	94	99	-21	-22	-36	11	71	99	-64
-26	33	46	-58	-28	-13	81	-57	4	-9	-21	-20	8	-31	-49	-13	0	94	-1	74	-17	-20	-4	64	-1	24	74	18	21	71	-21	-66	-65	-38	29	98	-94	15	-83	-25	-69	78	-34	-78	96	98	-18	18	-71	2	-86	73	-33	24	47	54	-52	63	-77	-43	7	-97	26	-36	40	-80	-92	63	-79	76	-86	98	-65	-4	-2	94	-67	100	-14	-20	-93	-83	-66	54	-68	16	-33	34	-14	14	60	78	-16	3	13	-84	54	-57	-11	-40
22	-22	-36	23	-4	62	-48	-62	-57	42	-83	-7	53	-5	73	-98	72	-91	-41	3	-78	68	-46	-70	55	-31	-77	-64	64	-51	28	76	-8	-68	-5	25	74	-74	-7	-32	81	34	-15	86	99	-100	10	46	7	93	-88	74	-25	8	74	-37	96	-29	85	22	-22	71	-69	16	-80	-7	76	29	82	-22	32	81	97	92	67	-63	76	-99	91	-36	-92	-54	83	8	-46	-74	68	-29	-14	79	56	-21	-9	97	34	-21	-37	40	52	88
-7	99	71	-47	5	32	11	40	-48	53	39	-78	31	23	85	91	17	17	28	24	11	-48	-22	34	11	-25	-25	-38	-16	76	-79	81	67	52	24	-49	-88	84	-61	-60	66	-35	-51	96	-58	85	-71	22	25	-5	15	86	-69	-30	-80	22	-44	-20	56	83	-34	-32	32	0	-86	-21	-86	-84	-88	-78	-31	-13	86	-71	81	-56	-96	-16	-39	-46	-100	2	23	-52	59	20	47	-49	-94	-78	-91	35	47	-60	-84	98	-56	-86	-17	-95
12	54	-1	9	-23	11	-23	-52	-65	95	45	-19	82	12	47	8	-86	-28	31	-4	-31	22	-37	-37	10	-16	-10	25	93	18	-29	-44	-12	-63	-17	-58	-30	94	-9	20	-64	81	57	-64	-19	-60	-10	-54	-18	66	73	85	49	17	-13	-90	-46	60	20	22	36	73	-35	72	-92	48	96	-60	-59	34	59	20	-52	-18	99	-77	-75	74	44	-66	-43	18	67	-65	68	-41	-14	-67	-81	41	78	-1	47	-19	-69	-63	-8	53	49	-34
-74	93	12	33	-3	64	98	-84	15	19	-64	-92	-74	-17	-90	-32	80	98	-7	-31	-26	-25	81	-33	97	-59	-73	26	-100	-21	7	12	100	23	-40	-92	98	51	-38	60	92	51	-74	-35	100	-45	-19	44	-74	-72	-90	-66	40	-3	-44	23	-37	-45	-96	88	38	-71	46	77	-54	85	3	14	-80	16	100	61	51	-59	56	-13	-61	81	-41	90	-87	-42	-69	-75	-45	59	57	37	1	31	100	-75	-48	66	53	31	37	31	-87	4
-76	4	86	-55	29	-9	56	24	-36	65	75	93	3	17	-10	-61	25	-24	-53	-74	-18	-93	-26	-95	75	-95	-32	-64	85	-67	-38	-5	-32	-78	99	94	5	-98	12	43	98	-75	50	84	92	71	-12	-95	-48	95	31	-49	99	-89	73	95	-98	-25	20	100	32	-81	-20	-74	-56	-85	-45	-13	-98	-97	93	99	44	-69	95	-50	-46	-95	-40	-32	32	-3	19	-17	-22	-69	-48	-75	72	30	-40	-40	50	-69	54	-95	88	-21	2	-41
1	-11	-36	-66	-88	-25	10	-56	-37	-20	-63	-46	85	-17	-52	-23	-24	-62	17	55	65	-74	-88	-90	-93	-63	-18	23	-27	-67	83	-46	-77	70	-87	65	71	-88	17	-3	83	-86	63	-23	16	6	41	40	-70	-64	13	-25	92	10	-13	-17	49	-39	-35	-85	-9	-67	22	-90	-41	45	-48	46	-69	38	64	-67	43	82	-12	81	-9	93	87	39	-33	39	-96	-28	-19	-96	-69	12	-94	57	45	17	23	41	-34	87	-43	28	-48	-44
-9	-64	-75	22	99	57	12	-79	23	-42	-4	-22	90	-54	-84	-2	76	3	100	71	-55	51	54	-83	44	84	-11	100	-1	-14	-2	-67	42	21	-76	23	-60	-30	-70	-18	81	34	-91	-71	17	-12	-34	80	-63	65	68	16	80	6	-18	-13	-29	85	-92	-24	9	-33	-20	91	26	12	36	89	100	-73	27	-75	91	-76	-22	-38	-34	76	-79	36	-4	46	11	-49	51	54	2	65	-87	66	31	-76	17	24	51	27	-46	-31	50	51
-49	68	42	33	50	76	94	-29	-11	50	41	35	-28	-4	-63	-22	11	99	-55	-18	-63	-27	37	-26	-41	70	37	-29	-60	-78	-2	24	-43	42	61	-92	-37	31	84	-77	-77	-28	29	-84	93	5	-16	27	80	-11	10	40	20	17	92	-83	64	15	-36	-97	-25	47	77	81	14	7	-60	10	-42	38	47	44	-54	54	30	-45	47	70	100	55	35	22	71	-76	-75	-85	-57	-1	-92	96	-39	42	-22	-19	84	58	73	66	-68	1
-51	-8	-40	-77	60	57	20	-50	-17	-50	17	98	20	5	-94	-89	-17	98	3	-15	48	50	-64	43	50	69	5	20	29	33	44	-50	-44	-71	36	-76	31	-62	-29	-82	-25	-76	64	-91	4	-75	72	6	-94	6	-99	-31	53	4	-88	17	-43	-20	19	91	-59	-1	-4	42	26	7	53	-31	-62	43	79	53	-68	-14	97	90	54	75	-90	40	69	-70	36	-88	23	-26	54	56	90	-50	-80	88	0	-64	26	62	11	-73	20	-67
-19	24	61	37	52	-88	-44	-8	-41	73	79	72	14	86	11	-18	26	-76	66	-16	-10	10	38	-93	76	-10	-35	-53	-68	11	36	38	-19	78	43	-30	19	83	-45	-69	-36	-28	83	-6	40	79	-89	-100	-10	52	-51	-31	-86	-38	-65	-10	-89	-84	-16	-80	-79	16	12	-68	18	86	8	49	48	48	-37	-63	-45	8	32	-93	93	90	-72	7	-37	7	-53	-32	-100	77	-21	-57	26	-65	-12	-41	-71	50	-74	-65	87	-49	-66	40
81	-51	-8	-24	12	-91	-13	28	13	-31	15	-52	20	6	27	-96	19	20	30	39	-94	-15	79	-66	-48	12	28	-21	12	99	-28	63	-55	-11	-65	69	-85	18	27	-100	-86	89	-19	6	16	-41	73	3	77	14	91	67	51	27	66	-43	-74	25	10	6	93	-88	54	43	-20	83	61	-51	-32	-91	17	-45	-54	-23	-2	-57	-44	-71	-84	-83	-4	-14	-98	-96	-76	27	27	85	8	-9	-46	31	-97	79	40	-47	-74	72	-20	-49
-66	-81	-94	-11	73	81	66	-71	52	75	-61	29	56	-99	46	-43	-7	-26	-96	16	-91	-43	-36	66	48	49	48	-66	80	33	-62	-34	52	4	81	74	5	17	-53	62	8	75	85	13	55	-71	-61	24	-82	-50	61	-4	-85	-53	2	-98	-74	47	78	45	55	82	56	-26	-68	-19	-96	-90	42	56	99	56	78	-70	-32	51	-11	-94	-9	36	-98	78	-79	25	-94	-24	-5	20	-18	89	-95	-12	44	19	17	39	-63	-63	71	73
50	-92	28	33	-29	54	48	68	-85	14	14	-69	-32	74	-99	-15	-8	35	28	-89	96	23	-93	26	17	23	-53	26	-44	61	-91	11	16	3	-85	80	16	-87	75	-96	-54	-56	25	-6	-73	-81	-13	-8	-62	-24	88	23	14	21	-67	-75	-80	-79	84	-26	51	44	-90	30	-77	68	39	-43	61	-46	-60	-26	10	-89	-89	63	-98	40	71	-91	-27	-88	83	36	46	-76	-74	91	-90	-33	73	41	-67	-72	-74	15	61	-43	-7	-100
-79	86	86	-28	7	17	17	-97	56	-5	25	-8	25	31	96	97	50	5	30	9	-19	95	-35	59	-78	46	-95	-53	12	11	-38	30	-7	4	49	-30	16	-12	-62	-21	-52	4	75	-52	-33	86	-72	20	-82	90	-45	-82	-65	72	-45	41	-4	12	14	57	-30	85	53	75	-59	-80	-83	-78	32	70	-81	-15	-69	13	-72	63	58	-6	10	31	48	-80	-79	91	26	-75	83	-74	-66	34	-58	-16	96	91	36	18	79	-71	87	-16
-82	25	72	63	38	33	-45	32	45	-63	6	57	-58	87	-86	48	79	-54	91	-69	87	-29	74	62	40	55	97	-39	-15	43	60	-20	-10	54	28	85	50	-88	78	49	28	-90	11	-3	-36	11	15	-5	88	-19	-95	33	-46	79	27	-3	-19	-26	24	5	64	-43	31	-47	-67	-22	-94	41	-35	63	-96	93	10	83	81	21	44	-20	-41	-65	-98	5	-38	-65	-67	-54	18	10	-73	-19	64	95	71	-57	23	14	-70	53	-73	46
-76	29	6	83	30	-72	-77	18	-7	51	-15	72	-6	69	14	-87	-25	-65	17	67	-56	98	-50	61	75	95	1	69	85	86	68	26	-32	-32	-17	-20	59	-76	-60	-81	-72	4	-92	-94	-49	-84	-32	-57	48	45	-48	61	49	48	87	85	10	91	-66	-52	-18	-50	65	-10	51	44	91	69	96	-34	-78	-23	-24	-38	44	23	51	-90	6	-46	-20	-91	6	-62	3	-28	-67	50	-38	78	-5	31	63	-56	100	27	53	-45	-26	63
-42	86	-25	-54	-58	-34	-22	68	60	-47	-98	-35	-23	73	32	17	95	-53	23	30	-24	27	-92	63	33	-66	-13	-44	-91	6	91	-70	15	12	15	-83	58	-54	44	-50	54	70	-83	-94	-19	-11	47	-41	-14	-41	-31	-57	96	43	-13	-90	63	-10	-58	-24	-90	95	6	-54	79	15	-97	47	72	92	-87	-89	-72	-26	64	-34	0	30	73	24	98	-8	79	82	-49	57	88	89	73	-78	58	-83	-59	-60	-76	26	81	6	-95	-33
100	28	-14	-100	-30	-71	-25	-92	56	-46	-75	-70	91	-30	-84	14	40	-33	-75	41	-24	65	-83	-15	83	-61	46	-37	73	-58	19	31	90	-46	87	1	20	-95	-47	-45	87	10	-88	47	-92	2	-86	-93	-26	15	20	96	86	34	-80	97	-100	-62	5	83	-51	97	33	97	-16	71	50	97	-48	0	-85	-63	-70	-40	-94	3	68	12	-94	-17	-99	31	-63	-84	93	51	-100	59	60	12	-58	14	-55	-36	-45	-21	-16	-94	-45	71
0	22	27	64	71	-84	-71	78	-23	-20	-99	46	-85	-37	3	13	11	81	20	-92	-10	-32	17	-53	-94	-79	35	47	-18	-41	52	-83	50	54	-89	-24	100	11	0	67	-7	-8	-42	-86	93	3	-29	-36	-96	72	-15	17	20	-29	-32	89	-61	-53	-10	67	74	-32	39	-52	35	-45	8	42	84	6	-72	44	29	100	-61	80	5	6	-27	66	-60	100	94	-10	72	-5	56	-55	-45	53	37	53	71	-3	-6	74	-94	72	35	-61
99	9	89	36	-3	-100	33	-28	74	71	46	35	94	-88	-48	16	-39	-74	41	3	23	11	-51	-48	-18	50	19	90	-71	-28	-17	-55	91	-61	-90	-96	-72	65	-37	-60	76	50	-30	52	-3	86	-49	-86	-15	5	-84	100	-25	-16	88	70	58	-39	-25	-46	30	39	-27	90	-67	89	88	-96	94	-41	-71	85	-96	-53	78	-44	70	75	-19	-75	-51	45	79	-83	26	-81	-29	-72	-71	53	-21	-22	-92	-62	35	-55	-14	57	-96	58
-17	82	40	-24	92	-86	-74	91	-6	-57	56	-36	-11	-25	-52	-37	51	70	-32	-24	0	86	-43	32	26	42	4	77	89	-33	40	50	30	42	-57	100	24	-53	-81	-93	-83	-9	-36	77	-10	96	-2	15	71	26	-4	-3	16	-97	27	69	-55	66	10	9	54	-80	-33	-15	56	-46	22	-87	10	86	-20	-91	51	43	71	40	96	66	-8	51	98	-18	-89	-57	-63	9	-23	-32	5	36	-5	-85	61	-34	-46	-14	-91	-17	9	40
18	55	-58	40	16	-92	14	-18	-48	98	-87	-36	-3	-37	-43	94	-59	52	-90	-45	-83	-55	-76	69	7	-60	43	-39	-10	-53	100	-47	-66	-17	-37	-17	12	-63	7	64	-82	-86	68	-42	-85	-68	68	38	76	-7	-91	-82	-12	-50	18	-34	41	-14	70	90	-27	-66	22	57	-22	10	-8	-45	46	33	74	-62	-35	79	-98	14	61	-86	-78	-12	58	42	-75	59	89	23	-61	14	61	52	-95	14	8	-29	28	36	40	-81	71	-67
-57	63	64	27	32	-88	-41	-98	-57	31	-34	-59	66	72	-29	-61	44	1	54	23	56	-46	60	-34	39	59	-30	65	67	-65	67	-27	24	-27	35	-2	-65	-42	-13	-24	80	13	60	19	53	13	93	62	86	-14	-54	74	-94	-94	-84	95	-5	78	82	-82	-72	67	-35	45	74	53	5	32	-40	-96	46	55	44	43	35	62	10	-89	24	36	86	5	-93	94	-13	-22	-63	-76	-69	15	89	-49	92	61	-2	20	69	-19	19	85
6	26	-56	39	67	-80	99	53	39	-73	66	71	88	90	98	32	-32	-71	58	3	-48	17	-89	-53	9	78	-7	60	96	50	46	32	-22	-56	66	-49	63	-73	-47	90	45	40	82	-88	-41	-83	-6	-68	-12	81	47	-85	-29	38	15	6	90	88	-31	-3	75	-62	35	-25	18	75	-61	24	5	-27	-64	49	19	66	-48	24	-99	92	81	94	-80	-89	12	35	-87	81	-96	90	-72	-6	-79	28	-87	99	10	53	-3	-36	39	-53
75	17	59	-76	-63	21	-1	11	-15	-32	35	-18	43	-44	5	-19	-79	20	-53	-82	87	-89	-52	-58	-88	75	10	-54	75	-5	-64	-100	-33	-51	45	-72	-81	94	80	-67	-46	-57	61	70	-32	-44	-66	99	-26	-73	-45	-4	28	-62	-82	32	-56	-81	18	77	-8	-9	-85	-34	-15	19	83	-27	83	-27	81	-69	-86	94	52	-70	-38	-20	65	81	42	-94	-34	-1	-94	-75	-38	-91	93	-18	43	67	27	32	3	45	-67	-4	71	-76
66	-24	15	93	-55	-52	-39	36	-67	12	46	68	24	43	99	-80	86	-69	-95	23	100	-44	-99	-60	8	77	-83	21	24	62	32	98	84	-82	-92	-20	-24	71	51	24	-7	13	79	-5	90	-14	-74	-36	8	17	-26	87	32	49	-29	44	45	8	15	-1	25	82	-81	-65	-45	-76	-30	35	-55	-92	-66	74	48	91	-3	54	-55	49	-57	-70	-67	-75	-48	-58	97	93	-99	75	-24	-98	53	66	76	67	76	5	80	67	91	51
-45	51	-90	-20	-58	-85	58	-68	42	31	48	18	-78	13	-63	-74	-5	49	88	-68	47	69	-41	73	-3	56	40	-93	-15	-67	-91	25	71	-57	72	-67	99	-5	-12	31	21	-80	-23	-65	-50	-49	-55	34	-93	-48	-97	28	97	23	-73	46	45	67	-60	-62	52	29	49	-32	-51	49	56	86	87	66	5	41	92	64	-13	-93	-75	57	-57	74	49	62	-90	-29	-79	45	45	-49	19	-70	6	-95	72	-53	-68	-16	79	-75	-27	17
-93	-20	43	57	72	77	62	22	83	7	-25	7	-55	-31	-46	-14	-73	26	-26	21	-57	56	-91	-36	87	45	25	35	100	-11	65	-60	63	33	-86	-90	-73	90	27	7	-38	58	-24	-6	-53	-42	-96	24	-91	81	61	-90	35	-78	64	0	-66	9	4	-23	65	61	-54	20	35	76	-69	1	-99	-38	-47	-42	-85	27	-27	51	-15	27	-93	19	96	-42	-73	64	98	-81	-12	-76	-60	-49	72	51	-39	-89	-58	-51	-34	44	13	76
-8	-12	-18	-93	4	-60	87	-82	34	30	43	1	79	11	40	-55	5	30	33	-33	-30	-93	-94	-32	-55	5	-88	-33	64	-2	-73	-54	76	-43	-82	-31	-6	-17	-20	-22	72	-35	-46	-51	76	-5	-40	37	-71	-32	-70	9	-36	12	-95	12	23	-20	66	90	-62	29	-55	90	-9	-100	-71	-13	70	-85	-71	5	-97	-48	39	85	-8	46	-44	59	80	44	-15	-70	-69	-69	-52	-22	36	57	46	15	74	-6	11	-96	-46	-44	54	75
-59	-35	-49	0	83	-92	-84	13	42	34	-58	60	-11	73	-59	84	-25	82	12	85	-2	-73	-42	23	-25	22	-83	-66	20	98	82	-55	57	-53	-40	-1	-89	83	-32	85	72	97	-63	14	32	14	-3	-33	49	-94	80	55	-54	31	-22	29	68	61	-57	57	96	-47	53	-100	-15	-15	-96	-41	44	35	-66	-23	1	-63	2	89	66	49	-44	-45	-30	-100	-43	-22	34	35	-97	38	73	-63	-95	-86	-52	66	72	-97	89	-64	32	-84
89	-5	14	-43	-11	-87	11	-51	37	-73	91	-51	37	1	-10	90	-49	59	-27	69	12	22	25	51	-4	39	-89	32	-88	66	-8	79	57	-18	-68	-26	44	-46	-71	-52	-70	-6	94	-45	81	-82	-60	-85	-92	-53	66	72	85	20	31	47	-95	-66	49	-18	-56	-67	63	7	-71	-90	24	26	12	33	47	56	0	33	-61	-79	-24	-18	100	29	53	88	63	73	78	53	-57	71	-52	15	-81	51	-82	-99	-7	38	-30	73	14	-51
-79	-71	-80	-86	-64	10	-41	-100	88	45	90	-2	68	-59	-91	95	-80	-4	-60	77	-95	-9	41	-49	-41	-14	59	-69	-94	-58	-89	-23	97	-97	-1	-20	27	-34	-1	-63	38	-4	77	-59	-61	50	30	-68	64	-64	79	86	93	79	20	-93	76	42	52	-8	17	-53	-46	-43	78	42	-89	-54	58	-6	8	47	73	-98	89	-19	-44	77	-43	-29	-63	-10	-2	-44	72	68	-84	85	-41	-79	-23	9	-54	10	-47	0	-3	61	-53	16
86	-75	-35	38	-10	12	-76	-69	-27	-98	92	1	-52	-56	29	60	38	-74	82	12	75	-4	-96	-60	-79	77	-69	-33	-92	11	-87	-40	-18	55	85	97	-10	-49	-96	-75	5	36	83	33	-3	74	48	38	76	-19	-72	-4	-52	7	39	16	63	-35	0	-84	-66	-72	57	72	55	-59	-25	-40	-74	96	-14	-98	6	100	68	-9	-51	91	-35	-100	87	-58	62	-22	17	-7	21	-57	-86	86	-82	-28	77	-49	-85	38	66	96	17	-16
