22	-97	69	24	69	-27	-41	-49	95	5	61	72	4	-47	-67	-58	-26	-46	94	-36	-70	67	13	-37	-16	-87	93	-56	-22	6	-14	-29	-78	48	98	60	2	-85	-21	95	6	-65	26	-41	-64	-16	-24	-93	72	41	-96	-71	49	-85	-57	-36	66	-92	69	-72	-88	-6	86	33	70	-8	-17	65	-2	-94	43	38	-98	77	36	-97	48	-18	72	-88	9	48	-40	-23	-10	56	-83	-90	7	-82	-68	13	-31	59	-66	-5	78	81	66	51
94	5	60	-15	-67	-72	-32	75	-27	34	-19	-40	-89	-72	1	-24	-67	-45	44	2	-30	-67	-2	77	63	90	34	-65	69	-76	50	-4	-35	-85	-80	71	-60	-61	-22	74	17	-48	75	-94	91	-20	-25	-20	77	-99	-38	-69	-13	85	92	39	7	31	2	-44	-31	-98	-10	-42	-47	95	-86	-35	71	-66	-14	11	94	-92	-92	74	-38	-25	-41	-76	-97	21	40	12	-64	-63	-46	67	42	-31	48	3	12	-68	-74	33	2	-3	12	-13
2	-87	-91	-79	-100	-100	-18	70	29	34	1	34	-76	-88	-33	28	-90	83	-69	-6	-8	77	8	-3	64	75	100	82	33	-92	-2	75	21	44	-72	-58	29	41	88	72	-40	92	-43	-21	-84	-14	-87	89	25	-66	6	17	7	16	-27	60	-52	5	18	43	56	-41	-39	-79	-45	71	18	-96	89	72	-18	-42	54	21	36	-78	84	59	21	45	61	64	21	-5	57	-37	50	33	-83	-78	-77	49	-34	66	-26	-82	-85	36	63	63
8	-53	-52	-78	8	-7	44	-40	12	-61	-80	-52	-24	41	-50	-56	-9	-63	-3	-77	23	-79	-89	38	-99	14	-71	-97	-84	-13	-25	14	34	95	-65	-46	-93	-10	-75	-8	-45	-25	74	61	79	-7	-45	98	16	-22	-64	-95	19	-97	42	45	-9	-47	-94	48	-82	-89	75	-29	-38	71	-18	-37	-97	-57	-98	-50	-8	-95	73	-63	55	-22	54	92	3	69	-92	86	19	75	-82	83	61	28	11	42	-53	31	-26	52	-9	5	44	10
12	81	-91	-40	9	73	-56	-83	75	-40	-58	-81	-26	48	-23	-46	56	-84	65	36	-19	72	46	-43	20	-65	-26	-4	55	19	22	-11	-25	59	-27	73	-18	38	-18	-87	66	33	-51	72	93	-28	-20	5	29	71	-59	-23	80	85	25	-6	24	-2	59	-15	-19	77	89	-33	60	24	82	-72	4	-14	-74	-93	30	56	-53	-93	-83	-92	-63	-46	77	27	69	15	86	40	-97	2	-42	37	-85	89	71	10	-2	-7	37	61	-30	-66
84	-85	-95	90	45	16	26	-6	-65	58	-38	-91	83	-20	-24	86	81	-21	27	80	53	-4	-94	83	95	-93	-4	7	-7	14	83	-40	48	-45	17	42	-14	-49	-79	91	52	56	99	-11	-24	-78	-96	37	30	-22	55	-78	97	8	-98	12	-38	57	7	-76	-36	-35	55	-74	-37	19	-82	-45	10	68	-62	40	77	-34	-70	-73	37	18	-69	18	-84	50	66	-38	-97	77	-48	-34	33	59	-94	76	-58	-36	63	-83	-7	30	-24	-53
-87	56	-36	2	-86	77	-92	-58	-39	28	48	-23	54	18	-55	46	56	-7	-19	78	90	-4	12	-74	93	18	-94	7	42	-44	20	43	75	59	57	-24	-100	-72	-77	-100	-59	84	55	59	-55	-7	17	32	9	82	10	9	-23	-66	36	-88	26	18	40	59	-72	-30	71	30	0	-9	48	-55	23	17	73	-65	-37	-59	37	-66	-37	-95	10	-73	53	24	96	5	-26	-74	-53	72	50	-73	-77	-56	-90	15	-85	-45	-43	73	7	41
-13	12	-46	73	56	68	54	62	-63	-80	89	-68	56	87	-16	85	-60	-87	17	-71	-98	87	59	-77	10	-56	5	-64	21	89	51	-53	-53	23	-98	61	7	14	65	-29	37	38	-30	-42	78	-35	6	-42	3	-75	-8	1	25	-63	32	72	28	78	-47	-9	81	50	-33	69	86	19	64	42	76	99	-52	-60	82	-96	-47	-3	6	-4	23	48	46	-47	37	40	62	68	64	10	98	26	54	96	-43	24	-3	65	-50	89	81	-54
-75	-51	28	-68	-58	73	-24	-13	-33	1	14	33	-58	-63	-15	-64	74	-62	8	-70	-73	46	56	-64	35	32	-98	-26	22	-8	-67	-2	-26	34	-100	-2	47	99	88	-65	31	80	63	52	-84	91	-46	1	85	12	30	76	35	30	40	88	-73	-35	75	-44	69	-12	25	-79	58	54	-65	87	33	28	-86	59	92	64	27	-100	-31	-10	-29	2	83	-5	93	97	-63	1	-72	-72	-40	49	78	43	22	57	62	-17	74	42	19	-62
42	-30	43	-51	98	-18	-69	-14	44	-13	-83	-28	-59	98	56	24	96	68	28	-50	-46	30	87	35	-84	20	-10	-73	-89	-36	74	33	81	-13	-45	-89	-64	-26	11	5	31	-6	45	28	34	-3	-69	-51	21	-60	-3	64	30	-90	-6	27	-44	33	51	46	35	69	-89	-48	-12	-61	73	19	-17	51	-65	-54	-15	29	39	-75	20	-79	-95	8	24	-100	-41	19	25	10	11	-17	60	-52	54	24	33	41	81	-69	-96	-14	22	-17
-71	-55	-9	60	97	-74	11	-41	-90	-16	-74	20	-58	81	-90	-53	-61	-34	100	34	37	57	-87	-89	10	50	-20	61	92	54	-22	-94	98	-51	-75	-66	-81	-90	39	38	80	-19	-19	-20	9	56	-51	-24	55	-10	28	90	-69	1	92	13	28	-87	82	-37	-87	11	65	-89	83	-80	73	88	-6	-46	-91	83	-44	-73	74	-6	-19	-96	-16	73	66	100	-38	93	57	52	50	43	-78	64	52	-12	96	-44	-55	100	56	-96	-95	15
16	92	80	88	58	-65	21	-42	-50	-27	-41	-12	-70	-56	44	87	-77	24	-91	-74	-53	-44	-55	69	-5	-82	-58	-84	-6	-49	88	-84	94	-67	-89	-37	97	28	-84	-90	-75	85	-30	15	15	-32	-8	72	75	-90	83	-88	-4	95	36	17	14	90	-20	53	94	3	20	84	-5	3	71	-25	0	-44	9	81	-15	-94	51	-67	63	51	-97	41	-30	-78	-20	41	99	6	-59	46	82	-80	66	-31	70	28	-2	-64	-48	-3	83	-38
-100	-10	18	-28	-75	41	-13	-56	-91	68	71	52	77	-52	85	-74	100	-70	82	42	94	6	-7	71	-25	50	-66	-2	91	29	-44	19	-55	-14	-76	-9	-66	-36	-27	-64	-36	53	-37	84	-61	20	-25	-21	-5	-60	90	91	-92	-73	75	73	94	51	-27	46	-5	35	-82	-52	64	-63	-72	-67	-65	36	77	87	21	3	39	-97	-85	19	78	-97	76	37	51	15	88	57	-58	69	-53	47	28	64	22	-73	97	68	-78	62	88	58
-9	65	59	60	-46	17	-39	-80	52	40	25	-76	-93	-16	-94	-42	68	-13	-1	-60	37	-97	26	-3	75	-55	-20	-33	-63	13	-45	60	-67	18	-53	-4	-74	80	-41	-9	-34	-86	-57	-20	13	77	-10	48	-88	-40	37	12	54	26	2	-39	-6	-86	38	61	68	-52	-100	-35	-57	87	21	32	-45	16	55	-21	87	36	-12	17	-58	-42	-11	-87	46	15	-12	-78	-7	76	-63	27	20	25	-27	-38	3	30	-58	-78	-77	78	-77	95
-86	-96	-3	20	-49	-2	22	-98	-47	-2	26	-9	36	80	-81	-27	-39	20	88	-96	25	52	-39	-71	48	31	-10	69	-92	-58	68	-20	-12	46	83	19	-41	38	-1	-46	-40	62	18	56	-82	97	-95	-45	17	81	75	82	-16	-88	2	94	-36	-56	-82	81	73	-54	15	-12	-3	-30	-52	78	3	-99	95	-16	85	-61	99	4	-27	-41	54	30	-9	-10	-45	57	86	-77	38	-20	52	58	-21	6	-62	-70	11	65	-3	-54	-34	15
-92	-57	66	-29	66	-77	-74	-60	-90	-25	-14	35	-37	89	77	-93	27	87	-8	-35	-76	78	57	-3	-41	90	-85	56	-36	28	-26	-74	-12	98	-50	-53	78	-63	73	23	1	23	-46	-24	63	-43	-68	70	65	68	-20	30	30	71	-17	-52	93	-41	11	-63	-46	-21	-28	-54	4	66	-33	96	15	-77	50	90	13	-92	25	2	81	-3	7	-75	-33	-51	-65	52	78	-45	-12	-92	19	97	-52	-40	31	-68	29	98	-100	-82	5	69
-43	32	-18	-68	52	93	78	-97	-18	77	38	92	11	-45	71	16	-32	-31	-56	24	58	-65	-86	-37	89	-22	-95	-39	21	-46	-53	66	86	-30	-50	38	33	-38	50	-99	45	-33	-9	95	46	64	-89	10	-70	-3	-100	-63	-36	19	90	40	69	56	-52	-36	62	-74	-24	-100	-41	-47	-48	80	57	39	-85	-100	48	-31	-86	-7	-77	14	49	-66	86	20	45	92	3	9	-31	74	39	82	74	-50	79	50	53	24	39	60	83	-33
96	-39	-18	45	-30	3	-82	97	-8	-22	-68	-63	74	-2	-70	70	63	49	6	66	-31	-7	-56	35	-30	58	-11	0	-77	76	-1	30	-40	59	-26	-24	-89	-76	41	-35	-49	34	-23	70	70	-34	52	28	67	31	11	-20	87	-82	37	-80	-58	-39	38	-88	13	0	54	99	-59	85	-82	-61	-12	26	85	-30	26	-25	-49	-94	-1	26	-63	-18	98	18	-63	-75	-54	9	-23	38	-21	18	20	-17	-6	-23	-19	-17	-82	15	7	-87
13	-43	-20	7	-63	-63	-70	86	27	-27	-20	29	40	-10	44	52	84	-50	31	-90	36	63	53	-12	-68	7	-39	55	61	32	-70	4	7	23	35	-56	-65	-53	-69	63	5	-59	17	-93	-98	30	75	32	40	41	-100	25	83	73	-50	-16	-34	-67	45	8	-11	-40	-68	-83	-44	-42	-95	99	-61	34	-69	-10	62	-95	-95	-60	-82	-38	-61	54	61	50	-69	49	-58	-49	83	77	-94	26	-69	96	8	74	82	-96	97	9	59	-58
63	93	-65	-25	-28	55	-83	85	-78	80	-25	-8	80	89	-36	28	33	-97	-33	72	-7	38	-75	9	59	42	75	-57	-99	2	44	-84	97	68	41	26	19	22	-64	-19	-60	75	-58	16	-86	-94	46	84	12	57	-9	-54	-90	20	0	64	-16	12	28	15	-78	-46	52	84	-92	-86	0	-29	-17	-54	91	73	-60	78	84	92	34	17	-90	81	34	56	68	-96	-40	-41	-18	-77	17	48	9	-53	11	55	-9	58	67	-78	60	71
-58	45	56	-49	-7	24	-60	23	-74	77	-57	-100	-84	6	84	-28	10	-79	85	14	20	-18	18	47	-21	88	0	35	25	76	98	17	34	86	88	36	-76	-87	61	99	-11	29	68	75	90	81	-44	90	-43	-49	-6	55	61	82	-22	-56	-9	-62	-22	61	-32	41	75	-1	74	-76	35	51	28	25	-63	65	0	-35	73	-72	-53	-31	19	37	71	91	16	-7	-49	-97	-68	21	-62	35	-18	6	-75	-28	66	-17	-25	-18	-30	88
11	3	-72	-96	-91	-56	54	-81	-52	12	98	-5	69	-14	58	-15	10	-93	89	78	-33	-68	69	-10	43	51	-55	-26	14	-43	-25	79	1	-8	-65	88	-77	90	-81	-53	-7	49	43	-64	-47	19	66	-64	-92	5	-54	2	5	39	97	-27	-3	-78	71	34	-11	-71	-59	-32	-67	82	47	87	-36	-17	40	-62	12	-62	79	50	50	87	-81	-3	-96	10	-79	92	-75	57	46	61	44	-73	38	99	-38	70	-47	85	6	-42	-14	-82
47	-71	-6	68	89	-78	33	-98	-23	34	11	-52	-65	-85	-95	78	32	54	86	11	76	46	-62	-27	88	-25	52	-39	-9	-57	-47	-81	-11	42	-92	-6	-10	-38	47	-37	8	91	-29	-27	96	-84	-3	25	-51	-15	21	6	81	-2	51	-17	43	13	33	70	-6	-38	-79	-5	-63	-74	-10	-97	2	15	-32	-10	-31	81	-11	51	48	54	-24	-89	-66	-69	91	44	60	53	6	-68	86	-21	-97	-28	-4	15	64	52	-88	-24	25	16
87	-42	80	-89	-32	-15	-43	-4	87	51	-73	-26	9	56	-60	95	-2	-100	-100	78	29	-57	-51	61	83	-81	24	60	-37	-95	73	-33	86	34	-87	-71	46	91	19	-48	-43	45	-42	-77	73	-23	35	77	-40	39	76	53	91	-93	-85	63	-4	0	-39	-88	66	-5	-57	-56	82	3	13	-13	-26	-28	-43	90	67	74	94	82	49	99	-40	-8	-59	-25	89	-30	-36	-63	-41	-38	-22	44	-17	-39	-20	-92	9	-7	10	-74	100	43
43	89	64	54	-2	95	6	-31	-32	-48	52	-18	-5	50	-63	-25	-69	-49	46	-29	75	-3	99	-37	-96	41	74	-99	-98	-21	-36	-14	-41	-32	46	-3	10	-21	2	-2	-57	-45	25	-51	-65	-55	-23	75	-95	-65	67	88	-64	-84	45	-30	-4	98	90	-23	-2	4	35	67	-89	-3	45	-17	31	70	-32	84	35	-91	100	-3	-85	58	-85	-15	86	-16	42	40	64	-8	30	9	56	-47	-75	-95	-64	-66	61	53	13	-74	9	-81
76	94	1	-87	7	28	-54	32	-65	-78	-1	79	60	47	76	59	-94	-32	97	46	-40	71	-11	-58	-87	95	100	-93	0	-79	40	-59	-5	0	37	63	-49	-93	93	36	40	-59	-15	58	-92	-71	-96	-89	-84	9	17	65	93	-36	-24	71	39	66	-76	16	-4	2	76	81	77	-92	10	51	-1	97	7	62	11	-21	87	-28	82	8	-96	36	88	-53	-44	31	20	32	-76	23	-48	-21	-27	100	-73	-98	-69	90	82	69	75	43
64	81	25	-88	-43	-17	79	87	-20	-78	-64	31	-37	4	69	-12	27	23	-73	41	6	12	-66	10	-45	-17	24	-95	-26	-80	100	93	-71	-59	-19	66	6	-50	97	58	24	-4	60	-47	100	58	-8	-53	-90	-88	36	-48	3	-94	32	86	65	74	50	27	55	35	50	47	-41	81	83	5	-88	-2	18	-70	-52	77	-48	-73	-94	-37	-3	-39	29	80	-2	-33	49	-13	19	74	81	-79	5	-45	16	90	-25	60	-5	-90	94	94
-12	50	19	63	59	70	-9	-63	-25	63	91	87	-9	4	51	-60	-70	29	-80	-30	84	-73	67	-10	76	-57	27	-76	-56	42	-58	-53	20	8	-7	88	-55	5	-71	28	-53	6	-23	-73	-100	-12	92	64	16	20	36	20	-46	-47	84	-95	89	-31	-41	-4	93	-74	-12	-38	-2	97	-88	44	-73	-47	-4	90	-30	-50	63	-29	-46	24	-100	-37	5	-60	-96	-35	91	-87	30	-62	22	-48	-3	98	-34	-33	-37	31	90	29	61	60
-15	-76	10	58	-53	-81	94	15	96	76	51	9	95	-54	-53	84	-100	66	-99	93	-54	-13	-18	-66	-94	-44	-98	-43	38	27	37	57	11	4	15	25	-53	74	-94	4	-87	71	40	-53	-41	-40	-89	-94	23	3	-23	37	-95	20	20	86	-29	65	-87	36	64	2	-58	-33	-19	-97	-67	87	-74	85	-8	-85	-33	57	-92	24	-49	-65	41	-83	95	91	73	41	40	34	92	70	-91	78	-12	-41	74	83	40	44	32	3	-51	-68
-84	-21	-76	88	51	-3	56	70	41	34	-82	80	18	-98	-17	-13	86	-72	7	-68	-5	-74	-36	39	74	91	-44	21	-7	-9	59	-86	65	-13	93	26	-43	-20	58	81	-60	-79	50	67	-10	53	11	-4	-15	-67	21	-76	-24	-8	35	70	74	-38	-57	19	48	12	32	59	85	89	28	-11	-11	44	-71	69	40	-51	-27	59	-16	-53	-26	-85	21	-38	54	-82	61	-32	-54	-53	-56	-6	-7	-63	27	22	-12	83	21	42	-12	-45
59	73	-10	87	64	44	25	-81	80	-44	58	94	84	27	57	-3	-83	-41	-76	36	80	5	54	29	-34	51	-41	50	44	-81	-38	18	60	73	1	-50	-89	-32	37	-54	-38	66	13	-37	85	-55	-39	14	-15	9	-50	93	-29	-11	-61	27	27	57	-69	43	-30	40	32	-84	-23	-3	-99	27	-96	-39	78	73	85	73	94	-89	-48	-70	-29	73	40	-58	97	-86	10	-69	66	87	-40	3	-75	-99	-63	-11	-56	-54	34	-56	-53	-2
75	54	-71	18	18	88	75	-60	74	29	-50	51	47	21	79	-44	19	-47	52	-33	82	48	100	59	-94	-65	58	55	-19	50	84	-37	-82	32	76	30	-38	44	89	-53	-53	11	15	15	43	5	-88	72	21	-85	-65	51	-78	-59	-52	67	13	-96	-27	-17	32	-14	22	-37	-88	-42	-54	-96	31	86	-52	72	-61	37	-94	37	94	-87	84	-4	53	-17	29	-15	-21	37	-91	38	-53	89	92	17	89	-45	63	61	-69	-61	-83	-2
76	-40	-53	-63	79	-86	-63	36	73	97	-42	-66	75	-78	-63	67	-41	20	91	-96	-9	-99	41	90	34	-30	-36	80	-32	43	-70	27	3	87	87	-94	-3	-23	30	-36	74	-63	46	-32	98	-72	61	16	-13	48	0	54	23	9	88	83	57	26	-37	-74	-100	-28	-28	-56	-50	-9	-59	-22	26	-49	62	-50	-67	-16	-84	-65	-15	84	-80	-12	65	17	-48	23	73	-38	-15	22	-21	42	-65	-31	-69	-63	9	-42	-67	-37	-41	-33
8	56	33	69	-87	-54	90	-59	-72	-43	26	64	-41	-52	-86	-60	19	-52	74	-70	-1	-67	56	-40	88	-79	88	66	44	-70	-22	65	-100	-57	-60	-91	-70	98	12	-17	-51	-6	81	-19	-36	-85	-21	-22	-43	-52	14	-41	-11	-47	-12	-97	-88	-29	-43	74	-54	25	85	12	59	60	-37	-91	45	-57	93	-45	-31	-7	-30	35	-42	-88	42	-87	-73	-44	62	-56	27	-96	24	76	39	-6	-74	-55	48	49	-38	60	18	-2	-86	-33
-65	-31	29	91	5	71	28	-43	-28	-32	28	-60	68	-37	-28	-53	38	-41	13	44	-32	100	-20	19	-29	41	24	64	-91	-87	-35	-72	-13	99	76	6	-95	8	78	28	64	-88	33	-66	-62	-2	60	34	18	67	100	49	-36	94	-78	14	-94	-87	93	33	-92	64	72	74	-3	84	77	-41	75	65	11	62	-73	58	44	79	-74	-24	28	-73	78	81	97	94	24	-17	-54	44	-34	-60	-9	-85	-55	-85	-74	-74	23	-97	-64	-66
90	-33	-47	-96	25	-63	46	3	-72	-95	92	-77	-65	-40	54	27	31	34	-20	-71	13	-82	80	-51	-88	-25	22	26	99	-62	-36	-43	-93	-45	-56	57	-27	-72	-29	-14	-81	35	-90	-65	-21	-45	31	47	20	40	-25	24	56	17	51	37	42	70	-4	36	-93	33	-88	35	-74	90	64	83	84	48	-85	20	3	76	45	-49	85	19	-65	85	-40	-96	67	-94	-1	-23	2	-69	38	-77	39	28	-38	44	43	47	76	-47	48	22
-55	60	-100	-52	-78	2	3	67	28	36	-47	-31	89	1	0	50	55	5	69	-69	-45	67	36	-61	48	76	63	86	-57	-55	92	-45	24	-68	-27	-59	-22	28	19	-21	-6	-11	86	-96	-51	39	-7	40	-41	-48	58	-75	-9	4	70	16	92	-96	-1	-57	32	94	17	-73	-93	9	40	53	-56	59	11	25	-40	-37	33	-83	-10	59	-22	9	-66	-93	39	-19	89	5	62	10	1	17	43	-89	74	-1	87	-42	-63	51	-57	18
41	59	-79	81	-12	29	-36	13	-99	-9	-44	57	-24	20	37	-6	30	84	33	24	89	-38	-35	70	9	35	-99	-88	59	-83	93	30	82	95	-50	-64	62	-58	43	-21	63	-22	-57	75	26	-100	-57	40	-57	6	69	38	-22	-82	0	-23	38	-48	-27	-46	-7	22	14	7	-79	74	-24	18	91	-82	-72	50	27	-44	-31	20	95	-91	-15	49	54	51	30	-86	5	-95	50	-3	-16	17	39	77	-37	-19	-88	75	44	-34	-44	39
52	-28	-67	99	-68	35	39	-64	87	-89	35	33	51	95	85	-18	-76	-89	62	-56	-58	79	-61	-40	58	22	7	66	3	93	27	-25	-22	98	66	91	-20	-81	-44	-10	31	38	31	-70	2	46	1	-22	-23	-95	-49	-29	-80	56	81	-79	-90	-65	-97	76	-86	-35	60	-2	-53	51	0	6	15	-55	32	-94	-89	-14	77	-53	81	82	-75	-24	-20	-4	79	61	16	-53	-40	-69	-44	21	-89	25	-16	-44	19	-35	87	94	65	-12
28	75	-14	82	-63	-26	29	-12	61	-9	63	-93	-1	-22	52	-32	48	-73	76	-35	-30	-52	83	-10	89	-36	71	-45	63	97	9	42	-25	-64	47	71	2	-30	40	-63	-16	-93	46	31	-38	20	90	-63	18	28	15	67	-38	86	53	87	38	77	51	-14	12	31	16	9	-60	-93	43	70	-89	57	25	71	3	60	-1	-35	-70	31	63	-58	-83	-84	-40	70	-42	19	50	-56	-40	22	-16	61	-98	22	54	67	-88	-20	75	-49
31	-66	-27	-85	-62	-66	84	32	-46	-91	-11	60	-26	-8	-74	-96	61	84	30	72	36	-55	96	-46	32	87	66	-55	56	-21	-48	81	-50	97	-22	66	45	-99	-95	-75	-82	-53	-27	-65	78	6	54	40	-99	-73	92	23	54	74	-4	40	-63	46	-55	45	-31	-10	-62	-19	65	-17	100	21	82	44	34	-21	-6	82	-67	20	79	-92	-45	-93	4	68	21	8	80	-57	-93	-26	-81	-17	51	10	49	25	16	-12	-65	15	78	-70
-90	-7	-12	35	52	-66	69	-4	-14	28	31	17	-65	-34	97	-91	77	-25	-12	83	-2	39	-89	-100	-1	-84	-90	88	-17	38	-74	61	59	74	6	-3	85	-96	88	92	29	-57	9	-48	-64	-92	-73	16	6	-99	55	52	-75	2	-86	-38	83	-6	-37	58	54	-6	-1	23	-29	56	-71	20	-73	-16	65	-51	58	-92	1	-49	65	28	87	-37	7	7	-12	90	-56	14	6	71	-4	45	50	75	20	-12	-32	-7	-73	-67	-19	-71
-78	-89	-29	-76	82	85	38	24	-91	-59	60	82	92	83	78	-50	-75	4	48	6	-56	98	68	-91	-2	90	-58	-80	-2	49	-65	50	-36	-44	16	-64	83	67	-50	78	3	-5	-6	-66	35	-18	65	-78	-3	2	9	84	12	98	-58	-84	32	27	-68	-53	-71	-29	-92	-83	-71	-46	-67	-46	53	-63	58	89	87	-8	43	-13	3	21	51	-4	25	-80	82	-30	-70	-82	37	-41	-23	53	-32	81	-56	12	80	93	71	-32	82	-25
80	-35	95	12	72	-1	-94	60	68	22	-66	92	24	-49	92	-44	61	24	30	-34	78	52	83	17	-7	16	93	14	98	-78	0	-74	-2	-85	-93	-87	44	93	39	22	-67	59	43	-87	45	78	50	59	-39	-25	-62	2	-96	-46	-35	42	-84	-65	50	22	87	26	74	-64	5	76	2	4	48	-33	-9	32	28	36	98	-77	43	35	67	90	-7	94	13	-1	60	54	72	-11	-69	67	-78	66	-23	-46	-94	-52	82	-33	49	-47
-55	-39	51	36	-61	70	-79	5	-48	79	23	14	41	59	-65	-84	64	-34	18	-3	38	16	-90	-71	-73	-33	51	35	-61	-17	-50	6	-2	15	-79	-93	84	49	-49	-59	80	-29	-19	24	97	-86	-4	13	98	20	-54	17	-68	6	88	14	88	6	-43	2	72	-12	43	-2	100	21	48	53	-39	-4	19	77	87	-87	71	-52	-68	4	65	-71	-85	-47	53	2	90	-84	11	-13	15	-63	-39	94	-20	27	80	72	-88	-32	27	8
27	68	-81	-40	-21	77	-9	52	-97	-45	57	-47	25	-16	-26	79	-54	98	70	18	66	98	-67	96	19	-91	52	-25	-80	-23	-7	-59	-12	47	73	-34	-89	51	-45	49	21	-10	22	-52	99	-9	-58	48	58	-24	53	64	-29	43	32	50	-50	15	-88	-60	-82	-67	-73	-93	50	33	95	-94	-40	-73	-69	46	19	8	30	43	-49	41	-67	-54	-86	-12	-5	95	21	43	26	-64	-99	-44	12	90	12	1	-97	-89	21	63	35	-85
85	-16	56	1	-49	-5	-25	-2	0	-85	67	-84	-73	-20	59	57	-4	-11	-49	39	23	-86	95	4	80	12	77	-52	-92	-87	79	81	-20	26	-94	-52	-79	-98	-86	40	-14	59	68	25	100	-35	38	-43	-58	-94	40	-82	94	-92	32	-40	-71	-73	-78	-30	-65	77	2	-39	-75	50	52	41	-17	-86	52	-26	7	61	-55	23	8	-35	-24	76	99	-25	-61	57	63	-94	98	17	-9	-84	68	53	-78	33	-15	26	78	-11	-51	94
76	-74	-25	-81	11	-60	87	-56	-43	2	-11	12	-15	16	40	-61	-8	1	97	32	98	89	18	69	69	33	-78	-10	-98	87	-37	5	-97	-24	-58	-7	-29	77	-32	72	-59	-60	-71	-77	28	-50	92	44	-73	1	89	-31	47	-25	63	18	-58	-16	-28	-40	-62	9	32	-43	-78	-46	-36	-66	-41	-71	-17	-38	1	-66	-5	-52	-100	78	28	-94	47	51	-15	92	13	39	3	74	-69	-55	24	-43	89	-4	18	22	-72	-89	-91	19
95	-17	70	96	24	-27	-21	42	-45	-42	-58	-79	77	98	-44	-74	39	98	28	-22	-83	78	86	70	67	15	-100	15	-98	-74	34	-21	-11	43	95	1	77	86	46	-65	-13	35	-61	23	16	12	-71	4	-49	52	-15	78	-78	91	95	82	-40	39	-42	-41	-38	27	24	85	61	81	46	59	-47	42	50	71	99	76	-29	-56	-18	82	60	23	-28	1	67	-19	-55	45	42	-28	-66	93	-78	79	-52	-37	-99	50	5	46	-74	49
47	0	97	61	-27	-39	79	2	82	80	-12	-48	73	-15	-27	-96	-12	-56	13	-18	-67	-74	-42	0	7	-49	-36	-91	-79	17	-24	-80	16	7	-46	-3	46	-1	73	-80	10	-53	-59	14	-74	83	-61	12	10	7	34	4	-50	-9	-89	61	98	-72	-96	-83	-22	24	78	-19	-55	99	14	-49	91	-45	-72	-25	69	19	-24	-94	78	81	81	-12	-65	31	-57	63	-48	-42	-14	-9	-48	-54	-44	80	-36	-21	45	-100	77	-27	-80	39
-77	-32	70	-17	98	-21	-44	40	-51	-50	-100	-26	27	91	-30	94	-42	1	19	-29	32	-33	80	-52	35	-58	-63	81	77	-78	-36	-2	-40	95	89	-63	35	14	52	-42	86	-92	-42	-90	-20	18	21	-46	-59	-46	-58	33	-51	-6	36	-90	33	61	-9	-87	-88	-87	-6	-59	6	-64	-78	85	77	-93	21	51	72	0	60	44	-17	98	1	33	-57	95	61	-43	98	92	-65	6	8	64	29	-49	7	45	12	53	30	25	2	41
-88	-34	96	30	-62	-21	71	-71	-94	32	-87	-9	-84	78	80	61	-1	-65	-92	74	61	-35	-87	-85	-15	82	-75	14	-86	4	17	35	-83	-93	-1	16	5	39	50	-71	60	82	-46	-81	-80	88	36	-56	72	25	12	67	-22	0	-91	-51	32	74	21	70	-96	-37	-65	-47	-21	34	27	27	-98	-40	24	-14	-100	17	-88	72	79	-14	-90	8	68	-51	23	-50	52	16	-96	92	-40	30	-4	4	-20	81	-83	5	-91	-69	5	-85
-27	77	-39	96	59	-96	-64	-58	84	-74	20	-15	34	-67	70	27	-92	-26	-32	-40	-68	60	49	-93	-9	48	-58	-30	61	-53	-80	37	13	-32	-93	-92	77	-67	63	75	-5	91	47	27	-56	1	-90	15	50	71	97	-50	-99	-45	-84	51	50	-42	-51	-7	-89	50	-12	-96	96	-24	-80	-31	-78	-85	95	41	-28	-4	39	33	16	-100	23	90	-46	-86	8	-29	-71	52	39	-7	4	-27	-22	19	-56	-22	-95	42	24	-75	-61	-93
76	65	14	26	-31	-88	-70	-37	60	31	94	-36	-52	-29	-62	-98	-10	-87	61	11	-9	79	76	-31	31	99	-98	70	-50	-60	55	-81	44	21	-77	41	57	-54	86	-72	-7	28	19	-86	-27	94	-3	-25	-34	45	0	-10	-5	-46	56	78	9	100	32	76	61	86	54	-23	-13	-55	42	-92	-100	92	82	52	66	0	78	64	54	7	32	74	-29	7	-72	76	87	99	-69	-53	17	40	-43	13	-92	91	-28	-74	-63	72	-10	18
81	-64	50	5	-35	-18	-16	36	-98	-93	99	8	51	-78	-71	86	-16	92	76	-68	-98	-54	93	-65	2	73	-28	56	44	-71	75	-16	57	-55	27	-67	35	21	-61	23	99	-45	-47	-82	24	65	10	7	22	43	-71	-97	-28	86	-69	59	-57	-86	11	22	7	-32	-58	37	75	44	-56	63	-64	78	-26	47	-48	-36	-93	4	13	-19	-84	-57	-10	-91	-37	-18	-27	-52	99	-39	-50	-73	95	-32	-66	45	29	56	83	-11	66	54
-48	-93	21	-89	50	-52	-99	83	74	74	-86	-83	-38	82	-29	96	58	20	-67	-6	56	89	-21	6	-63	11	31	-89	-60	99	83	42	-53	-92	53	9	27	4	-97	60	-43	-7	54	95	11	39	6	7	71	48	-15	78	-61	-69	14	-61	-76	-8	18	-56	-35	81	-25	2	83	64	19	71	-13	10	91	70	-9	-71	71	-88	-74	-81	-3	-43	-16	-60	-73	53	-39	26	-52	71	4	48	-98	61	-60	-10	-72	-97	-30	-14	-74	51
84	100	-84	96	28	98	48	-100	-48	-81	71	-11	-87	21	81	-78	49	22	75	-56	-7	-59	-48	87	-67	-83	62	65	-59	41	71	51	-46	95	-71	84	14	61	0	-30	-85	-61	71	59	-32	37	72	-71	-63	-99	55	34	25	19	-87	-28	13	-13	88	-71	38	91	29	83	21	42	11	28	94	50	-42	-80	-100	-35	-97	28	-46	10	-57	97	-69	89	71	-61	86	-14	-55	-6	-52	100	14	-22	-47	22	20	52	71	20	74	-32
57	-12	46	85	-96	91	62	99	26	4	-70	-92	-91	-15	-96	61	-71	28	-15	-14	-3	-84	-93	63	77	79	-75	-50	-60	-89	-28	52	-73	-67	75	43	-27	-66	-54	-52	20	-48	-73	-25	48	-98	27	32	60	-59	-84	33	29	22	-6	-83	20	96	-11	51	57	-82	-59	53	63	-68	-72	10	-23	-41	-45	77	-35	76	-85	75	-97	-77	-69	46	90	13	-54	-28	28	-67	18	-39	95	39	-78	-100	-50	-78	92	-59	94	67	-64	45
19	71	-36	44	-25	-23	-52	-35	53	-20	25	83	27	21	-15	60	-16	88	-22	-38	-41	50	93	-15	-79	-19	63	-23	76	29	31	11	82	87	-72	-14	14	-77	59	-11	50	52	54	-88	-79	-91	46	-12	-70	-43	-53	31	-93	17	1	-33	-40	68	-58	89	-9	-3	37	22	-2	76	23	-56	71	-51	74	-60	-63	13	14	58	-83	80	-75	-75	-96	-13	-77	23	90	-21	-80	-39	-21	87	40	-16	39	57	72	-80	-3	-81	-73	-87
86	-27	-89	80	-4	33	13	-26	-16	11	98	-91	-17	-30	62	-99	19	-22	-12	4	-88	-29	-53	-9	-12	14	-54	-46	19	43	-64	64	-46	32	-78	-6	55	4	-79	58	-46	21	-86	16	77	-18	-45	63	-32	94	92	6	-47	28	58	-95	-70	-100	7	1	31	62	-71	83	-83	-67	54	-19	-30	74	81	-60	-58	21	97	20	-99	-95	86	-93	47	-77	-19	-12	-42	54	75	-69	88	-58	89	67	56	87	-10	48	-28	33	-30	61
96	14	30	-65	94	-8	81	85	0	94	75	34	-46	-47	-46	-13	34	32	42	-72	-10	-96	96	-18	86	-19	-32	0	-21	18	82	72	77	-15	-31	88	84	6	100	2	44	-43	67	32	-12	36	-4	53	-66	51	53	57	-93	-75	-50	62	-63	40	-12	-64	88	-79	-37	52	-65	19	-95	30	81	-87	-66	-33	-51	-95	-26	-6	-79	67	44	49	65	-1	21	-32	14	-51	-32	8	-46	38	30	-91	-34	-49	84	-1	88	81	-33	31
-9	-77	-27	-48	-50	-85	38	23	35	-14	7	8	-89	-71	-95	67	-73	-15	82	46	-61	86	21	-63	45	-53	-28	-69	-16	-98	-100	-41	-50	23	-6	-4	46	65	59	73	24	-7	27	-85	18	-35	44	25	61	93	1	55	-88	86	-94	10	9	34	-57	-86	-47	-71	47	47	-45	61	98	-57	-41	-98	-77	52	-71	-63	-28	27	78	-7	-84	-95	-43	25	74	86	22	-19	-4	-10	24	-39	4	-24	-7	95	94	43	-91	-54	37	-91
-10	32	60	-11	-87	55	100	42	99	46	-87	27	46	-37	-79	69	87	88	-50	-1	-13	29	83	16	68	-46	80	72	-61	73	39	-55	31	-97	-12	55	70	36	3	-30	-63	8	-49	-91	-79	-37	-79	66	14	-41	34	40	-86	42	-2	-23	-85	-69	10	-77	38	-65	-86	-66	82	80	100	-54	8	32	-47	45	-66	92	-4	7	-55	-95	-66	68	12	63	-11	54	-9	59	-11	41	-47	-73	22	32	-66	-59	-99	-18	-96	49	48	50
-100	-2	14	-90	62	39	67	66	100	14	39	54	-62	-82	-49	-47	37	-23	26	-68	-34	-28	52	89	51	36	53	-20	-17	100	-5	20	-6	12	60	-42	-69	-43	-37	-22	12	32	-14	10	96	-61	32	47	-32	98	-88	-11	98	83	64	43	17	-21	18	89	95	33	97	-86	62	-81	-10	81	62	-56	40	39	31	5	-3	-28	21	65	41	58	98	93	42	-5	-77	32	31	61	-57	-91	33	-34	-47	6	-25	-53	-32	-32	-62	1
30	69	74	54	64	-52	-76	88	-88	84	-6	92	-47	42	46	-69	-39	-51	91	67	-41	74	-34	100	-74	94	-80	44	4	-97	-76	25	98	-99	5	12	-81	53	-46	58	-60	22	-73	-89	-82	-81	96	-65	11	12	-31	55	4	67	-53	2	78	8	-45	-16	-58	-76	79	-70	58	41	-8	21	-16	28	-78	-11	-86	-5	0	97	71	-61	-44	27	18	18	-42	40	-82	29	21	64	16	3	81	73	64	73	54	-66	54	77	-74	81
87	-72	53	32	-52	-37	71	95	25	25	-91	19	-3	-85	-13	7	-100	-22	15	-28	-62	-17	-4	55	6	60	-84	-2	57	-35	19	49	-5	-58	-85	91	-41	-54	-19	-70	4	-86	99	-50	90	54	68	-86	33	-53	-56	-33	-95	20	-18	-61	-3	59	32	38	-52	-69	66	17	-1	48	-2	-8	-53	-72	-31	80	90	85	18	29	-56	72	43	-40	55	88	88	-6	-21	27	-83	74	94	16	-34	-79	27	-82	-19	-78	-70	93	70	10
71	-30	-88	-29	14	57	54	-87	-7	-28	67	78	9	-88	52	53	-78	65	85	-99	-90	-84	-6	31	27	55	-12	30	100	48	34	-4	74	-69	-14	82	-79	-54	-81	69	-92	44	100	-100	-5	91	14	-4	-98	34	47	-86	68	6	75	39	-52	-42	-50	73	7	85	-74	-31	-82	40	-100	-67	45	-64	-89	88	-93	-10	2	72	93	7	-62	-85	47	-69	-85	-90	-29	77	29	38	49	93	-62	7	-13	72	100	-4	8	46	-38	-59
-43	11	90	34	-31	84	84	-8	40	-54	-44	-75	-26	14	54	20	7	-82	-72	-53	6	88	-73	-91	25	-90	33	92	-2	-94	25	-86	-11	-100	25	42	12	-25	-18	36	18	-18	86	43	-2	80	-99	38	-88	-12	22	8	96	-42	36	90	5	-20	82	-18	57	39	-17	20	71	-17	-60	52	55	-37	-21	26	62	75	50	-30	43	43	-80	-29	-97	66	26	-11	-78	48	50	83	-20	41	-16	26	88	60	-9	-1	-92	-57	-20	34
-54	83	62	-86	65	-30	62	-80	52	-93	-78	80	-55	-14	-90	30	-52	62	55	-5	82	47	-29	-14	-74	74	-35	69	93	-11	28	96	-68	42	-41	15	-42	34	-94	51	-45	-2	88	56	95	-56	41	38	-33	-85	-31	15	30	92	-49	-46	25	56	58	-27	77	-53	-61	-51	-97	97	25	35	81	100	-99	13	-47	-95	-96	-9	-43	31	-54	20	-73	-47	96	4	-86	13	-38	-69	-18	-59	-33	-11	60	-54	21	10	-70	69	80	-70
-98	-8	-8	30	56	89	-52	-17	-60	85	1	15	-75	-25	50	-22	-95	-86	17	-84	-99	93	-53	48	5	78	-88	93	-9	-54	82	35	-35	-72	10	-79	1	0	-45	-61	62	-32	-67	19	-12	90	-97	70	-90	-30	29	2	32	-71	-49	12	-20	-20	59	70	-52	26	-93	62	21	52	-88	15	-98	35	58	73	-88	-29	-2	-5	-51	75	80	99	73	-74	53	-32	-70	19	46	-58	-6	-18	-35	-64	-35	83	35	100	53	-84	35	73
52	-42	89	84	66	-64	-94	-40	-85	14	-22	38	-70	-20	-94	5	-13	68	-10	-11	-32	92	56	-80	50	-88	24	-99	-1	-23	70	-30	18	91	-11	37	90	-85	-41	-76	60	29	23	80	22	42	91	-61	53	26	-1	72	27	-76	80	-96	0	85	-6	23	-99	-21	-29	-75	11	90	83	76	-61	98	88	-51	-70	2	-65	-67	-1	-67	47	72	82	56	-23	4	-82	-45	84	-100	42	-50	94	-98	86	47	20	46	68	-14	59	92
88	-31	-2	-48	-20	79	58	-2	44	-47	28	92	-60	71	46	-15	42	-97	-59	32	-4	-59	39	58	0	42	-25	10	-13	-17	69	-4	37	-94	98	-74	-87	67	-35	19	-56	4	-25	-77	-22	-57	28	-29	77	-58	-12	72	34	30	21	-57	-28	67	7	94	-48	81	-73	82	47	-48	-40	-84	-79	87	26	81	27	-58	-38	-26	37	-25	83	-34	-31	29	-22	82	35	-93	1	-52	-77	-41	94	-97	-63	13	-36	-32	70	-86	41	9
22	-47	-31	-21	5	13	66	78	-73	-83	-85	95	26	-91	-54	72	98	-19	14	-20	77	-60	-26	90	86	-100	-8	-30	53	29	65	13	14	11	94	60	-42	65	72	29	-50	29	-31	-6	85	54	46	-96	-18	45	-49	-70	29	-26	50	-58	90	73	90	-46	39	43	35	74	33	-32	-76	-84	-76	28	97	-14	-2	-99	46	-72	-13	-75	-19	10	-14	9	79	98	19	-45	79	-5	43	82	-6	52	58	-24	-21	-69	6	-73	33	49
-37	-99	-3	54	35	-61	-4	-86	-8	95	32	13	-90	38	97	39	95	58	94	-34	-57	82	71	3	-85	32	47	96	46	65	32	45	-3	-43	10	43	58	73	50	-93	-33	-54	51	-12	-89	20	-24	35	-98	-55	-12	-55	32	-86	76	-98	-59	38	-6	-24	38	-41	75	-59	70	29	-42	-44	-34	21	-100	57	94	41	-2	-31	-3	93	-80	23	84	81	58	50	93	34	-12	37	94	-25	48	-94	1	-46	80	40	-8	-35	-55	58
17	-9	-13	34	44	16	40	89	-92	42	5	-79	-83	4	17	-42	58	24	-77	-29	-94	30	24	-48	0	90	21	-66	52	56	-31	38	-42	-97	84	-33	-31	-67	-30	66	53	92	47	-6	74	83	-21	-35	-62	37	-49	-74	99	-23	19	73	18	-72	-79	-30	-84	-17	-37	-47	-23	-8	57	91	47	50	-3	72	74	80	-35	-13	-54	89	76	70	-94	-1	-1	31	-94	-50	-4	26	-14	-77	-95	40	-94	-57	-9	-96	24	72	88	-10
64	-78	-93	97	27	-15	-55	-14	-63	58	-89	-63	74	13	53	-52	57	-77	-42	51	-16	-35	-22	-10	-11	26	39	-93	99	70	12	35	-63	-30	-39	-4	59	-6	-11	-35	-30	-42	-13	-89	-10	-53	31	33	67	-90	60	-19	-83	12	-76	-74	-57	-51	27	-99	76	-29	61	0	95	-41	67	-66	-26	-53	-52	43	-50	88	27	80	93	63	56	-83	57	-67	-60	33	-88	-17	-50	85	-61	60	70	-48	77	94	-89	55	50	-65	-81	57
-90	0	50	-48	-1	5	-52	-93	-89	62	-1	-20	-87	-81	-26	22	13	38	-17	67	55	-88	60	45	-3	90	43	-29	45	-9	-100	7	-66	-80	-7	-40	80	-10	73	-62	0	21	-12	57	8	-48	-65	64	79	-66	67	-79	-90	7	-54	63	-79	63	74	-23	-100	20	46	-64	-23	-19	5	87	-22	10	12	28	2	-65	48	-65	-26	53	60	-95	75	5	64	-85	10	52	19	-2	-60	-81	-2	84	96	97	-51	80	75	-69	14	51
55	-17	83	91	14	45	-20	-34	20	48	62	90	73	25	-1	51	75	-71	-96	-49	-74	71	92	-39	-45	23	3	72	-26	-10	-66	-70	-81	-1	64	-36	39	-64	71	-70	59	77	71	88	52	-46	29	38	53	-82	75	-20	-78	-54	8	9	-38	-42	43	73	-86	6	31	-76	-28	41	2	-76	-49	-81	81	-10	48	-41	98	-42	-20	-11	58	-85	-29	100	-99	-36	-52	39	55	16	88	-99	-72	27	-3	26	59	19	-8	-73	-93	68
-82	-60	90	15	-67	-1	-68	4	59	-98	-76	44	-72	10	-83	-31	75	-53	18	-85	99	86	5	20	-79	-43	-100	46	-100	-55	-32	-6	-25	-74	21	-89	-66	26	-59	-85	23	-19	78	41	26	96	68	57	79	-40	-78	-60	97	7	-34	58	43	16	74	-73	-85	87	42	17	90	-35	42	-49	87	-3	1	57	58	-97	-97	72	91	-80	-93	-7	-37	-68	65	21	-47	-59	-27	-55	-1	-43	-53	-64	-93	100	-54	37	-82	-44	22	-9
86	57	71	-34	-91	-3	-95	46	24	-50	-62	-68	-20	75	44	-81	-92	89	-51	24	-77	56	12	72	52	3	-73	-44	-87	95	-71	81	12	40	-70	78	89	61	-3	17	-70	-11	-35	67	-55	100	-65	-73	-84	-91	-100	-47	24	62	68	-62	-86	-81	58	42	-5	-85	94	-87	-4	-47	-34	-37	0	44	-90	78	-52	21	71	-13	75	-30	24	10	-80	-68	-78	-100	17	-70	-31	-63	16	-74	-93	78	78	77	82	-27	-31	91	42	-67
-15	91	-50	0	8	20	-62	84	30	17	-31	54	-66	-74	81	-31	65	76	87	40	94	23	45	-32	-98	89	18	42	44	13	84	21	13	-62	-59	-89	0	-60	-62	-56	0	23	14	45	85	54	-90	-100	26	-2	41	-89	-69	-5	96	25	4	91	84	95	63	50	75	-48	-17	27	73	-97	73	-74	32	-75	-54	2	-1	36	-18	50	-22	54	23	66	98	-2	76	42	-40	20	90	10	-38	46	-52	-30	8	24	-33	41	61	88
-100	-93	16	-49	-68	-67	50	-2	-100	75	58	16	73	48	79	98	-11	-84	-8	-56	95	-87	96	37	60	94	75	-52	-70	-87	-32	62	-16	50	-73	46	-20	-64	-39	95	59	-1	76	-18	-13	-74	-45	-67	27	-64	-32	-49	61	25	92	-71	-23	-5	17	69	17	-1	49	73	46	-72	-10	-4	-3	-34	-12	-28	-3	-78	-25	-5	-89	-56	12	-11	-19	-18	46	-25	-72	77	-97	-10	23	-9	50	72	9	2	-12	36	-57	57	-57	34
-39	54	-42	14	15	100	-75	74	-83	-27	82	-83	-8	-63	-24	43	-76	-31	-9	22	10	-40	65	-44	37	-6	-1	-88	11	-39	22	-25	42	-53	32	42	67	-95	-45	-60	5	-74	78	-24	19	99	66	-14	-29	2	95	29	-5	95	-90	23	27	-53	77	-35	-18	28	-51	5	-70	-66	-15	-86	-71	-80	-81	44	-59	-40	-2	65	72	-9	-36	-100	-23	-5	-31	19	83	43	34	-14	22	19	10	2	-63	-19	40	47	95	72	-33	-63
-88	-18	-78	78	31	78	-69	-18	96	-9	-82	61	93	-70	-52	-27	94	-53	84	-5	15	48	-11	-29	-40	77	8	48	-66	39	-70	-36	62	-60	-74	-34	-61	-65	5	18	37	59	8	68	49	-38	34	32	-88	-29	35	-87	96	-69	-53	80	81	-5	-5	-18	-18	-7	79	-89	-47	1	-69	17	33	-52	35	52	-13	-60	-41	-86	-87	47	53	-10	-13	-37	99	-46	79	45	8	7	61	-92	7	58	-4	35	86	-1	21	38	32	65
96	41	-96	57	30	-41	22	-23	1	9	4	62	-36	49	-96	-70	-26	70	8	89	11	-23	-41	27	-75	76	-37	73	67	-48	42	-30	-95	-64	18	1	26	65	77	75	0	-12	40	27	89	-44	12	48	10	63	-28	86	38	-23	53	-26	-20	92	-26	22	-83	-13	21	60	2	48	3	32	55	-96	80	32	-72	85	4	-10	-40	48	-71	-86	6	-82	-78	-93	93	9	-72	-5	-99	26	-27	-36	-71	-77	34	37	-45	18	-39	-80
-65	-78	60	26	-63	-24	17	41	97	-89	57	-55	-18	87	-77	65	80	49	86	39	57	-80	-43	39	-30	72	-47	-1	67	69	14	7	-48	-8	-100	65	-38	-45	86	-45	-96	-68	-36	-25	-71	46	-5	24	2	71	77	-74	57	44	-8	-20	97	6	91	62	42	-62	-75	99	71	-80	-87	-52	-70	75	28	96	34	7	89	-11	-89	-17	-68	-24	10	-14	66	-28	-93	-49	10	-93	-52	-64	-25	79	-47	-91	15	-35	10	-10	-15	43
-19	85	-5	-86	57	64	-41	68	-39	83	-63	65	89	83	33	-35	84	29	43	9	-25	-29	99	34	32	71	-51	-47	-23	41	-57	-74	77	39	75	60	-56	76	76	36	-22	-4	-92	99	-55	92	-7	29	86	-85	35	67	15	18	30	-78	68	84	19	-5	8	-3	75	-75	-76	48	21	-8	6	-60	-73	-7	60	32	-68	-27	-84	6	34	60	64	35	-45	77	88	-30	29	-39	26	1	-11	-79	10	-18	63	-79	90	3	75	-97
-35	24	96	-40	-74	28	69	55	19	-31	-53	87	31	-53	4	54	28	68	69	-75	-28	72	97	4	-12	-71	62	-93	58	35	-74	-71	-79	20	-70	59	18	-47	54	26	42	-51	34	17	99	-13	35	-70	-8	-14	39	39	32	65	-31	62	57	-10	-91	-12	77	86	2	25	-9	70	71	-81	69	-79	-95	-21	-45	-98	-63	39	34	19	99	-94	-97	-78	-25	-53	-11	-19	88	49	91	26	25	36	-83	52	33	41	-16	88	-68	-68
17	46	21	52	27	-18	49	-83	97	-57	-69	-84	-25	24	-85	-62	-51	16	16	-81	-71	-73	-62	65	89	31	53	-22	89	-74	-65	13	41	-77	1	-16	87	-95	-41	-14	-2	-26	-92	49	-19	-63	-21	31	47	46	75	-22	-19	-38	-50	40	-22	-10	74	25	-43	-46	30	-88	-27	57	-1	49	-58	81	-59	12	88	-69	-13	-73	67	-79	-36	-32	-37	97	-13	-41	7	-96	31	-74	44	54	79	24	-50	-49	95	-66	69	-31	51	-69
38	45	95	-78	-45	-61	-73	-63	46	99	-75	24	31	-74	82	79	-10	17	74	65	66	32	-19	-54	15	-4	93	-51	48	68	10	62	30	-42	-26	-62	33	63	94	-56	-24	-32	-7	-11	96	-75	-12	37	-25	1	85	32	-14	-33	-95	-98	67	-62	-49	17	-9	4	18	10	-92	86	-35	-63	-11	-34	46	-57	-59	-70	2	-13	100	66	-9	12	23	-24	12	45	23	-69	91	45	13	28	96	83	-72	-16	-45	-83	-69	9	94	-15
49	-81	-93	-62	77	64	-45	38	-55	-84	-68	62	-52	-28	-93	72	47	-34	-47	75	98	15	-15	67	-100	-59	-7	-53	-71	41	10	99	-19	-27	-12	77	-34	62	16	7	-28	78	44	-36	95	-86	-21	-77	9	87	-53	-41	36	50	-24	47	-63	9	-26	97	7	-2	64	-58	23	-2	59	93	43	42	57	-45	-49	-94	-22	73	95	-79	48	90	-10	-55	70	-48	77	-14	-8	32	90	49	-64	31	83	73	11	93	16	-37	81	-95
-25	1	-88	-26	-99	-35	36	91	19	34	88	84	-3	-71	11	41	3	30	32	62	11	-62	56	-75	44	72	-28	67	31	42	79	-82	-81	-90	92	-24	18	-40	-90	23	89	15	-52	97	36	4	-94	-44	45	-85	-17	-97	35	-76	-97	41	-13	72	-75	100	27	70	40	-84	89	-25	-62	-69	-31	12	46	-93	46	-18	-30	71	77	-29	-36	92	62	-70	31	13	-17	100	-42	-78	30	-9	-65	55	-88	78	-30	-47	-4	-81	-2	12
-90	3	92	-85	65	-86	65	77	-5	-94	21	66	-52	66	7	-23	27	36	88	-82	12	-13	-67	63	6	68	-29	93	-41	100	0	31	53	2	59	60	78	-42	-63	61	67	6	13	-97	71	-9	95	21	17	8	84	-95	-2	-53	37	-18	-93	-92	-49	-49	-86	-89	66	87	-70	-75	-87	-3	-75	-93	100	88	11	54	48	-78	25	-26	-99	-84	-21	-77	93	99	-32	21	-31	95	42	25	-12	34	-41	63	-66	69	-18	-76	-83	25
23	-91	-66	-73	-95	-60	-88	-3	76	15	48	16	-69	69	32	4	26	32	-69	-16	15	36	-26	36	-33	-38	16	70	-37	2	32	90	-82	50	-31	-51	-69	-53	38	-79	93	40	-4	8	20	-41	34	-35	-38	24	-45	-86	90	89	41	66	26	-35	-2	65	-10	55	11	55	-18	60	-33	67	-91	62	-13	-67	45	8	-6	-34	55	-35	32	-49	24	0	92	83	-11	97	11	-43	45	42	68	94	-44	32	-14	68	79	-63	13	-23
91	64	-54	70	-83	-6	46	84	-31	93	-54	-20	-97	-77	-44	38	-7	29	-89	27	98	98	44	43	85	-7	12	-1	68	-87	-75	-86	69	-20	34	16	-32	35	-33	-67	-74	67	-69	-40	77	38	74	-58	-43	-82	-22	46	24	-83	-28	0	45	19	-64	88	98	54	78	-20	16	-16	30	38	-50	-48	-72	-64	57	-69	52	5	23	23	59	99	-2	29	44	62	-32	100	-54	-29	-28	-17	41	13	-61	59	-33	62	16	-38	51	-91
-11	-53	-63	-11	80	-25	-25	44	86	-65	5	-64	48	-25	-21	-76	-42	20	-97	99	5	13	-3	-7	51	2	88	75	-79	-79	-43	-8	30	-48	31	39	-95	-2	-52	-40	-53	44	-78	-17	-36	48	39	-58	-70	-85	-89	20	-13	74	-68	3	-27	-55	29	-29	41	-22	-84	-59	8	89	96	70	43	13	54	-59	-8	-42	46	49	-32	-29	-24	-64	41	99	-94	90	-48	-81	9	22	89	-15	95	30	-14	48	-61	-28	-15	-70	90	94
-42	8	37	77	15	26	10	74	12	-8	51	-93	-16	-90	-50	100	-62	-65	-38	-100	3	28	-13	3	96	-6	87	46	-75	-33	20	52	-48	-89	-13	39	89	-46	-100	-14	-33	-3	70	-76	45	-47	53	45	-34	-7	20	-72	-59	0	-48	45	-51	52	-13	-33	68	-62	-74	2	50	5	53	79	-43	-9	-80	19	-62	-86	28	70	-93	69	-55	-14	65	97	-36	-57	46	36	82	-94	-48	-57	-75	35	10	-15	-93	100	79	-1	-55	64
-13	7	84	-44	31	-89	-95	-75	18	17	46	1	-39	-1	14	87	-25	-20	10	68	97	61	-96	-88	-95	28	-75	-65	85	89	-30	62	9	-55	100	-78	81	-10	75	-43	-9	-20	98	73	19	-27	13	79	30	-76	-57	-86	48	38	-100	-93	-58	47	87	69	47	-51	46	-24	44	-23	-33	33	19	-29	90	6	-4	-11	35	-10	45	-28	28	91	88	46	-99	75	66	83	-83	-95	-91	-39	29	0	93	7	6	60	-24	-28	11	72
-89	92	16	10	81	70	-17	62	-3	94	-81	61	31	63	39	-73	72	-15	68	-18	28	91	33	46	87	-17	9	33	57	44	-28	-34	88	-60	-83	41	20	61	30	54	43	-44	52	45	-90	-82	22	-20	30	22	-67	68	53	-38	-99	15	-34	-13	-60	66	-99	-59	-83	92	-12	29	-68	-17	-60	-81	-30	-5	74	40	82	66	54	-7	67	45	63	0	4	75	-59	-82	22	61	-79	-61	56	-8	27	4	-11	62	-27	16	32	-4
-53	-8	-81	-31	-79	-24	-76	-4	31	-48	-15	-49	79	-48	89	7	85	-45	64	-65	41	-66	-29	90	12	-46	63	84	73	-29	26	-26	28	-82	55	-18	60	49	34	-15	-55	25	54	36	42	-8	-68	68	-1	-17	52	-69	-60	5	32	7	-69	-78	17	-83	-38	-52	-13	74	-75	1	-91	81	-38	-52	61	-24	62	-39	-36	66	30	75	-28	-23	18	-70	-56	21	-37	49	67	96	34	-48	90	90	-66	-63	-62	35	96	-81	14	-46
