-6	-26	-32	-39	-38	-79	-64	68	-59	88	62	-39	-77	16	-51	-30	54	-20	87	0	-66	67	63	23	-27	-27	-81	67	-85	-82	-31	68	-90	-78	-82	38	97	26	24	48	-34	-88	-96	74	-55	36	-30	79	-44	79	-26	-97	-78	52	-51	-74	-38	-51	0	-44	20	30	-7	-65	-30	-30	-78	-94	26	-1	98	-91	23	-90	-61	41	19	-68	89	82	-99	95	89	57	44	-6	59	23	-26	86	-52	-80	72	-38	4	59	-5	-67	-87	61
-48	-80	-44	9	40	51	54	93	58	-43	46	-10	-90	33	-100	-97	44	-27	22	34	51	-38	56	16	90	18	-44	72	33	-51	-56	-14	-80	-66	-45	44	-26	-61	10	1	91	-44	90	-80	97	0	68	-98	-33	-40	5	-10	-50	17	-48	-20	57	-41	-32	-97	-97	44	40	61	-29	19	-98	21	11	72	-39	-69	21	77	-36	41	90	87	-70	20	33	80	75	78	-17	-51	57	31	-19	95	-90	-42	-13	79	-43	-46	-88	-28	-77	26
-57	-23	-33	-3	21	-98	11	19	-58	72	-25	91	82	-19	11	-53	34	31	67	-65	-63	59	-95	-7	22	-70	100	-71	-25	-88	98	62	5	28	-76	44	51	53	45	24	-69	9	-35	41	-98	-28	93	83	65	90	-3	67	40	-19	62	-27	-35	82	-9	13	84	97	-55	-88	-22	53	64	22	-67	68	-98	68	9	-63	-1	29	-58	-42	-20	-51	68	-7	46	-86	-68	-92	-75	-46	-91	67	75	-84	15	36	-23	62	65	65	-37	-49
-12	2	23	-31	-55	-29	2	-49	-79	74	-37	-68	25	-36	-83	91	22	100	91	-31	-14	-56	-66	40	-90	-61	-77	-91	-33	42	53	48	-1	32	90	-60	-32	12	55	64	98	-3	4	77	2	66	-46	-97	6	63	36	-100	45	72	-65	88	95	62	-12	-37	34	79	-97	22	23	-30	20	-87	46	78	51	-86	52	3	86	-39	-72	-61	83	-53	-2	55	-91	10	-62	-72	-17	81	78	-62	91	26	-100	-53	-16	-12	91	-69	-28	84
57	-12	-6	-95	30	90	43	-48	77	-7	-11	14	-87	-72	-78	49	-97	-38	47	94	-76	-63	-59	-10	6	22	24	-12	40	58	-49	61	23	-30	-49	45	62	10	64	-52	-63	9	52	2	-50	20	-59	28	87	55	16	-54	-74	-64	85	61	-68	-48	4	91	1	53	-45	36	69	31	78	17	48	-36	-21	-38	-13	93	17	54	-29	69	-97	42	87	-23	-2	-22	-3	85	-19	100	-97	-98	8	78	28	-98	-29	-32	67	87	-84	50
64	61	3	-12	59	59	2	76	33	66	48	78	-84	21	-56	-15	99	-69	-82	81	-82	40	-57	8	19	56	40	83	-99	-34	-46	-3	38	68	72	39	-50	95	-2	84	15	68	-8	-30	-19	-32	-100	49	86	72	0	-47	-9	-25	34	50	-59	-87	-100	-5	-83	-5	40	2	-66	-30	-40	-18	44	12	-22	-35	-74	-79	9	8	-48	-52	75	-47	-85	-3	-68	98	-53	27	98	24	-26	-10	52	82	78	-32	-78	-85	-2	-5	-2	-94
61	-76	-42	17	55	-35	98	26	52	-47	-51	43	17	-17	11	-39	-32	2	-95	32	-16	-48	95	74	-19	-82	-41	13	1	28	14	6	34	15	60	-45	26	95	98	41	-11	-90	22	66	-73	15	-94	22	-31	-72	-41	28	15	74	68	-34	-92	-72	-56	96	18	-83	-9	-73	-24	-2	80	21	-69	-51	-33	-57	-59	18	-78	93	95	-60	-35	40	81	38	64	-61	51	88	73	92	-78	-23	-40	-33	-75	30	-98	-66	4	-76	-45	-44
-40	-32	48	26	9	-45	-35	47	6	-1	61	69	-66	11	61	-50	-48	-16	40	68	-26	81	56	16	-25	99	-14	10	-83	85	62	-52	-29	47	84	-74	100	85	92	62	29	27	23	-4	22	-73	16	97	-51	-23	96	-27	13	-83	-9	-10	28	27	-73	-85	2	6	26	-15	-73	-56	40	-47	61	4	-1	-76	-66	11	-66	-73	61	-76	-15	-53	-42	-26	-43	74	-62	-35	-68	-35	-19	79	-34	-85	23	-31	54	57	61	-23	90	-17
-49	-40	-35	-66	-61	-25	-70	36	-71	-35	-22	-100	13	89	73	14	18	-58	-6	64	-6	-59	8	17	-45	-82	69	10	48	53	90	-30	51	-60	-51	-3	41	-87	8	92	21	-73	18	36	-25	74	-14	-73	55	-20	-59	20	56	-81	70	6	-76	-80	38	-74	-19	33	32	71	75	77	-18	-14	-16	100	19	65	34	59	94	87	27	-51	52	-43	10	69	71	51	-36	-82	-59	97	-50	-62	44	85	99	65	-91	43	65	12	73	-68
77	0	-8	-82	42	-58	76	-85	57	-62	-37	27	56	-98	-87	36	43	93	83	56	78	7	64	-81	-4	92	-82	92	37	92	13	-15	-30	-7	82	73	54	44	78	-14	-38	-92	14	54	68	80	-82	86	-38	-77	86	44	87	-50	53	-57	-33	34	-37	-95	30	28	15	21	22	91	-38	-5	10	21	-7	-26	-84	52	-54	78	48	-4	44	68	-84	62	-29	-64	-92	-83	-38	89	-71	-18	-34	48	66	32	24	-69	27	-58	-20	-12
-37	41	31	-56	-62	56	-30	-62	2	27	60	96	-1	-29	17	-12	59	-9	-6	1	-88	62	6	-28	76	16	5	7	-65	48	-99	-98	99	97	39	-23	33	47	-56	87	-6	-14	-4	-37	67	68	3	-53	61	-50	-36	13	-81	-62	92	45	65	-100	-64	-5	35	54	-83	97	-13	-63	-17	43	7	-94	-30	87	-27	36	-42	-53	-11	-4	-24	16	23	48	13	24	99	17	6	53	-4	42	64	38	-2	100	-93	-85	-77	-98	29	73
-32	60	50	72	82	3	-28	-84	-75	-50	96	-57	-53	35	-62	99	3	38	-19	-77	-88	-41	39	97	12	98	66	-2	11	-60	54	54	-75	92	-43	-40	-16	67	16	64	82	42	13	-41	99	7	14	-20	31	-59	-48	40	39	-33	37	-42	-26	-99	-37	97	-65	5	85	48	-88	-47	-11	29	7	58	-70	84	93	41	-81	82	-65	-24	-65	80	5	-17	57	-73	57	-41	-75	-42	48	88	-86	1	52	37	-49	-88	-79	56	23	99
-45	81	-2	13	-64	-34	51	-23	-8	-43	-50	97	55	-95	30	-28	-64	37	21	-3	-22	78	16	67	82	66	88	-19	39	-48	42	-39	1	-71	-74	-72	-9	-91	-48	-43	-22	31	86	22	66	-98	-54	-45	-74	-52	16	-96	-18	45	-40	9	-82	-9	-94	61	37	-27	66	-21	65	66	-88	-75	55	-88	-60	93	-66	-8	-87	29	94	69	51	32	-69	58	53	47	16	-51	-14	-8	91	-62	94	14	-84	-68	-38	49	64	-73	47	47
-27	46	-52	84	69	-8	21	89	76	66	22	20	-54	-48	53	57	-3	-77	-79	46	63	-26	81	7	-29	-93	-92	86	49	-80	97	-79	-73	-84	96	9	51	76	-77	-1	-8	-9	-33	-4	-71	59	-42	16	-61	92	98	-27	-58	-95	-23	7	-71	35	-65	32	15	36	29	40	-79	-93	-64	-48	-26	88	-5	22	29	-77	62	-11	53	-28	-35	-56	-55	64	-75	69	-56	73	-66	40	25	-48	36	2	-12	61	37	-21	-27	100	-44	-73
-51	-10	-39	10	-69	-30	3	27	-62	-64	36	-34	50	28	-24	-5	-13	99	54	-30	3	74	95	86	-97	-8	70	-18	50	25	-40	-76	23	69	-83	4	-12	12	-14	14	-99	7	-59	-50	-87	96	-76	-40	45	71	20	-55	35	-77	3	-48	-27	-64	62	38	-70	-3	-65	-68	-27	-100	-81	5	73	2	-85	-90	32	9	14	-73	-48	76	90	-58	-87	70	43	56	13	97	57	-44	-26	11	58	42	-65	-57	-40	-34	73	-34	-19	-70
-85	-86	-68	-70	99	22	-2	-60	37	11	28	-55	-90	23	14	72	-49	51	55	46	13	34	-45	-70	-82	23	-7	-100	-81	-94	98	-20	-16	6	-70	-76	82	-67	-68	58	27	100	66	-10	59	59	36	36	60	32	68	78	64	12	88	-60	96	32	61	-15	-25	22	74	-23	-98	4	39	-94	84	26	14	-94	-1	-17	-98	84	-94	67	-73	44	29	2	47	-24	-41	21	22	-57	62	-17	-24	-14	10	70	64	-65	46	85	60	95
89	-46	76	9	97	2	-60	-74	73	-92	-31	-51	-88	-36	65	-41	-54	-6	65	15	56	-29	62	41	-74	78	65	-60	-3	-26	63	-64	17	25	13	27	-35	-58	-56	-38	100	4	29	-89	64	-35	78	-76	-66	65	61	-40	36	54	-46	-99	77	-39	-98	-29	-81	-39	91	39	66	-34	9	-15	40	-45	28	76	71	-20	-24	12	-2	73	45	46	81	-1	-6	51	-1	38	35	97	81	-94	-40	47	30	4	-76	-28	-18	77	-30	18
81	100	-14	48	-33	-73	58	67	64	-70	67	9	46	86	100	60	-79	-29	19	5	-75	-7	34	-54	-40	35	49	87	80	-95	-29	-61	85	35	-68	81	-22	-70	93	-100	100	23	-78	-18	79	-17	-9	-69	4	3	22	-69	100	-90	-13	-91	-15	-87	-12	-5	-62	32	13	83	71	65	-2	-87	-53	38	-32	0	-32	-73	36	21	-38	12	36	-100	-66	-52	5	71	15	47	-59	89	13	17	22	66	14	-39	0	-74	-4	-30	66	-9
-93	75	-87	-97	-48	64	23	-70	-15	-87	62	-98	13	-66	-72	-73	58	82	-87	67	86	48	40	-88	20	62	-100	30	-73	-35	43	-36	26	-8	17	69	-85	-41	-85	-17	-62	-98	21	-21	24	-14	-64	52	-63	-92	4	-31	32	95	63	21	91	4	-33	-43	16	-26	36	48	-50	-97	15	84	-100	62	21	-18	-49	57	-98	16	95	-53	72	-97	-32	23	18	-64	-54	57	74	89	41	50	-22	-95	93	35	-29	-12	68	62	-68	-92
-22	-69	-80	-60	-52	-66	67	21	-69	-65	-8	13	-34	47	31	62	1	-20	-31	62	44	53	-51	-18	52	-83	-7	-39	29	7	-64	12	23	-6	-61	28	-53	-45	27	-36	95	91	-22	-95	79	56	44	-91	-46	41	-89	1	8	0	25	-17	0	-70	-87	-62	-5	81	-31	30	-33	43	2	18	68	-33	54	71	15	-57	28	44	-42	-39	16	-27	-48	35	5	-82	-12	41	73	-97	-80	50	50	52	-74	-67	12	-8	44	32	51	12
60	52	-51	-50	-8	41	-59	-8	-5	-12	43	73	11	-100	24	-63	-71	-83	78	-100	-66	-100	33	12	-27	79	63	35	-32	-72	-59	3	54	-89	-96	59	93	-79	16	78	73	65	-70	-47	-23	84	50	-4	-11	18	6	-3	-79	-91	81	-87	59	-97	82	77	-87	-69	-26	8	51	66	-53	82	-58	13	75	87	-40	-12	30	-97	13	67	63	14	-57	-98	-68	-51	-85	-95	-28	64	94	-84	-71	-23	-70	-75	-10	95	73	-58	-81	88
52	67	-57	44	94	22	-15	-73	-58	-46	90	44	-57	90	-8	-23	-51	75	72	88	72	11	57	-88	47	-32	-75	-60	-87	-21	-69	-25	-45	-23	-64	-7	-99	67	87	-54	-63	-2	-40	-2	-32	42	-96	51	94	-33	48	5	83	-10	-100	-95	-94	-24	-92	-12	-30	82	82	-3	7	20	-39	61	1	-11	25	-84	-91	21	38	4	-5	16	-9	-100	32	-99	84	-32	-24	-9	56	-16	-24	-100	-66	-6	51	27	-11	-83	46	78	36	76
66	-6	83	81	91	-5	71	57	48	-77	-64	-22	3	66	-27	66	-33	-2	-76	68	-30	-44	76	-10	-98	27	-65	41	-42	-60	61	20	-45	-56	74	-14	19	-64	-97	9	-40	42	25	-64	-51	14	-63	-10	-2	4	-53	-96	-22	-6	-64	100	61	82	-60	42	34	21	61	3	-12	66	57	-63	-47	98	11	-53	64	-31	19	38	22	34	56	38	61	-44	-41	-23	-76	19	79	73	66	-63	8	30	-87	69	-81	72	-12	-46	-70	49
-74	-96	-30	94	-39	-94	38	-75	45	-10	-57	-56	-96	-29	23	33	-43	35	36	26	41	-79	65	-16	34	39	1	7	-69	-89	31	33	-15	10	-82	-65	34	-80	-63	8	24	-13	96	39	-15	-51	27	-1	-90	30	-55	-76	65	76	45	93	-44	-52	37	16	65	-58	63	47	-13	-83	39	24	95	13	-74	60	5	-69	69	3	12	-35	57	-42	-78	22	-86	-88	79	41	-2	-96	80	-26	-88	-92	56	91	25	-76	-93	-14	31	-62
-19	81	-96	-90	-52	-94	-28	-81	59	76	-64	-94	59	-29	62	-35	28	-11	-62	-46	-62	-13	-63	0	97	-6	-27	42	44	-23	20	-73	-72	79	-60	93	62	16	-19	-13	24	-83	51	58	-32	-63	65	-65	-62	-18	25	-60	49	-98	-19	48	-95	-38	-1	-64	-67	-63	-2	16	70	-9	-37	18	54	8	79	-88	-90	96	75	99	-73	31	-39	-83	-24	-24	91	-33	6	-26	47	-3	7	-11	45	-64	-80	99	67	-38	10	-75	-65	4
18	-14	-15	10	-72	-60	13	76	12	-28	45	63	57	-17	-41	-2	-41	-71	-46	9	-91	-83	34	-89	-74	74	96	15	79	-50	78	86	46	-60	-26	63	98	52	19	-31	-89	-4	42	-79	84	-64	-15	98	81	-83	22	-70	6	43	66	81	93	-14	-22	44	-34	81	24	27	9	35	24	-84	-35	62	29	-13	-24	-54	27	-13	38	-65	-2	34	-81	19	-89	-8	-97	93	6	55	19	9	20	41	88	64	-83	-27	66	84	53	15
17	66	-100	27	-94	59	-87	46	64	-84	0	-60	-17	17	60	-51	53	90	-89	-67	-1	-12	-27	32	-65	35	-43	-29	3	-29	-37	76	-55	84	-35	-80	-51	69	-82	78	-3	87	-22	-11	-39	-87	-94	-6	-68	-68	9	97	22	-83	-56	-63	-47	94	7	54	72	-73	-17	43	-58	98	29	76	71	-44	46	99	11	38	72	-53	50	-92	19	-5	-12	11	25	-25	-33	30	-53	94	-94	-49	91	-96	-68	-75	-96	-62	-15	51	7	79
12	52	-58	-27	2	13	-84	-72	-19	54	-18	3	90	-100	86	13	75	60	96	-64	-62	-13	-38	69	91	-62	-44	-77	97	34	-54	-69	21	-73	-65	2	72	-91	-52	-63	54	-100	-80	48	84	-38	-71	-82	-86	96	3	58	22	26	41	39	50	59	53	-58	99	60	49	10	-57	63	-73	-13	-37	-15	55	61	51	29	16	25	68	-12	-97	63	58	33	79	-23	97	98	-29	-56	-36	-50	-62	-46	93	-74	-43	-49	-78	97	-36	-72
37	16	-66	83	34	66	94	-75	-19	77	47	24	67	-26	39	-26	55	-37	-28	87	18	59	18	-25	-85	-50	76	98	89	-91	-63	-20	-59	37	41	48	-35	-74	-21	3	96	-70	14	89	50	-29	-24	74	8	-81	23	23	-80	68	81	52	-23	-82	-20	88	-22	-69	13	-25	79	22	86	-35	88	-37	77	-22	18	-60	58	24	6	-27	-95	37	50	8	20	-51	-16	-71	-52	88	59	-55	53	8	26	61	9	34	48	-72	19	-27
-35	24	51	68	-69	-2	41	-16	36	-31	-70	10	-17	-10	-36	86	80	-25	-18	12	-65	-16	92	43	-22	48	85	-31	40	92	-87	-65	89	81	-44	-40	-50	79	-44	-66	74	-100	13	-42	-2	-36	13	-30	-59	88	-38	-60	37	-95	1	84	49	-85	33	13	-9	18	57	-34	-97	91	69	-88	41	10	33	84	-21	-16	92	10	-98	-82	40	70	100	0	48	-33	-24	53	-91	-64	-68	-54	95	16	-39	7	-43	-14	-96	-11	-40	-41
91	87	-8	-95	-23	-33	-2	-73	41	-74	67	-27	42	81	-86	-69	-3	34	-57	98	87	67	71	72	-93	-30	-11	97	19	-31	88	-18	19	86	36	-20	42	60	52	38	52	38	78	31	-98	-36	-93	-29	29	-67	52	-71	-12	71	60	69	-5	6	55	-10	18	-74	-3	-76	-97	-56	58	69	82	24	-9	100	-86	-17	-98	-78	-46	-79	-23	44	2	57	-9	-63	-80	-80	-86	-45	83	87	96	18	38	54	82	-56	39	34	-35	-38
5	-51	-97	64	76	-99	38	-48	-87	60	15	49	46	50	-71	-85	6	-6	-36	-27	-19	88	10	65	85	90	3	-9	-50	28	38	-81	-46	45	35	-69	75	-60	24	86	-96	83	16	35	-63	-3	71	-39	-80	42	-3	-97	-18	91	29	-89	40	-34	-73	-14	-46	45	-91	87	-97	81	-52	58	12	73	12	-95	85	49	-82	-46	62	-2	9	94	-25	72	-81	27	34	95	-53	-15	-99	-79	-38	59	-77	99	-17	-4	-98	-58	-48	-3
-25	54	-40	-26	9	-53	-69	72	35	50	-43	-5	79	14	-26	1	38	62	-91	42	-60	-90	-24	44	-46	-87	-5	51	-6	18	99	-84	-18	-21	93	-42	-60	-79	-35	68	-30	98	79	-62	-15	76	-81	-23	18	84	-92	40	22	75	-90	6	39	-69	71	85	33	11	94	37	35	30	-68	62	69	-74	-14	36	67	-23	39	50	32	17	98	-56	12	-61	-91	33	49	19	-46	-86	56	100	83	28	-46	78	-31	-71	-64	80	-53	-86
-7	58	-75	50	72	-14	-67	8	-68	89	10	-34	55	94	52	-4	56	-72	-89	27	-31	23	66	-96	64	-63	24	11	-24	-21	94	-28	94	3	93	-81	-85	-27	-87	42	7	20	-72	-73	-81	-12	-66	-100	23	-18	-90	-90	28	39	31	62	-100	-80	46	71	-7	59	-31	-41	45	-56	-23	-20	-14	37	92	94	23	-45	86	71	55	-20	49	78	31	-26	-60	52	-98	-60	-40	81	87	48	54	77	84	-14	1	67	-86	85	66	69
-51	14	50	97	61	34	-22	-97	-61	-63	-8	52	-70	-41	8	35	-96	-3	-33	77	20	-64	98	-44	31	-78	89	-62	86	73	-67	-26	-55	40	-64	-91	-37	39	-82	43	-25	20	15	-75	-29	22	49	56	45	-95	95	-39	-13	82	79	44	-2	-69	90	-12	-3	-30	87	-41	12	-43	37	-59	40	76	-39	-93	72	-98	20	-81	-52	-89	14	-26	-80	12	78	-57	-36	54	90	-49	-14	54	-79	68	-8	5	-87	80	0	-62	53	36
4	70	-90	-38	-33	64	10	-59	5	-29	-63	-52	92	54	-21	-46	-18	-52	46	-86	39	-63	13	-19	53	15	39	70	88	-48	77	45	-94	30	69	26	-23	-24	69	-63	-92	15	0	-47	-90	-78	8	-56	39	51	59	-15	12	-19	-35	100	18	88	7	61	-69	-41	-54	17	67	-63	-12	-20	71	3	20	-67	38	43	-36	71	-86	37	-84	38	-88	56	-6	-8	8	-45	67	-54	34	-54	47	84	15	25	-64	-46	-40	-23	-87	-92
65	-5	91	-84	32	82	-23	9	12	48	-18	-86	20	-5	86	-16	91	19	-57	32	9	99	-54	66	28	-39	26	-87	-18	25	-6	-58	15	-20	-62	35	18	70	73	-62	56	-94	-85	16	78	90	-24	95	57	47	-74	1	4	-52	-78	34	-80	31	-71	31	-73	67	49	-19	16	18	48	80	-53	-48	5	50	40	-56	24	-40	-100	-29	-9	-80	66	52	4	-58	-23	85	64	29	-76	32	-94	75	-66	29	-11	83	9	-96	59	-37
-13	-54	14	25	-75	9	62	-98	-84	27	-49	-36	62	-39	-35	-41	35	22	10	47	-12	-66	42	-27	63	-73	-81	-64	58	-21	93	-65	-22	-46	58	67	-9	-69	29	52	15	-44	35	-64	1	99	36	-70	22	-5	-43	94	52	-28	-52	-10	-11	-54	-21	20	66	-58	60	0	86	-11	77	75	98	77	34	66	-93	-74	-100	57	-13	25	55	49	91	-6	44	15	-53	87	5	32	-28	-80	79	-86	-21	-79	-94	72	-75	-7	6	-1
16	1	49	-75	57	-20	0	67	-22	-35	-32	28	48	27	-70	-60	-14	-5	79	-4	-68	-100	90	7	25	-2	-49	42	-91	25	-30	-78	46	-63	-78	64	81	-46	78	42	-4	21	69	18	-29	72	35	-6	2	-63	99	-78	71	36	-43	77	5	-16	-55	-87	-94	64	-39	28	-29	-60	-14	35	-82	-36	39	2	-45	27	69	-36	-48	90	39	87	98	7	59	-71	51	67	30	-29	7	17	-92	96	-29	-23	-41	-58	-7	78	19	53
-56	63	80	-10	18	-74	-62	3	-67	81	-85	75	-90	53	-43	-18	-19	-51	71	46	80	98	45	-52	-39	12	-90	76	-11	39	-77	9	60	-89	-32	-78	-31	63	73	-76	47	61	74	-73	21	31	-31	62	-21	-49	-28	-52	-1	-76	-63	4	85	45	51	-66	95	-95	86	15	15	1	8	2	31	-31	-44	-91	-80	-21	41	-89	-95	61	59	89	-12	27	-100	-3	9	45	53	-89	95	-26	-14	95	-71	27	-99	2	-99	-19	43	94
0	-74	37	-19	-2	24	-52	-43	-69	-45	-89	-64	94	98	40	5	34	72	7	34	-10	28	12	-33	-86	-93	-91	-95	46	-77	12	69	-32	-35	-62	32	-49	-92	-28	-100	83	-45	-49	21	78	37	-13	93	-100	56	88	39	43	-29	-10	-68	-62	-78	-60	-26	-16	-21	-14	-88	15	60	0	-14	52	-82	-33	4	-46	28	86	-13	-34	-61	-70	-24	-47	71	-49	4	60	98	29	-11	55	-28	-12	-36	6	-23	65	-41	7	-38	59	25
-40	-73	57	-49	46	22	33	7	87	87	28	-83	-11	-57	-37	-87	31	91	53	71	39	-82	-24	-89	45	74	75	-77	-43	14	-29	72	-1	54	86	4	46	26	75	-39	-18	58	-37	-21	-32	-27	62	37	-90	-16	-36	-11	-100	17	82	51	-29	-36	11	81	-97	-58	-86	-70	9	-100	-17	-39	-53	42	40	96	15	-15	47	24	92	81	56	-38	84	-71	17	33	65	-96	44	82	79	-6	59	50	89	-97	41	-48	-56	40	-28	84
-42	-41	-48	5	9	-13	-43	-84	56	-82	-79	98	-82	-48	-10	-82	86	16	81	-36	-1	86	20	-59	-88	43	68	-6	-48	77	64	23	100	-94	-27	23	-40	12	90	-49	-66	-22	-56	-16	-32	-62	100	51	18	-98	-82	-64	-23	96	10	-84	31	95	-74	9	-23	57	-46	-1	-81	40	94	-96	-60	33	15	-71	11	-92	-62	7	-56	69	29	94	-55	86	-40	30	-34	93	58	-27	-92	-4	58	47	-94	-16	55	77	-53	-24	-27	-57
96	33	13	43	-85	-30	-30	-28	-83	-93	-37	-1	15	-40	-27	9	-37	35	-88	2	12	72	21	-6	-17	28	-47	20	-55	89	-1	99	-59	100	-66	-45	-96	24	31	-38	21	-42	95	22	100	84	-49	-38	0	35	67	-23	-51	-96	49	-29	77	69	36	-68	63	-81	-33	28	70	-76	-29	56	-63	4	2	34	-4	-16	-25	-44	97	-79	54	-75	99	2	11	-45	92	8	59	26	-55	-11	9	-94	-20	-15	98	19	-96	-50	-27	-79
-9	-95	89	50	7	-64	89	-19	-89	-92	21	45	-26	66	17	19	-10	0	-66	19	75	49	-96	20	-97	-46	27	-53	-78	90	50	24	91	11	24	97	-9	64	-27	-71	-92	-25	5	69	70	-45	-84	57	-34	-62	-19	48	-83	44	88	-89	-50	36	80	81	-33	0	-82	-16	39	-20	-88	73	-35	-47	-44	46	-7	-47	-87	-6	44	93	10	-54	-61	13	-81	-39	-55	39	59	-22	-37	-5	82	-22	-81	-94	-99	-34	23	-91	-68	-16
-69	67	-41	3	81	47	-54	-49	-50	-44	-60	29	-1	66	93	-81	85	-35	35	82	78	32	76	-62	35	-25	57	74	-40	100	-10	-14	-64	-53	-13	62	29	3	-37	-19	3	-88	44	83	-54	-97	-38	-57	32	-24	0	-34	44	63	9	10	-65	34	-12	-21	-93	57	15	38	-70	20	-18	-4	-37	-47	22	-76	-3	-90	-46	-28	-9	13	5	-73	58	-38	-92	-34	39	36	-8	13	-56	59	-72	2	-7	89	-58	45	25	38	-51	64
-33	37	-58	-8	6	-11	-6	-42	51	3	-89	15	-70	-53	-74	69	-10	26	-84	-9	60	-64	32	-54	3	-88	92	-26	91	-31	-18	94	74	11	85	-28	-8	32	-8	46	-64	-90	-46	75	-16	-56	-100	39	6	1	23	71	7	-27	-19	-10	60	-22	-77	-61	2	-74	-31	-39	8	93	46	96	49	-77	-93	61	64	-53	-94	-81	-89	82	33	50	21	-38	-65	55	-32	-46	-33	-68	62	66	12	-40	-85	45	66	-55	5	-85	-13	-63
-88	51	-12	7	-84	-74	30	-60	18	18	54	-92	-36	88	73	-78	76	-79	18	-51	-94	5	34	34	-4	51	80	-78	8	-45	-91	72	45	-95	-64	28	6	-92	9	-9	-91	-10	-94	67	-8	88	73	23	-53	-84	27	-67	-69	49	36	-72	-17	-2	47	-35	69	44	-94	-37	67	-65	64	89	68	-56	-13	-28	61	-6	66	77	-25	74	62	-59	90	-37	29	-7	-29	34	56	-42	53	-48	89	47	-6	-14	-52	87	66	-11	-80	8
52	-78	57	65	-22	10	53	-68	28	15	-74	18	-35	90	-76	-16	-58	94	50	56	17	64	-84	91	-2	-91	-8	75	66	45	3	-49	66	-45	2	100	-20	-10	-47	0	-49	34	54	-77	78	48	89	-72	97	88	17	-77	-15	92	98	57	-10	-29	-62	19	63	-75	-93	-24	-71	8	12	56	67	4	63	-98	29	-85	-82	-53	46	85	42	-42	52	-16	12	-72	88	26	-17	-81	71	-54	95	54	97	69	-24	-91	-76	23	99	-70
18	-53	30	-41	-39	-96	43	17	17	-54	-46	56	32	78	-15	-9	-64	90	-87	91	-51	63	71	88	65	12	-76	-83	-1	1	70	-58	76	6	-26	-57	-97	-22	58	1	-6	-3	65	-66	25	58	-24	70	27	-96	50	-75	-41	-64	-65	18	98	77	81	-86	-49	-18	-8	75	15	-89	59	-28	12	57	26	22	19	1	28	-84	-61	31	82	-23	-19	-32	9	54	-45	-12	-87	-44	-19	-57	-17	58	60	-92	14	-17	-84	-84	-47	16
-20	80	17	-27	32	-13	-75	42	-35	-1	-96	81	-28	34	-88	-68	-5	-46	87	-64	-30	-50	70	63	82	-26	35	90	-36	-86	-59	-89	100	17	-88	-27	-67	-85	-39	59	27	22	-100	79	94	45	91	-95	-75	51	5	46	-21	-21	-32	-62	-26	42	-95	85	16	-39	-99	-75	-54	85	-42	41	-24	12	79	-21	94	-59	58	28	94	80	-89	-61	32	-100	65	82	62	-16	87	-47	-35	29	-82	24	11	34	24	-24	-94	16	-31	68
65	32	-47	-83	-71	82	-90	-83	21	-49	11	18	-43	-100	-90	50	7	-26	-82	3	-72	-49	47	-32	53	97	54	71	-77	-43	-80	32	24	-63	65	-12	68	-68	-2	-82	9	-9	-76	15	85	-22	68	89	-10	-67	-77	-13	-92	49	83	60	95	-52	-34	-32	-39	13	72	-71	37	-61	-32	71	26	16	-21	-69	79	51	-99	-34	72	-84	-12	-12	-61	-56	-7	43	63	93	-38	83	-33	22	27	-28	90	-52	-17	-18	40	-8	-2	-44
-100	31	-49	65	14	-13	-25	94	-99	18	-67	24	-3	-85	40	-87	19	-65	-64	-50	100	-70	9	6	49	-18	-100	-42	69	96	76	91	-50	34	90	-44	51	35	-100	20	-29	-33	-96	97	-90	42	37	-79	64	11	56	-29	-75	-7	68	19	84	95	28	-62	22	-69	-83	-34	-29	48	37	25	96	-24	-94	6	91	97	-34	-29	-36	89	-11	-39	-59	-30	-40	97	-70	12	-22	-100	-67	-3	43	-55	49	-80	2	80	58	85	43	15
-99	-72	4	-37	-11	86	-33	-56	-66	78	69	51	-62	-38	91	-78	-52	-10	84	38	27	-45	34	21	7	31	49	-26	-43	-24	100	75	100	-21	87	-24	-95	48	-6	31	-45	10	-11	100	-59	52	-75	-6	29	51	-77	72	-18	83	-42	44	68	100	37	37	-34	50	90	-1	-96	-31	31	-7	79	-65	-98	51	28	-22	37	-40	-44	-42	-89	-73	-9	94	-20	16	2	70	65	-24	19	-94	48	59	-85	-66	-43	-6	-97	99	82	-74
-78	-60	25	-59	75	23	38	45	-27	60	79	-100	-46	20	56	-25	89	-53	69	-36	-69	-5	-85	-35	83	-34	80	-28	-54	-99	-89	-24	-99	-80	93	-76	79	24	67	-97	-58	63	-58	-63	25	92	-92	-52	-40	-85	30	92	16	-14	34	-85	-71	76	79	-63	-2	-48	74	85	80	63	-4	-39	74	-7	-28	2	-72	97	-78	-59	-93	42	63	68	-4	60	78	-32	21	-1	-37	-13	-33	-29	42	-62	-71	44	74	-59	34	0	-85	99
-30	19	-59	-40	-99	87	52	-55	-84	80	72	-34	-90	-100	45	90	82	-25	-51	11	40	70	-73	-93	-21	4	-49	-45	-16	54	92	13	-87	73	-43	-21	94	-62	75	4	34	-82	-20	51	-71	42	-87	33	33	63	14	62	-41	43	-1	-37	40	84	3	59	38	-95	27	-36	-17	-52	-99	-27	-39	59	76	64	41	23	-8	-63	-11	-14	-4	49	-63	-79	-97	-5	-63	-67	43	4	0	-89	-76	-14	-83	-89	100	-96	-48	29	-40	-60
-61	-53	-52	-14	-22	-82	11	-33	96	10	79	-56	81	-38	-42	-5	-86	15	-75	-42	-35	81	95	22	-58	-11	-59	87	-18	-45	60	28	36	63	19	-87	68	87	-7	-68	1	28	-34	-59	24	3	-23	-51	-34	-32	75	91	21	63	58	1	-46	20	-18	-26	-40	-82	30	-95	28	47	42	48	-7	-49	24	-86	-98	-10	-23	47	65	83	-35	-19	-22	-66	76	90	34	-52	-36	9	-94	-86	18	-90	-36	5	8	-27	39	74	69	-73
24	13	28	25	-25	97	-81	36	-47	89	4	82	63	-73	57	71	-33	36	8	60	-80	77	57	-91	45	65	-57	96	-46	-45	-20	85	7	-100	-31	-33	-64	-53	-63	23	92	63	72	82	-53	32	14	65	15	-76	33	-59	85	-14	-99	67	11	52	81	72	-100	-93	78	-49	-67	94	19	88	83	-8	-27	85	-23	5	44	66	75	78	27	-25	78	91	22	-33	49	-91	90	-73	13	68	79	98	70	16	-10	-31	-13	-52	-70	100
10	2	40	91	30	-3	50	97	53	83	19	34	34	17	15	-65	-30	-72	1	-40	65	25	27	-37	-21	-94	43	-81	-67	18	61	-81	-17	87	-19	-73	85	34	-25	-77	-3	-85	34	96	17	-78	-75	-84	63	-10	82	-37	-80	38	87	17	36	-4	72	90	-58	-55	-92	51	30	74	-16	74	-27	19	87	-50	48	-14	-49	85	-88	-90	-55	63	12	-7	-41	67	89	-2	-93	35	-16	14	-51	-58	43	4	13	72	-90	10	85	-19
-93	1	-67	-88	74	-46	6	90	94	-15	-3	65	-40	-8	-48	-78	3	68	-99	-71	71	-11	26	-41	-97	-31	-14	73	-88	19	20	-75	-97	-19	-18	1	-91	-58	-15	-91	6	80	86	-80	89	54	95	-13	-11	24	43	-63	8	25	55	-20	34	-91	-82	-49	-31	24	73	43	-20	42	2	67	-8	91	-89	57	-1	32	-27	73	-37	-3	66	-74	73	-44	-52	25	-15	-67	-38	6	-15	-68	57	76	-48	-69	-47	-69	74	12	83	-54
33	11	94	-31	-83	-6	-70	0	47	71	-5	27	-26	90	-30	32	8	33	1	-63	-88	43	75	67	-100	86	-34	8	100	0	-67	20	-62	-94	-46	-2	44	-93	-17	30	-45	-27	-68	66	4	-79	3	53	-78	82	-83	-19	-41	-5	58	70	-48	82	-91	80	84	50	-91	32	-36	-43	-23	71	-62	-27	-46	66	75	-70	17	60	-36	93	-20	-31	3	22	-42	-76	5	45	-3	-25	-15	22	29	81	99	-43	-13	-78	-79	83	-67	-70
-43	26	-8	74	-31	-9	-65	21	69	-24	99	-11	-26	59	41	92	-78	30	99	-85	-76	-72	-36	25	-76	33	92	-99	33	95	5	31	33	29	51	75	83	-61	-65	-2	-68	2	-44	8	-75	84	-62	-10	8	89	-93	-70	14	69	81	-7	-22	-89	-12	-82	-81	-63	-34	-45	77	92	-71	-13	-18	54	37	14	69	50	-58	67	20	96	38	0	-58	12	52	91	-54	7	48	7	-39	99	0	46	37	18	-90	24	-51	8	65	-76
-26	-41	29	10	-38	-29	77	-23	34	44	60	-92	42	53	-82	19	-63	38	-17	80	98	-45	45	-17	52	-85	-38	-93	-25	-38	-20	-44	36	24	45	24	79	9	-27	-75	74	-11	59	43	40	-47	-10	80	2	-4	16	-92	-26	47	61	-51	24	86	66	-43	-60	-66	-3	-17	28	45	80	-49	-41	67	-97	-56	94	-38	92	-60	25	3	-84	-58	-39	4	-76	46	57	61	-97	36	-91	-42	78	70	-93	-36	31	81	90	92	-98	13
43	-63	10	48	-24	-39	-37	66	26	86	-63	63	71	93	84	59	-8	82	2	-16	42	-91	21	2	95	84	35	-40	-83	-25	-27	48	42	-4	64	12	65	-52	41	31	25	-25	-77	-63	-3	-29	12	54	91	-63	-56	-77	-3	-98	72	43	16	-36	-35	-67	-55	-100	-52	61	-45	24	-16	-87	28	76	0	63	20	-79	9	-99	-57	8	96	31	62	25	73	-51	-62	-16	-78	18	-48	-63	30	-46	19	34	40	5	-12	-32	83	35
29	1	23	52	25	-80	-22	-9	48	64	21	60	79	-69	1	-96	18	94	29	-42	6	-11	-83	-78	41	-77	45	28	-12	72	61	86	91	79	-5	64	-69	-100	47	-29	33	-62	-69	37	-97	-66	-30	64	-58	-59	-79	-81	-18	-45	86	56	20	-47	33	-21	80	-68	-46	-14	-54	49	5	26	65	6	-12	92	-40	-40	9	19	-35	44	85	94	-43	-93	-61	-41	63	30	81	98	42	80	-89	-31	-72	-7	-99	52	82	-65	-38	-5
-21	-60	91	-56	-96	-10	-46	-89	98	17	-93	4	-92	-79	88	3	-95	-95	-89	-44	31	-100	-43	-10	63	73	26	-77	-13	6	83	-2	26	-14	-27	33	23	-83	-90	-35	-57	27	-80	-20	59	-32	-50	13	90	44	-93	2	-95	-82	71	8	-25	-77	-21	-2	-39	73	90	22	-43	94	-14	-26	-30	13	-81	35	-13	98	28	-29	-2	50	36	-81	-63	86	35	53	-80	-80	-89	84	80	79	38	29	71	-19	-34	-57	-72	-36	30	10
-27	77	8	43	0	48	-2	71	14	84	56	-21	70	-67	-14	24	-75	77	95	-38	-15	-65	-78	22	-59	39	-45	-3	-74	86	52	-61	-72	77	-13	1	-37	-63	47	-55	13	-44	-49	-67	-10	-91	68	59	-22	32	-15	-89	-39	-33	-63	40	-60	53	58	-49	41	98	-45	66	65	12	66	-84	38	-50	-66	65	-43	35	-28	-99	-65	91	-48	-9	40	-23	-39	-19	-55	-62	2	-86	-88	-68	65	-7	-35	-39	20	11	20	-7	38	77
26	-12	92	-83	18	-44	55	46	85	25	-15	-85	-55	-18	-63	-27	-55	75	47	77	-23	-87	89	-36	81	-48	-33	94	-59	37	-43	-84	-74	-91	12	80	29	33	83	-43	-19	10	-19	57	68	38	-1	-48	18	-25	78	-14	-37	-19	-83	-23	-66	-24	-4	84	-100	-38	-95	91	34	-82	45	-69	-15	74	-71	2	-99	84	31	90	-29	14	-74	-94	-26	-2	56	-50	98	-59	-91	-9	-20	77	-18	-21	31	-64	-79	-92	98	-47	0	48
46	-9	-10	-25	19	-82	78	62	35	-92	11	89	37	-29	12	52	64	43	-45	16	-99	21	2	66	39	-54	-38	53	-31	-69	84	-73	22	-80	42	3	26	-2	-7	-21	-36	28	22	-25	50	81	-14	73	-85	90	-62	27	-23	42	-70	-12	79	-87	58	34	-40	21	-40	23	85	-25	14	42	46	91	-39	-87	23	98	-49	-4	58	-22	-1	-23	-95	73	-68	-56	73	-83	80	17	44	6	-99	-76	41	-89	-22	94	-70	33	48	-68
16	-35	98	-87	-14	-34	-44	89	-7	-43	4	58	59	-46	-99	-53	39	-10	-81	-63	48	-37	16	61	-91	90	-68	8	-85	4	-81	-62	44	-37	86	-42	1	-55	13	-9	-46	-87	30	80	-70	-86	-6	70	-56	96	43	-36	-40	25	-15	-23	-97	54	30	35	-44	-20	-27	14	85	91	-94	2	65	-52	-46	24	59	-51	-38	-93	-97	75	49	-71	74	81	-7	15	-59	26	-13	22	18	-68	-25	91	-29	-27	67	-7	40	-75	-69	-25
-74	59	-20	33	77	-55	-43	-50	55	-56	-29	-77	86	5	47	88	-18	-25	2	63	16	-96	-74	-51	-55	29	-89	-38	76	-100	-9	44	-79	98	-41	26	-18	-55	100	-20	16	45	-36	-82	-55	-40	54	-29	-43	-27	-46	70	-12	72	32	-80	-74	-32	24	88	-81	-22	13	65	47	-74	19	11	-39	-9	95	-28	-97	-91	-89	-59	-85	44	-28	14	62	-41	-83	-48	72	88	77	-39	-2	-53	-79	-32	9	-77	-86	20	22	-46	-12	86
-61	-99	-97	96	58	62	-18	-21	61	72	68	90	67	81	71	41	59	85	98	-28	22	-97	-7	-89	-59	10	15	-82	-61	39	93	64	-40	100	55	21	-56	-34	53	-17	-78	78	-98	17	-86	-44	-4	63	11	-1	77	-100	-65	10	83	-2	58	12	20	-62	-24	94	-95	38	90	-27	91	-29	-5	-53	97	-66	-41	73	-88	33	100	-54	-46	-100	2	91	93	12	-39	79	-32	76	79	36	-41	79	-22	-6	-40	-43	63	61	60	16
-39	30	-27	-48	-86	13	-50	96	72	-87	-11	-31	36	84	9	-36	-22	71	70	20	-38	27	-85	-59	-7	33	-48	31	27	-11	15	-36	-18	-8	-15	28	-39	-32	-52	-14	41	79	-95	85	-56	55	94	46	-17	-41	23	-99	-48	30	72	-72	41	48	15	0	33	74	44	-6	58	-56	26	-52	-100	-68	94	72	56	45	50	36	-75	72	-40	71	-12	70	10	-68	-55	29	13	-29	-63	-73	-58	75	40	13	11	69	32	83	-90	-31
22	-67	-22	56	94	-23	-17	92	-42	-22	35	88	-54	-88	-69	-67	-73	21	24	11	23	-28	15	36	-51	-25	-89	-8	-50	75	-12	13	34	-25	-51	62	5	90	92	60	100	-77	-78	55	-46	55	-58	-87	63	41	-4	-15	82	46	58	18	-67	-84	-39	-40	-28	15	19	23	-9	50	-33	24	-67	-50	28	57	-67	49	-21	-18	79	-89	-36	39	-72	48	-32	-61	-72	36	52	-71	-91	-52	-75	70	-35	-5	50	9	51	44	2	-62
90	-89	-27	56	-77	15	-16	87	-67	-9	98	-95	-33	41	-52	65	-56	80	-16	27	6	54	-29	48	84	-23	88	-4	-91	84	-58	71	51	-70	-82	29	53	-66	67	85	80	-1	11	1	-78	-42	-3	-6	-44	46	65	-71	-27	8	27	77	-72	9	-41	46	97	-8	83	-63	73	-39	51	-55	79	-2	-56	-64	-29	-40	-4	-9	-68	-97	74	-61	-96	12	21	-76	-85	-26	36	-66	-80	24	-75	31	-86	81	-47	-79	-57	96	-20	1
51	-44	-7	-51	88	64	-25	-23	-87	11	-13	42	83	4	-65	30	80	18	-10	-77	82	50	-94	-17	-16	-43	23	95	22	-2	-88	-87	-73	86	86	22	31	67	69	15	97	64	-13	70	-43	-51	25	7	39	-71	76	26	40	-84	-13	-88	82	70	-49	75	-10	90	-65	-86	71	100	60	8	-25	-51	1	-94	-40	-49	84	27	-71	-71	16	-41	83	-32	40	-92	40	-49	-36	-54	-3	17	90	-11	100	-75	-34	-55	51	3	-60	-72
77	88	-68	76	53	77	-27	60	-19	-66	-71	74	-16	-66	-86	43	-13	76	-62	77	-16	-79	-48	-70	-53	-62	55	-86	63	-33	-64	16	35	78	-10	-57	-12	-12	-73	-64	14	72	61	-84	31	-34	19	79	52	-68	-18	-63	-56	-50	97	96	-11	81	14	-84	-12	-48	-35	-16	100	-37	-34	6	-72	-32	17	84	79	-29	27	20	98	79	76	-95	-87	32	87	-59	47	-54	32	37	72	-73	-22	42	-7	92	37	-57	94	-84	-38	8
34	-93	-79	-89	31	58	-86	89	-74	71	78	-69	70	46	-78	67	-12	-19	62	-99	-62	99	20	-6	31	94	12	-7	29	-69	24	58	80	61	-45	-11	34	-65	-39	-56	-66	-11	93	-20	-79	51	81	-74	-58	62	74	-20	-53	-32	17	-31	-89	80	77	18	-69	13	-70	93	-64	-52	-31	-58	-51	-98	58	-38	66	97	-72	8	-33	62	-11	-70	-76	-76	85	76	37	13	14	-23	54	18	-51	11	-18	52	-41	-56	75	87	-21	45
-92	-72	-47	-72	-71	55	84	-24	92	84	77	-93	-71	-28	47	75	-49	-89	-89	-56	8	-46	-97	14	16	45	-43	17	-65	-33	40	43	56	11	52	50	38	-76	61	-59	83	97	61	80	-38	32	100	62	-26	-80	81	-21	-56	-43	-25	-85	42	77	-77	-31	69	34	-34	92	-59	-44	-99	-7	-26	-89	-4	28	-56	41	23	33	-24	-72	-44	9	-77	-29	79	-48	-48	12	75	83	-69	90	95	87	47	-33	35	-92	-18	-91	-22	-51
-54	-28	52	8	-86	95	90	-62	96	-83	40	-54	-45	65	-34	43	-69	-26	35	51	78	-35	28	-99	29	25	61	47	85	4	-23	100	23	84	-75	-63	-48	-25	17	-20	10	64	-56	77	40	18	25	82	91	-7	-18	-23	30	70	52	36	49	73	95	47	-48	2	75	10	53	30	49	-62	78	66	-1	-28	-7	-82	53	-45	14	74	73	-11	-13	13	27	-68	-15	-26	-16	-2	83	-62	6	29	-3	-57	92	82	14	-67	-34	-3
-32	75	15	-42	88	100	94	79	64	-2	-97	44	98	63	-17	6	2	-39	-3	-16	-70	67	35	13	74	-94	27	-28	-7	-50	17	-3	46	-97	-16	82	59	9	-89	80	-9	64	-31	-87	16	-99	30	-45	-62	61	21	8	-63	-63	63	-14	80	-9	-89	-37	-24	-48	-15	29	9	25	15	51	-20	11	-36	25	-12	52	-68	-74	74	58	-64	-74	90	-39	-39	-32	92	-65	77	31	-14	39	-67	-60	-68	17	-57	-69	78	-39	44	16
-63	-94	46	81	-15	87	64	-82	-84	69	-36	-59	-77	13	-81	-79	-9	28	-79	-13	43	46	-25	-57	21	-86	-34	-19	-27	-36	12	-40	-67	35	-63	23	-87	-84	-91	-46	-18	-33	81	-86	24	98	-20	1	-11	42	-53	81	-27	-38	49	-69	47	-15	30	-13	-36	40	81	-44	36	-36	35	-88	-8	47	-75	-98	-2	-6	11	-92	-88	54	93	100	85	75	-5	-49	-58	-5	72	0	-6	27	-34	6	73	42	-98	-58	29	-23	-77	-95
11	8	85	-15	-66	90	47	8	22	-16	-95	42	67	66	51	-90	-15	46	-17	-52	73	-2	36	24	42	-23	72	-78	-50	51	35	-96	75	-27	-61	41	-48	3	71	88	-62	-30	99	-39	-57	7	81	78	67	18	4	-51	44	-54	-10	90	20	-44	100	-44	66	5	1	43	29	-40	42	83	58	35	-81	40	94	74	10	64	34	4	-70	98	4	25	99	-91	-97	52	-21	31	39	62	-82	60	-83	28	-63	-81	40	47	-60	88
-14	-48	0	61	53	-33	-92	-40	63	60	65	-93	-100	-46	52	-20	54	91	-47	-67	-99	-29	-92	21	-24	21	3	-89	-68	-44	-46	-14	-93	83	84	-79	77	35	-86	26	4	68	68	-15	-21	-31	-100	-88	57	-81	-44	-49	7	38	19	88	-3	-4	-24	-59	-82	-50	-17	-26	43	-84	-28	97	-18	-11	17	-17	34	58	-93	50	-86	25	100	35	69	65	-2	50	83	-60	-17	-76	63	10	-80	89	-93	-8	-36	-67	68	-44	16	-91
19	25	21	6	80	79	-24	-100	35	-63	-100	83	-84	86	61	27	32	-26	-31	-67	-15	17	67	82	4	-89	-99	-50	-36	21	22	15	-15	-82	71	67	-83	-35	39	88	11	32	-88	-87	47	-48	-95	5	-64	-43	-22	-14	49	-73	42	-10	-23	-35	-67	59	84	-22	-48	58	94	88	49	-2	-62	85	-39	15	39	-56	22	21	-41	35	90	-22	-34	-42	-79	-45	31	-40	-55	98	47	-70	21	-45	63	85	18	34	-90	-43	-48	73
97	-34	67	11	-81	-56	-2	-51	-26	64	98	-72	100	61	66	-39	23	55	49	92	45	24	39	-94	-57	-97	70	-64	100	31	-84	1	-84	-35	-32	96	66	46	-60	-55	-82	99	27	-72	-13	-4	73	31	-5	46	-90	57	-93	60	-5	81	-76	71	-19	-61	-88	-1	-74	20	25	-6	-7	-58	-43	-10	-20	-67	-85	-19	0	48	-53	-53	-89	-74	-65	0	-37	24	-66	-25	73	56	-89	-56	19	-20	-83	55	12	28	81	3	-49	10
-10	40	99	-100	52	99	-36	-7	-11	55	-61	-19	78	69	-12	-66	-14	77	57	47	22	69	-67	74	-8	-99	45	-77	-69	-7	-12	1	24	38	-38	-43	-9	81	39	89	44	22	51	54	-23	-11	-66	25	28	-49	-72	92	26	20	-21	84	82	18	40	29	75	-34	-43	72	-54	60	64	-83	-61	-9	74	-27	-67	-42	15	-14	-33	79	6	-69	48	-96	96	75	57	-34	19	-11	87	-97	90	-64	95	1	-69	56	-55	-9	52	-72
15	47	10	24	1	5	-10	35	-1	61	-24	100	-2	-55	-68	41	8	93	83	-67	-56	-76	66	87	39	-20	13	-30	31	55	-59	47	-11	-44	86	-95	36	-23	-8	17	-68	-18	40	32	-47	-45	9	0	-72	-30	14	-27	-73	-3	-64	-60	-71	-2	-96	40	43	96	19	57	-91	-31	-77	-21	-56	-38	8	80	-34	88	-9	37	-20	-59	-35	-91	77	-27	-6	-74	-86	-26	-18	-99	-28	-82	-41	74	-46	14	-3	88	-12	-23	-17	-34
72	18	-16	53	-13	1	-57	7	-87	-74	-95	69	-84	92	54	-82	-49	8	-52	44	17	-14	14	-27	96	23	36	-61	-80	-46	81	-17	98	44	-1	2	40	-35	72	56	19	-27	56	68	1	-57	-63	10	71	58	71	99	2	34	-100	5	89	-63	-50	-46	-97	-2	41	13	-39	-94	-57	-80	-49	-42	62	-81	93	-76	-19	-73	-59	40	61	-20	23	54	78	-74	43	-92	21	4	-99	-18	-5	22	13	-81	19	49	-89	-91	-21	-35
48	-80	74	-20	60	-37	-81	51	24	-5	-82	70	55	99	-66	-48	-48	-100	57	91	-42	-91	56	67	42	-37	29	-10	39	-39	9	96	18	-81	83	60	94	-11	-84	59	94	22	-45	29	68	87	0	77	-24	-88	-70	87	-68	-37	42	53	18	-83	92	-23	72	99	-95	-80	72	-11	-35	-55	88	92	-74	-76	-97	-54	68	79	-65	14	-74	-83	22	4	-59	-12	-45	-97	-58	44	-71	60	58	-40	-20	-6	60	88	-38	23	38	-80
-62	69	22	0	-17	-56	-78	-36	-64	-67	-4	-29	-93	-1	86	6	82	25	31	80	48	70	33	-69	-14	-85	38	-44	79	23	-6	78	-46	75	-18	-93	-6	-10	2	89	49	53	63	-72	0	74	-53	74	54	-27	-11	86	23	-34	-45	-78	-1	-71	-74	59	87	-31	85	28	-92	-13	82	-55	-1	68	56	-44	38	-53	57	-14	48	19	-39	-54	-97	-78	84	-97	-29	-54	-52	86	53	-61	-67	-57	-11	-90	99	84	-1	5	-43	-63
-68	41	89	40	79	24	-17	-95	48	14	-68	-83	-29	-46	-98	-66	-45	-67	51	64	36	76	71	-35	-4	84	-75	61	5	-8	-32	-25	1	-99	12	12	-6	42	-43	68	85	24	31	-19	96	-59	-39	-89	-19	-48	80	8	-64	-51	-58	47	-65	85	68	12	-69	-11	-41	88	-78	-82	-49	-54	-30	-71	10	38	19	-75	28	-2	67	31	52	73	20	-96	-40	-69	2	37	-92	-1	50	-93	-13	81	-51	68	66	-43	34	76	-52	-57
76	64	96	-39	59	-16	13	-27	-70	78	1	-39	6	28	49	2	-78	-88	45	-50	-16	-32	-45	15	96	24	-37	-9	25	-33	-38	-42	98	-97	-56	-1	44	93	53	-55	21	63	-97	-83	-95	1	-72	-17	-36	-48	-6	-73	51	87	56	-78	-65	-99	-43	-84	37	62	-47	18	74	-31	-72	21	-70	35	-14	65	66	59	-41	44	69	50	87	-32	-59	42	84	95	28	-53	49	74	-23	-82	14	17	-14	75	-65	-42	-2	25	-46	36
14	-56	-87	100	-35	66	14	-75	70	-87	-26	85	-60	-87	60	-11	-55	-81	-90	88	30	-40	-87	-64	-9	-92	-88	-100	41	-19	-72	-10	24	-58	-15	-12	-46	-84	-36	7	2	-70	14	-100	-40	-19	-9	20	97	-91	-13	-66	68	18	-33	89	-89	63	8	15	-11	-4	-61	-2	-31	-62	-78	55	-54	79	68	-99	-71	84	62	51	-9	-70	38	4	56	74	78	30	14	-16	-17	39	-7	-27	35	-72	95	65	28	-77	68	-8	64	-53
-48	-42	-31	85	-50	4	-75	56	30	30	34	80	21	32	-43	-13	42	17	-12	81	59	81	-59	91	-14	68	15	-93	40	-95	88	-12	14	74	-9	-25	29	-78	-22	14	-47	27	-8	75	47	59	48	-72	84	-93	76	37	63	18	-10	82	94	92	90	-33	-78	1	-77	89	45	47	37	10	-53	-83	-96	-48	16	23	50	65	32	33	-1	29	36	70	23	98	-34	-78	71	-33	-95	30	-32	-69	-46	-63	96	69	94	67	51	28
-4	-32	-49	49	-91	98	37	-82	67	10	85	-83	20	67	-51	51	-39	-20	84	85	-71	-8	-45	91	-21	26	-89	-19	-72	92	99	-83	25	-52	99	-85	-67	69	-76	66	47	42	48	-35	-32	-99	-87	3	97	-83	-17	-19	1	22	11	-45	-19	55	-42	67	39	4	18	35	56	90	-71	-55	68	-21	3	-74	10	25	-55	-11	16	39	-40	30	31	-59	-68	-86	-24	36	34	92	-79	100	25	14	-28	20	-81	80	-99	21	-11	89
1	66	21	-71	49	3	79	-77	-65	39	92	-8	-74	-82	68	-97	-41	94	-82	25	-32	-44	61	-52	-44	30	-47	-57	51	-89	-83	77	-45	62	68	83	-55	14	96	10	50	-41	97	71	-67	18	92	-48	-29	-26	29	100	56	-23	74	-90	-37	88	98	-99	28	71	97	79	-100	11	29	-43	91	58	-4	83	-73	-83	-4	8	80	82	21	-55	-34	62	67	-26	97	51	100	6	-60	-17	-70	11	-98	-86	-92	99	39	11	42	2
76	-24	-44	32	-27	-97	-75	15	-63	-40	-33	-87	-58	-97	-52	26	54	-77	2	62	88	-1	-60	35	20	-7	47	-70	-51	-31	13	64	-1	-95	20	45	-28	-37	-7	52	-19	46	-76	-47	68	46	-9	-92	88	85	29	-92	-40	96	56	9	63	2	-93	27	-2	64	-18	69	-88	-62	32	-92	16	18	66	-1	91	77	-43	29	-91	-4	80	-91	24	11	71	-24	78	-58	-15	29	88	-85	-53	-46	20	83	-93	72	-43	71	-83	27
15	-15	-98	44	31	38	-47	-20	62	33	-18	-98	79	38	3	22	-7	-74	-100	-23	-76	61	-15	-2	-100	-33	66	71	98	-9	-31	-9	-62	-44	41	61	-56	-41	-65	-18	-69	80	-34	-18	39	-53	-31	-36	-1	-70	-75	98	100	-48	34	-16	87	90	66	-64	86	38	50	91	40	60	49	12	-31	-36	-86	-38	-40	-94	27	34	-13	-50	-17	27	23	-33	-87	13	69	4	-82	-25	98	-65	6	44	86	-43	-26	9	57	70	74	92
0	-93	-11	76	-16	-20	-12	-2	-18	7	-35	65	-72	-76	-9	74	90	-59	-91	-54	33	-83	-96	81	-23	-78	2	52	-51	-49	-47	45	-16	19	-45	-34	45	-17	-91	-8	32	-55	71	45	31	-31	63	-5	-83	49	-39	49	-76	85	-21	-63	-18	-50	21	-24	32	-19	-27	43	96	47	9	28	74	60	86	10	-96	38	-12	73	-40	70	-66	-61	-78	-90	22	-14	-14	90	-56	14	-74	-91	-17	-80	38	100	100	93	93	30	-78	6
