7	67	82	-85	83	-75	27	41	62	-23	-68	35	-58	-92	63	75	6	16	28	-29	78	28	-67	-88	63	-58	-80	-82	26	64	83	-85	-40	-19	84	66	-93	-56	-24	69	-5	38	80	-71	-39	-27	-83	20	88	-32	-91	34	-34	-71	75	14	96	66	70	62	-59	-28	-82	-43	94	82	-7	-51	-100	39	15	-39	32	19	-38	-88	-97	85	-78	90	0	-54	-81	19	56	30	-1	79	-93	38	13	-6	-79	9	-38	-50	92	-17	-77	-73
-89	-34	26	27	-59	-57	0	75	-96	23	5	-84	24	22	-24	92	-56	-42	22	-60	-27	35	-15	44	79	62	-75	-60	-91	28	48	-19	-8	-18	50	-2	-41	-21	100	-89	78	-94	-83	-92	44	-58	93	95	-90	-73	-79	89	42	-12	-82	42	-60	-69	-88	83	27	-35	-66	-90	81	89	0	43	54	-6	91	49	-20	-75	13	9	34	65	-67	-80	-89	-19	-77	18	-97	19	-1	75	-24	-78	-9	-14	-100	-97	-57	68	39	77	14	-55
-69	32	5	70	75	9	-84	56	-82	43	-79	-30	43	-20	34	9	28	-68	69	95	-45	33	-88	89	-25	-35	-38	-36	99	94	5	39	-25	-35	40	-26	-79	-44	41	39	90	22	-75	-92	-33	-15	-31	-53	-87	57	-87	-22	-49	-2	66	37	-58	98	5	-11	-8	86	20	7	-51	46	-69	46	-77	94	58	-57	82	-61	25	90	9	29	-29	-20	83	55	-36	89	-88	87	-62	34	-92	72	-88	73	6	40	40	-62	6	-52	55	-5
31	-10	-45	-91	100	-37	-2	-31	-55	-12	8	-62	97	-73	82	26	80	80	-42	91	34	1	-4	0	75	-98	-72	-67	-100	-68	96	26	-11	-70	-67	41	-34	29	7	-65	-25	97	-14	-66	-64	-62	-6	45	-45	100	-78	-3	-57	-24	-31	-60	-56	90	-13	50	58	-61	-82	-49	5	17	65	56	61	16	23	-58	-89	-30	43	-93	15	13	-7	-5	-53	37	15	-49	8	-59	-53	68	34	-39	32	63	75	35	0	-20	-31	-1	-45	-61
89	39	29	50	-46	-4	97	-17	-35	-83	2	-29	-21	-28	98	14	50	-62	34	-23	-58	100	57	-5	8	45	71	-1	-25	-97	88	31	3	87	-30	-48	0	97	22	95	-60	-17	-66	-4	72	-60	-80	62	-79	99	-64	-39	61	-12	72	-10	5	67	30	44	35	-55	16	-17	62	-17	-31	-45	75	-86	6	3	-94	-15	-90	99	29	-85	-66	73	-31	75	72	4	84	0	-6	69	-2	41	-76	71	97	88	90	-53	36	100	-82	-47
-22	1	-67	-33	59	-32	40	86	78	26	47	-41	-59	20	90	-90	-63	-15	35	-39	63	28	-3	-91	-88	79	-51	84	-49	54	-52	47	-83	71	100	52	-8	1	5	-64	74	6	16	18	29	26	-34	-69	64	60	-74	-10	-7	-41	51	71	-92	-45	5	79	-71	10	54	-93	48	-72	19	-75	63	55	-46	-99	-26	20	74	25	-6	-52	-18	43	-22	77	40	-100	-81	28	-97	-19	-58	-40	-72	4	73	-95	70	25	-46	-19	-93	-2
38	-12	90	47	99	99	-92	-27	-61	-55	7	71	-78	-98	-86	54	37	-94	-86	73	-67	33	59	-11	-94	22	76	47	-84	-52	57	-74	-13	-82	-91	-79	38	23	16	40	92	52	-54	83	8	54	11	23	-58	51	46	-8	-59	-21	-62	1	-78	57	73	-97	-98	62	-28	-28	-62	60	-15	17	100	-10	40	53	81	-64	-7	12	-95	82	-79	-98	87	-19	-68	60	-49	-89	-43	19	-83	-44	-1	33	90	48	-83	77	88	15	-73	48
82	-68	18	100	-37	95	93	37	-17	-32	89	-69	70	-64	83	92	-91	-42	79	-69	37	-6	5	-52	-51	50	39	97	-97	42	67	2	83	-46	-63	-11	-66	36	-71	22	-23	-50	43	-63	92	51	10	89	-52	75	-60	-35	-68	24	19	59	-11	12	-53	-69	-22	-62	-90	14	-18	-6	39	52	-63	-26	-47	-61	-41	-45	-18	-43	14	6	34	-15	59	33	64	-61	-80	-66	64	11	70	3	19	-27	24	-89	-4	20	-99	-20	80	-93
59	18	-91	-9	34	-80	38	88	6	-40	10	-37	-15	57	4	60	-28	-79	66	-58	61	-74	-78	-100	83	-11	98	50	-82	69	-56	-78	74	39	-88	-17	-8	-9	82	-31	41	60	4	-97	4	2	-91	-100	-41	-98	-12	28	34	-3	96	42	-100	2	-18	-76	-90	-37	59	63	82	-92	-8	-29	84	-37	80	-13	-1	-16	-27	-64	-14	-47	-53	-22	-22	-69	51	89	100	-2	12	76	-4	38	93	14	27	-64	-21	-86	93	24	76	-9
92	11	60	-33	-24	12	-92	-37	-44	-46	-21	-60	-97	-61	16	-17	-97	-48	27	77	-93	68	-5	-41	-9	11	-61	1	-11	74	-21	15	24	21	25	-34	82	-42	-34	-24	3	29	-42	70	-61	38	94	-65	91	-19	29	32	48	27	-33	32	-77	87	-41	44	-18	48	-62	-83	99	89	71	-88	36	-86	72	-44	3	69	83	-85	-5	89	75	-95	85	-1	-49	66	-93	13	5	-9	68	82	-3	93	87	-57	71	22	-52	-61	-26	28
84	-95	-37	-81	1	94	-63	28	80	-98	-8	40	82	-94	92	-96	-62	54	-66	-94	39	-35	-82	-42	-87	2	59	-34	-95	85	8	-26	-36	-71	19	-35	-68	64	87	-7	-29	-90	46	-13	-9	-86	63	-31	-10	-42	85	-85	-70	-100	11	-25	-99	-75	-6	-97	18	55	70	-100	86	-61	48	78	87	-28	75	-91	-6	61	36	32	-48	73	-88	-29	-31	-11	-3	-72	1	-78	-16	6	92	-36	4	-20	-55	29	-89	60	-86	-54	28	93
49	49	26	-22	-33	47	100	-13	98	-50	7	93	66	9	-42	47	73	59	17	-5	-37	-37	99	-49	45	-72	19	40	-46	-77	-88	-78	43	78	-44	-98	-24	-55	-31	-32	36	97	-64	93	96	66	-1	2	53	-50	-71	42	-61	36	-1	-37	-69	98	32	-61	-84	-17	-10	41	-96	16	65	-47	62	-51	-32	-18	62	33	91	-6	66	55	47	-27	37	16	41	-93	-22	-50	-17	-25	71	-15	-8	-69	0	90	-24	32	73	50	-6	-95
95	-49	-10	-9	-86	65	98	-75	-69	48	-74	-66	-78	-76	66	-74	19	76	-62	63	50	-92	80	-81	77	4	-46	32	14	-13	-33	-22	-73	31	-97	64	60	-79	11	-44	-82	57	-71	-71	-45	74	-37	-8	71	50	42	-68	73	-23	95	-6	-74	43	65	-53	-78	-26	-40	15	-95	70	-4	-51	92	-5	-75	57	46	2	73	-28	-90	31	-36	-47	-100	-25	34	-3	-86	23	-14	65	40	58	76	-96	-100	64	52	-18	-12	63	-63	-93
8	53	57	45	-60	-9	-31	-44	38	-63	-14	-4	96	-68	-94	17	59	4	75	13	38	57	-35	15	40	25	-29	-5	96	49	-41	9	14	79	-27	-34	13	-44	-60	-58	23	89	48	-85	74	-51	70	33	-6	-39	-22	-16	57	-20	-78	56	27	22	1	24	25	6	20	34	83	-73	-100	16	16	-28	-97	66	-38	95	-86	-17	-21	-52	32	28	-11	51	11	-84	97	-43	-9	27	19	-10	-56	-38	-18	90	19	26	-62	-76	38	-76
93	-95	91	41	86	67	-68	2	-96	-28	-100	-66	68	59	-20	43	15	98	-17	36	55	75	59	-49	-68	20	52	-82	-16	32	-54	18	27	77	46	-52	13	8	-1	-37	15	38	-85	-33	-86	-48	49	-16	-20	-70	-49	-18	46	-52	78	9	-27	-62	55	14	-61	61	-41	-35	44	-27	17	96	32	-50	-31	70	-59	-68	28	-93	-3	81	24	11	26	-93	93	-55	-50	75	-21	62	8	-42	-60	82	36	79	33	-59	22	83	-91	81
92	0	-49	-73	10	-85	93	-11	-98	63	2	-18	-59	62	-33	-88	90	76	-46	99	-27	-7	-55	-41	-6	19	75	27	24	34	76	-69	2	-26	-27	19	-11	72	-44	-86	-5	-80	19	-50	30	99	67	-79	31	-77	-48	-81	-62	47	-24	-94	-9	72	83	1	-45	-10	-84	-31	-95	31	-15	45	25	-50	-96	45	83	20	-42	-53	53	22	22	-82	67	-69	-26	12	-21	-68	-85	-79	86	82	34	16	-5	67	68	-71	88	13	9	46
99	-34	-91	-99	40	90	56	36	52	-29	-36	36	-34	73	-82	77	-71	23	-23	-76	18	42	20	80	7	-29	2	-16	-62	-18	23	46	79	-94	62	-47	22	-17	48	-34	-4	13	18	-98	-37	-68	50	35	37	-65	5	-50	44	52	25	58	18	-58	36	-53	-72	-97	0	80	-29	83	55	-54	-71	-50	-73	68	-62	-82	-19	63	-13	-74	-81	-33	51	-86	17	37	-83	-45	96	83	-2	87	0	-57	7	92	69	33	-19	44	95	-32
-52	77	67	72	-21	89	56	-89	56	87	89	-74	-29	1	95	-10	-82	18	63	-77	37	-98	52	15	78	-97	-61	-28	43	92	-96	75	90	50	-90	-27	43	-92	79	37	15	79	-81	-3	57	-37	37	78	72	-22	38	26	-58	9	-42	-53	-68	55	79	42	14	-43	-23	-29	-62	-6	-58	-98	92	33	-16	96	15	-15	-72	-85	68	-81	-21	75	69	13	70	22	-65	-2	-67	94	-95	14	2	42	54	-91	55	-27	-64	-36	-46	87
94	-35	-21	76	97	-49	49	-8	-38	53	34	-17	-66	-58	-75	-4	74	63	11	-31	94	-27	80	-100	14	-63	-64	-19	37	-64	-98	22	-6	68	-48	74	78	47	-66	83	27	-64	53	-14	72	-66	-79	16	21	90	90	50	-81	11	-48	32	-45	-50	-50	26	-46	-84	-62	-42	99	-21	-57	96	-84	58	-18	-97	47	31	18	14	64	-88	22	-39	-23	80	-48	17	25	78	-53	-26	-21	-35	-53	-78	54	58	-99	87	-56	25	-80	27
-48	100	95	24	-98	23	-49	-75	87	66	-99	-13	-9	1	-76	-97	-52	51	16	80	79	46	58	7	36	-41	48	26	40	-97	-77	-25	-79	97	84	-33	32	27	-100	-80	70	-27	-20	-54	55	-50	80	76	-35	29	87	26	91	57	77	-22	-82	50	-51	-86	87	60	-87	-77	64	47	-27	84	-35	97	84	-45	91	-67	16	79	-57	82	-52	-11	-69	9	-42	83	-56	-29	-88	-98	91	57	20	-20	47	-41	-29	-49	-38	92	-14	-5
19	-28	96	-55	-12	-21	-87	-47	-90	93	-20	76	-92	-66	14	35	-84	84	54	-100	-11	-84	-72	-60	-64	-2	67	-32	14	42	66	67	-12	-70	26	-48	-95	52	6	57	20	-78	20	13	-99	-32	93	-27	27	-73	-16	-65	-33	18	-62	41	-75	-83	63	-2	42	98	91	52	-87	9	-2	-91	53	15	-2	65	27	91	54	27	20	36	37	60	-6	84	-45	95	-38	48	77	-44	-78	38	33	86	47	-91	-32	19	47	71	-77	88
-45	-12	-25	-92	-88	67	88	-66	-56	-30	9	-78	-50	-7	93	79	88	73	-5	-66	-8	-19	-23	-62	52	5	84	-40	74	45	78	29	58	-73	33	-18	77	42	-92	47	43	-66	99	90	33	-68	-75	35	-36	96	72	-96	10	46	36	-3	-54	-44	-62	-92	-20	74	2	43	-5	-49	68	-12	36	81	-91	59	-1	84	11	79	93	-15	-52	97	-75	-73	37	38	92	-27	-86	-13	-19	16	-22	32	-54	-51	22	-82	-12	18	-21	-98
-78	-42	10	-20	53	-51	12	-79	58	26	78	97	24	-71	11	-20	74	-76	94	-33	75	53	-46	-23	14	-53	74	-51	-10	51	20	-64	-86	-23	-50	32	-67	-32	-77	-60	-54	-22	78	-88	-24	-26	-40	44	-87	-43	87	48	-38	-94	66	-88	77	37	87	93	-76	25	18	47	2	30	-100	38	98	-42	58	37	-43	-3	-100	35	-83	-32	-91	59	-32	40	86	-80	-29	35	-78	-89	74	11	-39	95	36	-71	5	-4	22	-100	23	-35
-31	-63	12	77	-87	92	77	88	86	-35	-31	17	91	44	-9	-37	2	69	-6	-95	-3	94	-42	-35	-15	15	-1	97	-72	43	49	-45	-21	86	61	-67	-90	-75	-77	-65	43	81	3	25	-71	30	-13	95	-2	-56	-3	34	-73	33	-63	46	60	68	16	82	-87	-28	7	38	30	63	-62	-47	-85	2	-48	16	-77	-53	-81	29	37	-81	79	87	-24	89	34	32	21	65	37	-99	62	11	24	55	-67	70	83	-38	21	-85	49	32
-69	56	-33	14	89	-98	38	-84	-4	-5	96	34	-89	73	-51	-17	33	-8	-7	65	11	-74	-51	5	54	77	93	-65	-55	-9	-62	-15	5	31	49	41	-45	-5	19	-8	63	45	-19	3	-46	2	-58	64	11	-16	84	-43	31	23	-82	-41	-82	78	90	10	-73	-81	-25	18	3	89	-4	70	-13	-26	-97	55	-16	76	-50	57	50	-69	72	18	-58	60	-89	-83	50	-40	60	24	86	56	-61	24	-47	-82	-28	30	-68	91	0	79
-36	2	52	-82	13	-1	-18	77	1	-18	-41	-33	76	-71	28	48	-90	-37	-14	60	20	-80	-68	-73	57	12	-73	25	85	-66	67	71	6	8	-33	-48	-15	86	82	-97	34	91	-79	-16	-10	53	-93	33	96	-95	88	-45	41	-48	-28	-17	72	82	90	-35	-67	30	-15	-39	-6	89	27	-6	-44	5	-38	30	-9	-56	-82	10	67	-92	95	8	53	31	-53	-68	54	52	87	-45	88	-27	29	1	-3	55	79	-96	22	38	-45	11
12	-35	71	-9	79	-51	-3	83	-66	7	-86	21	-63	-59	28	19	-75	55	53	-71	-10	-47	60	29	-88	71	-15	-47	-59	98	-80	-1	-5	-75	-55	-56	-74	88	76	11	41	-79	92	-37	-23	24	-82	-59	-4	-65	-41	83	45	27	66	60	22	77	14	-3	-41	30	-45	85	-98	77	-12	79	-54	35	-30	91	-37	-89	48	-25	40	55	-32	-89	95	21	85	-18	-30	11	71	7	-98	20	60	7	37	-7	95	-98	-20	-6	-99	-23
41	20	27	80	-48	-30	-47	22	32	-50	10	40	-22	19	-56	65	-52	58	18	-7	22	-81	16	49	-48	-41	-45	-100	99	-6	62	4	-33	25	-89	89	18	-56	28	64	100	82	-61	-3	99	-63	99	87	-2	15	-90	61	-76	-24	18	-79	-22	-79	-33	6	100	55	-36	-7	93	-13	-49	43	12	5	-93	-92	24	-55	-94	-58	70	-38	65	39	69	-45	-18	-60	56	-55	-66	87	-68	38	100	-80	2	33	11	-32	90	-38	87	-23
14	-77	-75	-39	-54	61	26	-30	21	-95	15	-95	-61	-97	-83	71	62	2	-33	71	37	-64	-88	13	66	49	-37	22	-84	-81	31	-3	64	-83	77	-88	63	38	29	-51	16	-26	40	-87	20	-51	-56	-12	-36	39	70	64	-46	-41	-60	52	28	-11	-47	31	29	-7	99	-60	57	-86	4	83	30	41	-96	-96	87	-7	-82	48	-40	-21	-25	86	75	9	89	59	38	64	52	-24	-70	52	55	94	74	84	-75	76	-84	-83	-71	39
72	-24	53	-21	49	41	0	37	66	97	81	43	-69	0	29	72	-75	62	-55	20	91	-72	4	-81	67	100	-25	7	45	4	-15	6	-13	10	24	-84	81	-48	-14	74	-47	-81	-98	69	53	82	70	-96	-55	62	-55	96	66	-21	77	-81	-53	17	-53	-34	-71	53	33	23	-48	28	-82	-67	35	-2	28	-78	87	49	-5	-45	67	60	73	-54	-83	31	67	2	-94	94	4	3	-84	84	19	23	37	-89	-97	-24	95	85	96	41
76	-82	92	7	-72	-79	89	-26	-37	-49	-63	58	84	21	95	-14	-97	87	71	92	99	-55	-67	-49	-23	39	91	63	61	4	94	8	31	56	82	22	-10	53	85	25	-11	67	96	55	75	61	-85	82	73	84	1	-45	-53	-97	8	-15	46	50	-82	-18	-97	31	78	-73	-83	-78	-65	65	-35	-56	12	-100	2	64	34	78	-67	12	79	37	54	-85	-63	22	40	85	78	99	-32	17	-89	-4	-30	-86	-84	-44	-34	19	-61	65
-81	-14	-7	-31	-3	16	82	59	22	37	88	6	51	-51	79	72	-80	70	55	-33	19	-19	-15	-3	-55	-71	-37	-18	-36	-80	-59	-84	58	32	31	6	-53	2	23	-90	-47	9	63	-1	-99	-89	-84	-60	6	-38	-25	25	-19	35	-25	-84	-14	12	-81	-48	-3	89	50	-15	-44	71	-58	-99	-63	-25	13	6	-47	-88	-13	-3	34	52	-57	-69	-68	-37	18	13	-35	10	-36	-2	34	47	35	-72	13	-44	94	79	6	-91	-60	-40
-73	-100	62	72	-96	79	-76	61	83	-68	77	-54	-31	-86	-85	74	-62	47	-27	34	14	37	-85	-36	18	93	-46	44	-18	19	85	-81	41	2	87	-28	11	73	-49	-40	-84	38	8	-31	75	-89	65	71	-80	-72	75	-91	-18	-20	-100	73	40	36	45	71	5	26	-40	-25	-90	-49	21	-15	-34	-95	50	80	28	-53	-33	-29	95	59	45	-76	-100	-32	9	7	-31	-14	-23	-73	32	-78	22	-2	-90	-42	86	0	-79	5	10	-97
77	28	-34	89	3	-97	-21	-85	-23	89	-19	-4	-31	76	-43	-76	93	-68	16	-29	-51	-77	41	74	-40	-2	-20	41	94	-15	78	-75	-99	50	-46	27	95	53	1	-99	74	33	-43	-66	-86	-38	55	-38	6	-4	-7	-25	64	-90	89	30	24	-9	76	-52	-49	1	-40	71	50	5	-14	-67	43	53	37	-99	87	23	81	80	-61	-18	-50	-50	-57	63	-93	-74	-58	88	2	82	-30	47	28	58	-52	43	-75	-23	43	-44	-13	6
9	-14	53	-90	-21	-90	29	-4	30	-97	-76	62	-65	8	-89	-27	68	-49	-14	58	41	-8	29	-75	-2	-84	-52	-81	96	-74	61	87	-61	-15	-29	77	-99	-58	-26	-20	-19	88	-66	9	-26	-5	-22	77	65	-68	41	56	-36	53	67	-12	3	94	-11	-93	51	-28	-51	29	56	-72	-24	-57	-66	-46	-38	81	56	-1	-6	-97	-28	44	69	-84	6	15	-74	-86	-61	78	-10	26	23	-76	-44	-47	92	-65	49	-59	-23	-3	-8	47
-21	64	-7	16	-51	-4	-58	20	91	16	42	-1	-31	-75	-39	38	59	53	20	-17	-99	18	71	75	-26	48	12	-2	26	98	-1	-78	43	-36	82	-29	-79	65	93	58	-39	25	-17	-37	-52	-97	86	50	66	14	-30	14	20	-27	45	81	-27	68	2	12	-29	98	31	23	84	83	8	-54	47	15	91	82	76	-68	15	85	8	-11	-49	2	61	36	-64	53	71	-52	4	62	-52	79	-61	11	25	-30	85	40	5	-49	11	-28
-94	13	20	-71	-70	94	29	54	32	51	97	-91	100	6	69	-76	75	99	-51	-24	-57	-53	25	86	-56	36	66	40	-45	-55	67	82	-35	-10	-4	86	57	49	88	-65	9	-43	68	73	-10	81	20	77	-24	100	-7	-2	-25	-40	-63	-90	-96	17	76	-70	55	-93	-96	-83	-84	-17	-14	-26	59	95	87	-22	97	-68	5	36	39	-3	-23	98	-35	83	93	-97	-33	33	-63	94	82	96	51	-99	57	62	17	-77	37	23	73	-93
-17	96	-19	83	-48	24	100	-75	55	-55	29	100	75	69	-2	-74	49	-13	-88	-57	-24	-31	28	-86	60	-18	33	-40	-80	31	97	16	-54	55	73	46	-20	9	-78	-50	94	-40	-30	95	27	-61	80	-15	-99	-38	-23	33	38	-27	-96	-18	-9	-84	99	-45	58	63	-13	-31	-18	99	-50	-19	-30	-32	74	-2	-11	-10	63	-53	-55	90	91	41	-18	-21	-32	91	73	-88	-26	73	73	-12	-60	96	19	25	68	81	22	-29	3	-80
-32	38	-26	-36	28	29	-78	96	-34	94	12	-89	-96	-96	79	-34	-49	-21	-59	-92	59	44	37	28	27	-4	64	75	-19	23	-6	-60	60	-29	-37	19	-72	37	27	14	-64	-63	-67	42	48	44	22	-8	66	-90	-88	-79	-6	-7	55	33	64	-46	67	-41	-89	22	45	-97	17	-20	-81	-33	-57	21	-50	-20	-82	77	-60	1	-36	-89	18	27	63	-34	-60	-29	46	11	-48	-5	48	-22	66	-56	87	51	-13	75	86	-78	34	18
-65	-65	-20	-61	-32	18	-91	-76	-16	-97	-49	-12	-32	-67	0	34	52	30	-53	92	95	-92	31	-35	82	72	-2	-35	-59	41	-64	-62	-68	13	-38	82	15	39	39	-56	-5	-14	-29	34	-30	-78	45	95	-81	73	21	-56	54	-14	-18	-47	92	-9	84	88	98	-10	-13	16	46	-16	-58	62	-85	81	-30	28	99	-73	90	40	-93	-9	-91	37	-68	48	-15	26	94	4	67	-100	-75	99	-29	10	6	13	65	96	-26	-1	-71	-36
52	-50	13	53	-2	36	47	-11	59	58	-15	-87	76	-52	-28	87	42	22	-21	-47	-71	-24	-85	29	34	-46	-39	80	62	55	62	61	46	-51	74	-93	10	-6	-30	34	14	99	-96	10	20	-42	59	-91	-58	46	2	-72	-81	-85	-96	11	31	48	-42	-32	94	2	-11	26	69	-98	75	-79	48	-50	-5	-51	47	-42	-84	63	40	-19	26	-30	46	70	-50	-12	65	27	-79	-29	-42	-51	-88	33	-84	46	-14	65	-48	19	28	93
12	65	25	-78	88	29	-38	67	1	-60	27	35	-20	-75	3	-27	18	-57	74	-52	16	-83	-77	96	-62	82	91	-12	-68	-16	-69	1	-19	89	-94	-11	-18	27	-94	-19	44	-60	-2	66	-56	16	-76	-62	36	22	5	74	34	10	-99	67	80	-93	52	-7	53	94	-100	59	-46	-69	42	-65	-12	-74	84	-12	-70	-14	34	84	0	-39	-96	84	66	86	50	-46	73	-5	74	-12	-21	-9	-33	55	-97	60	-57	28	-85	-98	5	78
-47	-87	-93	60	-52	-42	21	65	-79	0	-77	-43	-63	20	-16	-55	-54	73	-52	-48	75	-51	84	30	-94	65	68	11	-92	39	26	41	-91	-15	-4	-55	44	-99	24	-80	39	-85	-96	-83	85	-41	-55	-3	59	72	-25	-78	-30	57	-56	-24	83	-64	21	-83	6	-19	37	-53	-72	20	-98	15	17	8	48	-77	100	64	-99	1	23	66	71	-6	-63	8	69	-88	56	51	55	37	-94	11	-15	-9	89	46	-46	-45	34	-69	64	-34
-50	-63	-99	30	43	-7	46	-60	99	35	81	-16	63	-84	-90	56	82	-64	31	-17	79	-64	-60	57	53	-83	-52	-1	76	-55	-88	-35	91	-22	23	38	4	20	72	84	-50	56	-38	-65	-90	75	60	-54	-15	66	33	-34	45	2	87	69	37	53	-28	44	83	-30	31	12	-30	56	-7	-27	-31	-98	-58	20	-69	96	24	79	95	-31	62	60	-40	-64	18	51	91	56	-27	59	-8	-95	-46	78	47	17	0	70	68	63	87	45
3	99	75	5	12	67	5	85	-13	69	-44	87	-7	10	24	85	-44	100	-31	-23	-56	-90	85	-4	22	40	-98	-99	-91	34	42	-16	23	49	80	-8	6	-78	12	32	-26	-17	18	92	-84	38	81	29	29	29	-18	48	-49	58	-50	37	-11	80	69	12	43	19	-96	-56	73	-5	-82	-21	45	-84	74	1	1	-69	65	-13	-78	82	-95	18	-23	-20	-14	63	-33	-83	-57	-17	-42	60	-17	-28	-30	51	-14	-72	-32	78	90	-60
-19	-33	-75	74	-99	-28	93	-8	-58	93	-49	52	-12	3	60	-23	-28	-76	-85	6	-49	-2	73	-61	-29	63	-98	-4	-39	-24	51	-56	43	-28	-51	2	25	19	-92	42	-42	-17	39	49	-89	-55	96	48	-66	41	-41	60	-67	-90	27	-4	-46	-51	58	-84	-75	81	-82	87	-8	96	91	55	80	74	4	-75	-100	71	54	8	32	-49	-77	21	88	83	3	-39	-47	-53	75	65	-23	-17	-14	41	-99	72	58	57	-58	-35	-82	-74
-63	-53	19	53	63	-45	42	72	-44	-79	71	69	42	11	-41	100	34	8	25	52	-59	62	-52	24	90	-16	-44	16	83	6	6	-10	-89	44	79	-62	63	-84	-35	-89	94	-5	67	-100	32	-100	94	24	-16	-58	72	-97	31	-15	31	30	-37	-72	-14	-6	-60	-12	57	-85	-92	-12	41	65	60	-31	-97	31	4	-44	-92	45	9	99	-76	38	54	34	1	-65	-60	89	-50	94	24	22	-35	100	-7	78	-56	-51	-54	23	-97	31
9	-16	85	45	-30	-75	37	16	-98	-66	96	-49	11	86	91	60	-62	-58	-38	-58	-12	-33	43	-58	-34	-62	50	-40	-43	-51	0	65	-64	2	2	-71	91	-66	-62	60	79	65	21	48	12	-21	36	-2	80	18	-55	15	-25	-75	6	99	-60	-91	9	17	22	91	-93	40	35	78	-34	-9	90	-10	100	57	81	-81	-58	-29	-75	-53	-84	-78	68	-32	-5	-28	-39	-53	66	-51	-55	14	-34	23	-14	-69	-20	33	0	-93	20	-47
32	-2	54	-78	-73	59	78	-58	-86	-43	29	55	-8	71	4	-48	94	80	60	60	67	-64	-19	58	74	-54	85	58	-20	-26	-77	76	-4	73	45	-89	13	65	60	54	20	-1	-32	-98	-32	57	16	-65	22	-81	-32	-18	93	87	-66	-2	-8	44	-89	-67	-54	-94	-97	-67	46	-8	-31	-7	-75	41	84	-67	78	-23	-31	64	33	5	59	-56	-31	-24	90	47	-70	-39	-6	72	-30	-7	8	63	39	97	-6	7	28	88	-56	89
56	75	-22	50	72	-64	-67	-17	69	4	93	-75	-93	-37	-21	10	-80	89	79	-93	95	41	-81	-85	-69	22	-28	13	50	-34	82	9	-13	-7	-97	-59	-15	-14	-44	70	92	-51	6	-57	-64	-13	-12	99	-32	-51	-84	-91	-32	28	82	14	59	-58	47	55	9	-78	65	-100	-1	-61	6	36	53	58	90	23	96	91	-27	20	31	-29	-90	46	96	60	-42	47	85	-100	26	-53	-44	-91	50	85	91	72	41	-11	-35	42	92	-64
17	-66	64	83	-88	-29	89	6	13	76	-25	-33	-40	-31	85	98	-99	-60	52	66	-4	86	55	15	-93	56	-80	60	-11	37	-31	0	-30	10	-97	14	-14	-8	-13	41	-87	60	56	98	-95	75	-30	95	24	36	-98	41	-16	19	74	-14	44	-38	-55	-58	47	9	31	-16	16	94	80	-5	-62	15	-71	-55	-60	8	-87	42	19	-81	-82	95	95	-79	-8	-49	-7	-18	-26	-22	21	-47	64	36	-5	37	-38	-92	-81	70	-85	31
-81	37	82	-4	71	-16	-27	-50	-10	58	-78	84	-95	56	-11	-76	48	77	-54	-43	87	54	84	54	-61	-13	-78	66	95	-8	-59	83	25	35	-59	49	-44	87	-96	-27	-61	26	-43	-79	24	-11	32	-31	-15	52	73	-24	6	80	88	-20	14	62	15	35	29	-98	35	42	-40	-91	23	79	-87	94	-34	100	34	89	-97	82	1	-20	92	73	-75	3	-61	-69	-69	-28	0	57	7	-39	46	45	-48	54	-50	-18	-24	-36	7	-26
-92	85	12	-45	-52	89	63	79	-63	12	-79	59	-6	-6	8	44	-48	-72	-74	-28	-73	-56	-5	-13	-24	-61	-16	19	-86	27	76	-13	91	5	-18	49	-1	20	-95	-100	-72	55	62	62	25	91	-81	58	-54	68	-78	-94	90	15	71	54	-18	-82	-92	-43	-10	31	-65	-6	-90	78	-73	44	96	-81	-53	-93	69	-95	-24	-68	66	-93	41	53	11	59	-35	-97	-22	-73	-62	68	24	37	-54	-58	-49	-39	-87	0	34	-54	63	83
50	-81	-41	-38	-34	-91	-92	59	64	-46	-35	46	55	95	12	-90	-85	40	42	-93	78	63	83	37	-64	29	21	-69	-28	-5	-38	-47	76	-81	80	5	-24	-75	36	69	-7	35	-53	61	-25	-2	-55	-37	-88	-51	-70	91	-73	-96	-99	75	11	71	77	-99	76	-5	58	-97	-28	36	-5	45	-5	-8	-84	45	-3	74	-78	60	-56	42	63	-61	69	3	-68	-52	-99	-50	50	58	31	-95	66	-76	90	19	18	-73	-59	-68	44	-74
-98	-9	-86	63	-34	55	-85	88	-93	-86	-47	8	-31	48	89	-28	-3	56	-52	77	78	46	13	-3	-80	-56	5	-81	72	-38	-21	-72	90	-38	89	84	51	-84	-83	75	75	-82	-46	-84	-69	-77	-83	-13	65	-53	-25	58	-1	78	-74	-26	-81	-83	-59	41	85	68	-91	-10	-69	98	-27	-39	65	-3	-92	-90	61	-63	99	-62	-25	58	-11	92	-59	88	18	-62	83	-9	-12	-10	-16	15	95	73	-82	-3	71	86	-38	64	62	100
34	16	74	-70	11	7	86	39	-83	-85	87	-83	-64	-33	75	-85	-26	-75	-12	50	39	81	19	-56	-23	-32	68	75	-2	-91	-100	79	-41	-73	-37	-9	0	-43	-7	-25	67	13	39	-82	20	67	-19	85	-43	-19	-72	17	41	-46	38	86	92	-86	-66	5	29	-67	-10	-34	-10	-73	47	53	-92	-79	91	-11	89	57	78	26	-84	-3	-59	-21	-4	22	7	63	88	-55	-94	68	-16	12	-62	-79	99	-9	91	25	-5	-43	25	-66
-14	24	-23	-68	34	80	-14	-75	79	-33	-75	-10	-71	50	-88	12	40	-9	55	92	-54	-97	82	34	3	-67	-74	95	89	6	-95	-61	2	-6	73	-30	-84	-43	32	50	-12	78	-10	92	7	-51	73	44	54	-82	98	15	-31	-83	49	-20	-99	52	-8	81	36	-57	12	85	91	-70	63	-30	49	-33	-4	45	51	97	48	95	92	8	-44	-62	-47	11	-45	51	10	-84	-48	-28	-7	84	-11	35	-60	-93	-8	-86	53	-79	-69	48
70	63	73	-74	88	27	33	-99	55	55	-82	-43	-6	91	30	-6	0	100	-3	27	28	-95	-81	-22	38	-11	-13	-22	31	29	56	64	-74	-50	18	-50	-44	15	74	-76	-77	50	51	-83	10	-54	-49	-85	-76	46	-82	-55	50	-56	80	6	-19	-55	83	-15	32	38	22	10	-2	39	-52	-9	49	88	26	-49	-30	89	70	-69	-60	-37	70	-61	37	30	78	52	-92	-96	76	-61	66	-63	10	-82	22	77	26	-44	16	-1	-48	94
28	-17	80	46	46	64	92	-59	-29	27	-53	40	5	-44	74	-41	80	58	36	89	-60	23	46	-89	-21	-59	16	-6	47	-89	-14	-74	-99	96	70	13	-5	-42	-3	95	86	56	64	44	-40	6	44	-98	-88	63	88	-66	-43	20	49	14	33	-8	-43	-50	54	-52	46	90	48	-67	95	93	-20	50	-47	25	-40	6	-16	-86	-52	-71	29	13	-63	1	-12	3	-28	-62	-87	-36	99	-30	13	34	89	12	-96	6	-45	-73	27	32
44	100	68	11	-91	16	-17	-61	25	89	-46	31	4	-56	-57	32	57	97	-63	-63	-24	65	-1	-85	-44	55	55	-38	30	-26	-5	-94	-86	74	-32	28	-59	24	-76	45	-74	88	-54	-53	-37	-84	-93	35	-4	92	-8	87	-44	34	51	100	-80	-36	-73	-14	-47	-10	-45	-31	20	-37	-78	66	-8	-27	21	-11	-82	-2	-8	-15	-51	66	-48	48	-70	56	20	-85	-69	-95	99	75	74	-92	91	65	-79	27	-73	-88	23	64	87	-28
26	-86	27	52	92	-21	86	-35	61	-98	2	-29	36	-42	66	-60	96	90	31	96	-36	40	57	-96	2	-53	46	-76	82	0	57	-95	-17	-11	-25	53	-64	-53	9	41	13	-6	-16	-55	1	82	20	-29	8	-1	70	5	-34	88	45	10	-16	-79	68	-24	6	-97	-8	-77	-11	-61	60	53	5	8	28	-63	86	30	14	10	72	36	-61	65	-14	-95	50	43	44	-47	80	-1	-93	-73	73	-76	56	80	-44	4	-56	5	-73	-22
22	-43	54	-80	17	50	-97	78	40	3	-81	15	-63	70	63	5	34	-37	-45	-25	-17	98	73	-3	34	70	39	10	-19	-58	37	75	-30	-36	2	-73	-35	43	73	-67	-28	-68	-71	48	-29	-1	36	89	62	-19	84	-32	33	86	-91	32	69	18	72	-6	-26	50	-61	90	-77	-50	62	-54	7	6	-83	18	29	-51	-71	63	96	50	10	-12	-80	-69	78	-96	60	62	-96	79	-36	69	-31	58	27	0	-45	-100	-27	85	66	-13
-69	84	78	85	90	15	-32	73	-93	12	21	-7	38	-23	73	-5	-24	-12	66	-31	36	-72	92	-69	72	-92	14	78	43	6	87	43	36	-54	17	90	59	-78	48	1	-32	94	100	-96	44	-38	47	93	-22	30	21	28	3	17	68	-66	-41	37	-99	-58	-47	22	-93	-67	60	69	66	5	46	-96	-41	60	-90	52	49	25	-53	-91	93	-61	58	-81	-18	11	-14	21	-49	-38	46	-34	-53	-43	-82	39	61	-52	-61	-78	-85	-80
86	-12	69	-27	-39	-22	31	97	48	-98	-17	-48	-90	-75	-44	-97	76	60	75	-100	-70	-11	43	-87	74	-72	-95	-95	-3	-20	-18	-13	52	-96	-44	-4	90	54	82	54	55	67	-7	-24	54	-45	-18	-13	-52	-73	-94	39	92	29	-56	-37	-42	42	94	66	-86	-22	-66	46	85	24	-99	45	-29	100	-27	-77	-34	-97	-44	-12	45	-17	73	37	0	37	20	29	-58	-57	89	77	-75	-87	-55	-50	40	3	67	50	-42	-46	-97	49
-67	-49	-55	-73	-70	9	5	-7	-3	-10	-99	86	-38	-60	93	13	-22	37	5	-84	55	52	15	-85	-75	-72	-71	71	57	-40	-92	-43	-26	19	-68	-51	34	-93	15	-89	-73	14	15	76	-22	-25	84	69	-46	-51	-12	-67	71	31	-74	95	-21	-49	89	8	-12	-98	-62	81	-51	32	96	-58	-91	41	-47	-17	65	58	-90	28	-83	36	-42	-43	-38	-45	-2	6	92	76	-30	-64	45	31	-3	81	-38	32	75	-1	-38	-54	37	21
-27	-90	99	41	22	45	29	-83	-99	-57	2	-38	-48	-44	-20	-55	67	-3	9	74	53	-56	57	-92	16	28	7	-21	-47	-4	-92	-34	37	-50	58	81	-94	80	80	-10	24	31	-25	99	15	-15	50	-76	83	67	34	-44	-50	-5	57	1	72	-49	58	-4	-33	89	100	17	38	19	-96	1	-91	39	63	-89	2	59	39	29	-1	24	-5	-72	94	-65	-70	-59	-16	-37	80	-86	55	-93	2	-20	32	41	-61	-28	-36	15	2	-95
39	-69	-4	32	-36	59	92	41	62	44	-26	-15	-1	89	0	6	-55	-66	74	11	51	87	34	-98	33	-7	-41	37	50	14	50	51	17	-74	-41	64	3	-5	73	-9	-52	7	-42	-47	-66	-15	0	-94	98	-37	-82	21	-96	84	20	-46	37	-19	-19	-90	-1	-38	-98	9	-11	21	-46	-82	53	-60	86	56	86	33	-60	-57	51	83	-48	-31	96	-37	-100	28	-73	-1	-100	20	-73	-68	98	-2	71	21	87	72	-88	-22	-10	-42
72	63	3	7	42	-40	-20	-91	-43	22	63	86	33	34	64	21	-13	83	-96	-30	55	24	52	-61	38	-49	7	-82	-95	90	73	-99	-44	-33	-34	-98	87	28	-49	27	27	11	33	33	20	75	-16	32	-45	63	-28	78	68	-14	-43	-89	-9	-90	22	59	-40	-37	-45	100	96	3	-75	22	70	-60	31	-70	78	-56	-20	58	-30	37	-59	83	-3	-82	60	-20	32	-33	-15	-39	-99	85	-38	-79	80	14	-53	-18	-30	-16	69	49
39	84	6	64	-7	50	-1	18	37	-91	-65	-35	19	98	-77	-97	53	-79	-77	79	-63	4	-46	25	89	43	-23	37	71	32	44	-82	-11	92	-80	-5	-60	35	94	14	-99	-77	-26	-42	42	-12	56	-19	73	-69	-82	6	53	40	-100	-94	14	13	10	-84	2	-67	66	-32	-49	-12	89	75	37	-75	-32	-18	87	-62	-26	-44	-29	5	48	-21	-85	-97	48	36	11	56	-63	-1	31	-19	-49	-66	86	60	81	13	35	-8	-70	-39
60	22	-89	37	5	37	-18	-69	84	56	94	-3	-36	89	-45	-68	84	46	-55	68	-56	-24	-97	62	-25	-51	-32	68	72	-38	83	50	-66	48	4	40	-28	-46	45	72	-45	14	64	78	-5	29	-60	-89	-100	-72	1	84	58	-73	72	38	65	-61	17	35	-85	-61	69	-54	-78	-76	84	54	80	-33	62	-89	41	78	82	9	81	-88	29	-5	94	-2	-83	-69	-93	-89	-10	-61	66	7	-17	-76	-82	86	-78	50	-62	62	-96	32
-80	-48	-97	62	-52	73	44	-43	9	-4	90	-13	-99	44	66	52	-55	-99	30	-57	-54	-99	-76	50	27	-5	97	-91	4	-72	-95	89	-4	5	47	-83	-18	-78	99	-63	40	-33	67	-46	-100	0	85	-14	90	1	-69	83	27	97	-31	-64	-28	-65	41	-33	-15	55	-16	-25	-58	40	-30	44	38	32	-33	-80	-20	13	21	17	-34	-19	9	67	78	-9	-44	-80	10	-52	-73	60	-87	91	-99	-2	-19	35	6	95	86	-39	36	-61
35	-31	-64	100	63	-91	-40	-48	54	100	-14	-33	-13	-63	-96	25	60	-77	12	-59	7	-48	-40	-68	23	42	59	1	-83	37	-9	-83	11	46	-94	-62	45	-40	67	54	-19	57	-21	67	98	6	17	43	47	85	6	15	-56	-87	100	-16	92	14	-58	-39	-26	11	1	-55	0	83	-21	94	60	-35	24	-52	10	-80	-82	65	99	81	42	-48	94	97	95	86	-31	36	-98	-21	30	-64	-64	-41	71	-84	85	-4	33	61	-57	96
100	19	33	15	-70	82	18	97	81	64	15	-53	57	44	12	-19	94	30	66	-34	-65	53	84	-58	29	-100	-55	83	-76	67	39	-21	-56	73	-45	79	80	-92	61	-91	34	2	37	-2	-51	58	-95	-20	-44	-21	-38	-75	-57	65	-34	62	-11	48	-26	35	14	25	-62	-74	-31	59	-24	-83	-46	72	49	40	-90	75	43	-88	63	80	-73	4	0	44	69	38	88	9	83	-60	-92	-70	-41	99	-10	-95	62	8	61	-96	52	-11
79	53	-28	92	-47	76	59	11	75	91	42	73	34	-24	37	-68	50	55	-30	36	21	64	16	63	-26	-84	82	25	-84	-97	-65	-93	-4	-31	2	12	-61	-14	-55	84	-87	83	90	4	45	86	-66	-12	24	-61	36	22	79	42	-95	-42	-51	9	-99	-82	-63	42	5	-91	-73	-44	20	14	-82	-17	78	-23	43	23	-26	-48	-3	74	2	-60	-28	46	-29	85	5	-99	-92	55	88	-19	-28	-61	1	51	3	24	-53	-1	4	-78
26	22	-52	69	99	-89	20	-59	29	-69	51	-29	-45	-31	18	73	50	5	99	96	51	74	-93	2	61	-28	81	39	49	58	20	40	20	5	35	-37	-14	21	33	2	55	80	-24	58	44	76	41	6	-53	-60	-14	-33	-91	63	-37	-96	49	37	41	54	18	-51	-69	46	-27	22	-8	-30	-9	100	-84	61	-48	42	-4	21	-14	62	94	-10	-95	55	-75	-47	91	41	-49	-50	-81	71	28	-73	23	-46	-52	-1	42	61	42	-20
-6	60	83	-6	-36	-91	75	7	96	72	28	91	-1	-6	82	58	-81	77	93	13	92	35	-52	-95	-81	-81	78	-54	91	65	77	-40	-28	-38	-5	40	3	76	10	39	-3	27	-48	14	-79	5	-65	39	83	54	28	-55	-67	34	-75	26	4	67	25	27	73	31	95	-8	48	70	-24	-1	28	66	-19	-58	-92	1	56	-74	57	15	-26	6	21	15	40	61	-12	-54	-34	80	14	71	91	-11	30	-88	-64	-43	51	67	-13	1
-72	-51	79	0	70	-9	86	42	-24	2	-4	52	-43	-71	-61	47	-28	90	4	28	14	94	32	-48	-67	52	21	-95	75	81	-4	70	26	-10	-12	-55	60	-11	15	-90	14	-66	61	-92	93	-93	-73	30	98	19	-98	-91	-60	39	65	-92	42	-54	60	-91	-11	-1	41	-77	-70	-84	-37	-66	-84	43	76	-66	8	-4	36	30	-68	95	-13	-95	-53	71	65	-51	31	87	27	-20	96	68	13	-96	-70	71	-3	-43	-64	-34	-82	-84
-10	-64	33	-95	58	-33	30	-58	-4	-73	-77	17	-69	35	19	72	-60	-88	-51	10	95	70	-52	57	70	-16	-63	-92	31	-84	87	100	-21	-78	87	20	79	-1	83	-87	-34	35	-18	67	-80	-49	-67	-71	90	-40	-15	66	46	-56	72	92	85	83	41	10	-7	-80	24	46	-32	59	55	-93	90	-57	5	56	-3	75	-91	-87	80	49	-52	73	30	-69	-77	-97	-20	61	-43	-83	-8	-45	-86	17	-13	-56	94	39	-51	64	8	-19
-26	-85	32	-67	-94	-100	25	-100	-25	-61	-51	38	44	-87	-62	-32	51	-54	79	-57	-83	-58	-1	92	84	60	-18	-76	89	75	-96	77	-20	-48	-2	29	12	57	-1	36	-55	-20	55	23	-16	-67	99	66	14	20	-80	-67	100	12	-96	-94	-20	-84	-3	8	54	4	55	64	-72	29	-98	32	-80	-94	-20	-91	-48	39	31	45	-2	84	-44	64	47	51	-76	35	-54	89	61	-47	86	-2	94	97	-22	0	-76	59	32	-48	-48	-74
-60	-1	0	76	-96	-60	46	-89	-6	39	55	78	38	76	73	-83	-23	-20	-31	-25	49	-64	-60	21	74	-22	-16	25	14	-92	13	43	-63	-10	-6	78	-33	-30	13	21	19	-97	-92	11	34	24	-20	-89	12	36	-26	-80	-63	-41	-48	-11	32	10	-21	61	12	-59	-9	81	-64	40	99	35	49	88	-21	21	5	-51	14	-49	-14	-68	19	74	50	-91	-28	7	98	-73	31	-77	-97	-41	-95	36	-43	-99	-62	-62	39	-80	79	-48
-100	-9	4	-40	41	46	98	13	-47	3	-63	30	-12	22	-67	24	39	47	-66	-37	40	66	-95	4	86	7	-36	3	-60	35	-51	2	-96	-76	-16	42	-80	75	90	-54	41	-100	-53	11	-94	-19	51	-68	-14	-17	-49	34	60	-30	-60	-22	-57	25	-2	-43	88	100	-8	-84	-55	9	39	-17	-63	71	92	-71	71	-8	-14	-56	69	-55	58	-20	-13	-26	90	24	-34	55	-82	-60	-25	52	88	-85	-84	-16	-16	80	84	-100	-33	-30
-89	50	11	-39	52	-65	-38	78	43	50	-2	-3	31	-61	-82	-72	-18	94	46	12	-8	-38	-78	-46	-69	90	74	79	-1	76	32	64	72	54	-73	-27	79	53	-37	-17	-14	-76	63	35	61	96	-72	-28	-86	-27	91	-77	10	-20	96	84	-44	77	0	20	-42	6	-10	54	64	75	-67	26	20	-31	100	-100	-4	48	52	-2	13	-1	10	52	4	-57	77	33	-88	-70	6	38	-40	-99	-76	70	-64	-20	-50	79	33	-28	-94	32
-92	-6	42	18	-18	-7	1	-91	-96	92	-77	92	-33	-74	-20	28	-53	35	4	-60	11	-71	81	-1	81	7	19	44	-20	-78	81	80	-36	-5	-35	-36	-49	13	76	66	28	-84	99	31	-59	-2	-34	-15	-97	-15	-34	31	-76	48	83	22	-2	-13	98	40	-83	-69	39	61	-8	-3	-51	-41	-27	89	59	46	68	13	26	41	75	-97	1	1	84	-12	6	-46	6	79	-75	-5	-6	-16	87	-22	72	17	-75	46	90	25	79	-15
-97	93	40	-26	-32	68	24	-27	69	-93	-13	85	4	-63	41	-99	70	76	92	-31	-42	-92	-68	95	28	-5	22	-51	-4	72	-8	44	-29	-33	-16	-61	-20	18	67	4	8	-76	97	-10	-33	100	5	60	8	-91	39	68	44	23	87	-59	-77	-38	-46	74	-53	63	17	12	94	-47	86	-90	24	-82	70	60	-69	62	6	37	-31	-55	-84	64	-73	-16	-52	-71	-52	41	-69	3	-74	62	49	23	-60	15	-50	39	82	-33	-72	-45
99	-61	26	-85	61	-76	-67	-82	-52	99	-65	86	85	41	-80	73	73	-6	-99	32	-16	-88	-64	86	-76	78	74	26	-66	6	-63	32	-53	12	68	-43	-9	20	-73	-2	0	87	-68	12	-37	-31	48	-52	38	-84	97	65	5	-94	-40	-14	75	-24	-20	-68	55	1	-79	41	-24	-63	-53	71	93	57	77	-82	67	35	-80	-64	26	39	14	-19	38	63	15	2	98	-46	-31	-67	-67	57	88	-77	46	49	-83	-65	-74	-86	-24	57
-77	-36	77	52	78	70	33	-67	2	-95	-11	-43	-27	-97	79	85	-58	-35	-90	-18	-69	-66	74	59	74	6	58	-40	-22	14	-86	6	-79	32	-73	-73	-3	-90	57	0	5	-7	55	-26	85	-13	-41	14	-41	93	70	85	-99	21	-96	-3	26	-28	49	-8	54	-19	-84	15	-9	-67	-66	-91	-21	-40	-41	-9	94	92	-98	-13	-75	-16	9	58	67	86	55	10	65	4	99	14	-97	-12	79	-95	3	3	-35	-29	43	47	-63	-68
36	76	-77	89	-52	-70	22	-66	-11	-32	-37	58	87	-22	-63	-91	72	-1	-59	-48	3	-46	55	25	-8	76	93	-57	-94	-32	81	-27	-52	-71	15	-88	31	-87	-14	-51	-95	-49	-12	-36	80	-22	36	63	30	-16	-82	26	23	-94	92	-33	22	25	93	-82	-70	67	98	-90	-95	-76	-28	-12	88	-42	81	-85	70	3	36	-29	-25	-33	92	-8	67	37	36	-96	-43	-62	-52	86	-92	-40	-94	72	82	14	-95	62	55	57	58	-34
-52	73	11	-84	-58	-46	57	-51	38	40	-98	27	3	16	-1	-88	-1	50	-67	-40	42	89	-46	-84	41	-85	-64	75	-36	2	-25	4	16	-9	3	-32	37	71	61	-74	-44	-19	3	88	73	48	13	-11	15	19	-56	-84	96	-70	-17	15	-49	54	32	-25	14	63	-17	-90	-12	42	42	-66	9	-34	-34	-43	-18	-73	-91	-47	26	56	73	-36	-34	-72	-84	60	57	-9	-29	-93	77	-80	-16	-92	-46	64	-47	-51	3	-2	-95	57
-46	94	-16	25	73	-45	-10	36	-84	-76	-40	15	-47	-79	93	-61	55	-13	-42	16	23	38	-11	33	-96	-4	34	-94	-85	-9	-10	79	-9	-61	-55	-71	-100	87	-68	31	8	63	-80	-37	89	99	-29	29	13	76	-56	8	95	48	24	-56	-21	74	-3	-49	8	-8	-38	46	-46	21	-17	-33	-10	-85	94	-96	91	-24	69	-89	61	-80	0	-92	93	-36	-88	2	-81	-10	4	0	44	-77	-85	81	-50	-94	-13	-44	-11	-16	82	-35
-40	28	-89	57	44	28	52	19	54	-6	45	-29	-81	83	56	79	-25	-31	98	-48	-57	44	-22	31	37	61	-74	83	90	1	20	70	92	-72	-47	22	67	-87	47	-17	-26	-5	-51	-79	-36	-54	-18	-79	-8	64	15	41	-58	-55	-43	87	87	-59	80	47	6	-90	93	32	45	-99	68	-53	-76	85	95	-50	-20	56	11	-6	-7	63	-22	-7	24	72	-93	25	-94	-4	47	-27	42	-10	-55	-96	98	86	-73	-42	-99	-12	77	-84
-54	-100	-91	-46	42	82	-31	30	-1	63	-80	-56	36	91	24	-95	17	-25	-10	-11	-19	-78	-88	-40	-89	-93	96	98	43	-5	-63	24	89	82	39	24	29	-10	12	-9	-86	3	35	-4	-28	-86	-37	15	-11	38	61	22	76	-12	-76	-69	-95	-22	37	35	82	-78	37	99	-61	-35	-87	-8	-60	-92	-3	8	-18	9	7	22	80	4	-97	-64	54	71	-39	36	25	39	22	38	5	-97	-17	96	-36	42	-58	91	16	77	10	-49
5	88	-60	-4	17	47	-39	-15	19	94	-47	-3	-94	83	48	-39	55	7	6	-8	-88	91	-68	46	69	-47	16	-79	1	92	39	87	11	-61	39	-42	-26	-44	-65	18	45	-41	3	-11	62	50	1	35	99	98	-18	-52	73	-19	-78	41	-12	-32	94	-14	45	78	56	-31	-96	78	-20	61	-91	-55	-61	30	-66	-47	41	-35	-19	22	-45	-7	-14	64	59	-66	-86	48	-4	21	-37	-38	-42	-57	-99	88	93	59	76	-100	-61	-5
-16	-84	75	7	-15	-75	60	-33	10	-44	-31	-30	-39	84	-89	64	-59	-54	60	-89	66	0	-8	-42	-37	86	-1	89	-32	-89	36	13	-100	-33	24	-36	-11	51	-4	-74	-45	39	2	-41	-78	25	-7	-65	-87	-17	-52	51	-3	64	-38	-80	69	-34	100	-31	-98	-8	-1	-33	35	100	-52	-50	36	-3	-1	-82	58	76	-9	22	-30	-95	-74	-46	-31	-40	-78	-42	-6	-10	28	20	86	68	-78	-21	-34	68	-85	-56	-89	69	29	-19
4	27	74	72	42	-53	58	-16	7	88	-16	17	71	-47	30	-39	3	53	-13	63	-57	-64	73	9	-95	53	71	-1	100	88	-7	13	62	-70	-26	29	-97	-86	65	-93	-70	67	-30	-80	-59	-73	-33	3	-68	-64	-78	-3	30	-68	-42	97	-48	80	-68	10	2	47	-69	75	-12	89	28	20	-41	-85	-27	-6	-63	-56	46	25	40	67	-21	-19	9	-22	28	31	12	-30	34	-61	-60	36	-78	74	50	1	37	-87	52	-16	-27	-86
-21	19	-72	-28	52	-68	81	-27	75	10	62	37	5	-89	17	54	10	-21	23	55	-51	-30	-9	60	-58	-17	-67	-64	-25	-66	49	43	79	-35	92	-49	-91	-89	-58	21	-81	-27	-40	71	-21	35	37	-64	53	-88	63	80	46	1	8	-55	70	-58	7	-70	23	-51	-10	-58	25	-73	-73	60	28	35	-96	66	69	-66	-73	69	-50	1	-50	88	-95	39	-53	25	-10	67	30	28	28	72	50	46	32	46	-29	6	50	38	65	31
98	-29	6	23	63	15	-4	14	7	94	34	-76	100	8	22	76	-31	29	-51	-33	-47	-77	-58	-10	-78	100	-38	19	-24	-6	-30	38	-47	-79	-100	-87	-42	-84	-74	86	-31	-36	96	99	-82	-71	11	84	-33	56	-67	59	-66	92	3	-29	48	3	-90	99	67	21	-52	-55	-57	-90	-18	-66	20	29	-51	-95	31	57	63	-8	68	-61	-77	61	-78	-21	-18	-50	37	23	39	46	71	-91	-100	-20	-82	48	-86	-30	73	84	95	15
-73	14	-32	15	-40	30	34	74	-59	3	56	-84	91	-27	-43	10	-92	-70	-35	3	48	-76	-43	-25	-58	-88	45	-72	-57	-29	62	53	-7	-80	90	-64	74	2	-50	18	33	35	-21	52	-84	88	-86	-94	16	66	-64	3	-15	22	-32	32	-10	-43	-13	-14	58	39	62	100	4	32	-25	-34	-33	-27	12	-9	-97	-9	-69	19	33	49	-50	70	-83	48	35	68	-64	-3	99	-58	-1	29	-44	86	-38	96	-17	69	79	15	30	25
-64	-92	23	-26	17	-65	-80	52	-63	-70	37	-7	23	94	24	-18	18	67	-83	-86	55	-87	-58	-28	77	-14	-3	-18	2	-18	0	61	1	-49	-25	34	-18	29	-40	72	-87	-88	6	-94	-91	24	78	-85	-37	-68	1	18	-99	-59	28	54	-26	80	-25	52	-57	-55	95	-7	-96	63	52	-39	95	-39	-80	30	69	-12	-80	22	-18	-90	23	67	-47	10	-65	73	-73	54	-28	-39	92	85	42	-22	14	66	38	-71	82	54	-50	-84
-32	-42	77	85	-88	-72	61	-23	41	-56	61	96	-16	7	79	-43	-4	-88	-71	-10	-51	-1	-31	49	35	-60	-29	-75	-94	-50	18	36	-37	-36	30	-33	-82	46	44	89	-64	-36	4	2	-34	86	-23	57	-78	84	94	-95	-26	60	-44	69	65	-92	17	5	49	29	98	97	21	7	-9	90	100	36	-88	12	-32	88	-32	-24	81	76	-38	-48	71	17	-50	-63	13	-67	-65	-15	16	24	100	-83	23	10	-72	-80	-93	-79	-21	-55
22	-47	77	42	-95	-71	-97	-57	-60	-84	-44	-88	-99	92	-24	-79	-63	32	79	-25	-19	44	62	-27	-87	-26	-8	-26	20	20	-16	48	-89	12	-30	-95	62	40	24	28	59	-99	28	12	-8	91	-87	64	-33	23	-9	29	5	-10	-87	-40	-33	93	6	-2	17	-1	-56	18	80	-82	-67	79	-19	-1	23	89	53	-54	-48	-28	92	79	68	36	-69	-36	19	-87	23	46	-85	-46	-47	63	36	83	-45	69	-51	95	-39	-47	57	10
