81	58	-21	-40	-14	-6	88	-17	53	62	-59	-60	98	-95	-13	-17	-25	-24	-74	21	-93	-84	-22	0	-35	-41	76	63	-51	-10	-20	76	-37	26	-82	-48	-29	-39	-39	85	68	32	-87	24	16	92	-31	25	14	-46	24	11	24	-25	-23	91	90	-41	96	33	42	14	78	42	-21	-41	51	33	-64	-79	100	68	46	-67	-13	-82	-17	-77	-55	83	-88	-6	42	68	35	78	88	32	-59	-72	60	92	47	98	-24	30	-50	88	51	-12
-45	22	-38	19	42	100	15	92	-59	-59	53	82	15	-7	-83	97	30	-36	-55	69	29	-95	2	-38	73	35	97	-93	-10	34	-40	70	64	71	100	-83	67	99	-42	19	-52	13	-57	34	-32	-16	-94	21	-16	-10	78	-17	23	71	73	-85	68	20	-77	-40	49	-87	39	94	-50	-64	-76	31	64	22	82	-9	-34	56	-55	-53	66	17	-44	-75	100	24	82	-19	37	-91	-88	-70	83	-16	76	-24	10	93	-29	46	57	-34	86	85
65	92	38	-84	5	66	85	94	-82	18	-19	-53	-6	-37	-85	-63	-62	54	48	-30	36	-8	45	-82	92	-43	57	-60	-3	-85	38	28	62	-80	-97	32	9	-87	91	48	87	-40	48	-44	-6	30	81	35	5	87	-28	10	-88	43	-97	9	-89	-33	-44	-39	-68	-53	63	-48	16	-24	-1	-59	24	58	17	26	62	-77	-49	33	64	44	63	13	-72	4	-83	-96	6	-40	-48	-97	-52	32	28	73	-31	-96	-65	85	94	10	-91	65
26	-72	-68	30	-57	-87	-19	-97	-55	31	1	42	-100	51	30	57	-19	-44	-3	-78	-100	15	-52	-82	78	90	-32	-79	-44	-54	-97	-7	82	23	26	-73	-68	-20	76	-20	45	46	-84	-11	-4	56	-98	-75	76	-66	-30	-95	44	49	-1	15	76	-53	-87	63	5	27	-82	76	-94	-37	26	-89	-73	31	11	34	-58	79	-49	70	27	60	87	52	53	21	-95	-40	37	76	4	81	8	-95	-8	-2	6	41	-75	45	88	-10	10	-63
7	24	39	14	-34	-27	55	40	42	-97	-86	-46	46	-76	-99	-54	69	27	-85	-78	41	4	29	19	5	57	79	-45	-11	46	59	93	-59	-8	-46	-43	51	35	-83	-70	-6	-24	74	-71	59	-6	45	-41	64	-62	78	-69	95	-10	-32	52	-63	97	72	-25	75	-94	21	-89	89	49	47	83	-51	15	-7	58	-19	-78	20	65	-70	59	94	-71	27	-61	-25	33	-12	82	41	-97	31	4	63	-51	7	17	-13	28	20	-37	-83	84
0	-48	-61	-10	83	-84	-60	-32	60	11	96	44	8	9	15	-76	-77	72	-73	-54	-95	29	7	48	-20	38	-66	-85	-10	-80	-43	-25	30	-28	-71	-55	15	-94	-30	-18	79	-22	44	21	-42	81	-68	6	-69	-44	-7	-30	-56	-33	31	90	87	62	-72	-35	-28	81	-11	93	71	-67	98	-10	92	-45	36	34	-90	55	-92	-56	-72	-63	-69	-74	-52	-96	1	-88	12	93	-31	97	91	-13	-98	-1	-66	-48	0	47	68	-16	-22	-45
-86	-99	-2	-76	94	89	52	28	-28	-10	-36	-17	58	67	23	29	65	-11	-95	82	71	-49	-31	53	73	70	-48	85	-28	55	-11	26	31	99	10	-60	-89	14	52	-1	58	56	98	25	61	-65	-75	84	-98	-65	1	77	-23	36	49	-60	22	55	-36	15	9	46	92	-55	49	-46	-70	59	-59	66	-48	80	-54	60	66	-19	-20	-67	-62	30	-50	93	-75	2	29	-56	-16	-54	42	-12	66	85	65	-3	-87	75	-70	75	100	-17
-69	-45	50	81	99	47	98	86	-6	35	-75	92	32	-62	31	-1	-55	-15	-77	76	-31	44	-24	76	43	95	-72	-78	54	-89	-7	-53	-37	-28	-32	-9	-24	52	-29	8	1	-15	-33	30	75	4	-18	-70	72	-52	100	13	-36	-66	53	-39	-8	-86	5	-45	75	-1	-56	26	29	96	-24	-59	-96	-11	86	-39	52	-40	-88	-24	-67	94	4	-73	-57	-8	81	-83	73	71	-94	95	37	-88	79	99	8	87	-29	-98	10	-53	-61	6
59	43	-90	49	-98	84	-34	-41	-75	93	47	-93	21	60	-47	-22	-69	55	-17	-87	65	95	81	-97	-49	-97	-52	32	-53	86	24	38	-2	-93	-31	-21	-6	-8	12	-64	89	14	74	-84	74	5	-92	-11	-43	-23	95	52	-18	-80	-23	-98	31	-31	-27	-95	65	-47	-57	-77	-22	18	-73	-21	-77	43	68	-47	14	-100	30	6	60	37	-99	-11	-95	55	58	8	70	-8	10	-36	79	52	65	-66	93	-35	-28	66	97	-81	-33	51
12	-22	94	-57	-35	-7	-49	82	-80	-62	-24	-91	-19	-62	2	-93	-55	71	-77	-7	26	-82	-37	71	1	-80	23	-54	-18	4	-37	82	78	87	73	-29	-17	67	67	60	-60	-67	55	20	-32	-28	37	42	99	56	-9	-96	55	20	-48	75	-82	-72	29	-36	76	-20	-1	56	-9	50	59	45	-3	-83	85	39	70	-61	-56	-63	88	-88	81	-83	30	-17	67	10	61	-97	97	-3	38	94	54	88	60	-30	-73	86	99	-18	27	26
56	21	-34	32	75	69	-53	43	62	-90	-1	-67	57	53	52	63	-10	-14	33	-9	21	-98	40	100	82	-100	16	-44	-11	-51	74	77	-79	-81	64	-42	93	-32	-95	74	9	47	-91	-88	-9	58	-30	30	-65	78	81	22	62	68	29	-27	16	-22	-73	38	-32	62	-78	31	82	-93	96	58	-30	-36	-25	92	63	75	-86	1	73	31	37	-18	25	57	-99	-92	53	-88	-41	83	36	41	93	85	-20	48	-56	61	-93	-76	2	25
35	99	-1	81	-25	-12	-65	42	46	87	1	-46	-85	45	70	12	-18	15	-100	34	27	-48	73	-5	54	51	-17	-23	0	-66	18	-87	27	-10	36	-6	-39	91	96	-99	-18	98	20	-33	-62	55	67	42	99	-32	86	64	-25	-82	-1	-63	-93	94	58	-44	33	31	59	-54	86	64	59	5	-16	95	8	-53	-90	46	32	-31	-20	-42	51	100	-98	76	77	95	81	77	3	75	19	67	94	58	15	-92	29	-54	76	85	23	12
11	61	43	54	79	40	-52	-88	-84	17	-19	-94	15	-91	-90	49	-29	-42	83	23	-80	-24	100	61	11	-57	-74	-51	-65	-48	10	23	86	-43	-27	-64	-38	-67	29	-86	-38	10	51	70	-38	-78	-57	-45	-6	53	79	63	6	68	-75	40	-17	-73	100	31	28	-27	21	-7	-83	77	36	-76	88	-76	39	-16	-94	-71	41	-77	-97	68	-23	-85	-89	-32	86	18	50	-16	-39	-19	61	1	49	-47	-17	57	6	-37	31	25	26	-6
-64	-2	8	-14	-36	91	-15	-84	-19	-98	-84	-8	77	-54	50	-27	73	81	49	82	92	79	-5	56	-20	-11	-37	-20	-62	86	-36	-27	-79	-43	-23	-9	-30	59	-55	8	-5	9	41	-26	3	77	26	80	-61	62	3	19	-53	77	-36	-64	4	-10	-47	25	-81	23	-73	34	3	-13	40	63	94	-14	-99	-84	70	-7	-50	-21	31	-25	91	15	-33	69	-29	3	-87	36	-43	-43	77	78	-11	-25	22	55	53	45	-84	-43	-82	-19
76	41	62	-15	-31	-12	13	-4	-64	-18	71	-85	68	-93	60	58	42	58	-88	-30	-97	-45	-45	37	3	-2	56	-77	93	-84	-22	-73	-24	75	-49	74	56	-51	-46	-58	61	-41	8	83	48	-80	63	-89	79	5	76	-74	-40	25	76	-1	-53	90	79	-88	7	85	-3	58	62	-41	98	42	-48	-32	-13	30	35	8	37	100	75	-86	-33	-25	-87	76	-88	51	47	-15	-7	-96	57	75	77	-84	-91	99	20	17	65	-56	76	21
-5	-26	-73	-51	-76	57	89	-2	66	-70	-95	74	25	-13	-25	-86	-90	10	-41	82	43	-25	62	-84	25	99	-66	-83	57	4	73	9	47	-95	9	93	51	-29	47	66	-96	-67	-31	54	10	86	-17	93	57	11	57	-15	-75	-81	64	36	-74	-29	57	-94	60	77	-82	44	-56	-10	20	32	-29	-27	-32	-18	-54	70	-77	-61	14	94	55	47	35	-98	14	28	-48	-95	-96	8	-17	100	82	-65	-18	-83	-89	32	78	-93	-73	36
76	-27	-30	88	-86	-54	-54	97	43	75	64	-38	25	-6	-86	-36	72	7	-55	-93	-81	-58	-45	-12	35	-25	-94	40	-61	-48	77	37	-100	-73	-25	-74	-84	38	-22	-64	97	7	75	-54	-26	45	-35	-42	-67	14	-99	-3	3	34	33	-58	-21	-39	-57	-52	64	39	-69	-69	-69	-5	100	-71	-73	-83	6	-11	70	-55	10	-37	-36	-64	-36	6	-72	65	-98	-67	-56	-89	-87	-25	55	23	-30	-32	96	-24	37	-45	-46	-40	-48	80
35	-83	-63	-76	-33	-19	-79	-67	78	7	31	13	36	100	55	-79	85	28	-46	80	92	-95	64	-98	19	-55	4	-71	61	-76	37	45	-39	-71	1	-75	-99	92	82	-60	-66	67	7	-32	41	2	18	-65	-21	-49	-34	72	86	1	-39	97	-57	94	26	39	67	-17	-18	76	26	7	-48	-19	75	-69	6	-22	13	-19	98	19	58	99	-30	42	49	-84	-53	-17	-78	-24	27	-47	-32	28	-10	61	66	76	-10	-6	27	36	27	-32
-84	65	92	26	79	91	67	-83	83	-60	-75	74	-90	34	-72	-25	-77	-7	62	7	-21	-41	35	-31	-66	-96	-97	85	12	-29	21	-64	-94	18	75	12	40	70	-37	-47	-36	-100	27	-53	17	43	86	-21	-48	13	36	25	-85	-15	-86	-91	73	5	2	-74	-35	-3	-18	-3	34	74	-68	1	-40	-93	61	-2	-84	-82	-42	39	13	94	41	-83	-22	15	2	-43	97	77	11	85	-10	12	-70	99	76	-29	-54	-5	68	16	37	-70
84	-83	88	89	-95	78	58	86	-76	-57	-66	-72	-46	63	-63	-79	18	-72	-15	-37	-77	-52	83	84	-52	-9	-87	-43	88	-35	-81	-99	-8	-75	63	0	2	66	99	-100	19	78	-14	-50	82	-37	90	-40	86	-30	-53	58	78	-9	-14	45	-98	-99	33	-31	-25	14	-69	24	27	-73	-40	24	56	82	19	14	-42	-41	-64	75	92	10	41	33	47	-3	53	-15	-61	5	88	94	-33	88	30	49	-84	-82	26	-75	-11	-64	34	59
-70	-9	34	23	36	78	-8	-6	82	-54	80	42	-31	-23	-47	-97	-32	86	9	-86	74	62	75	12	65	27	-10	-90	91	47	47	93	36	89	-41	-11	5	-43	-80	39	98	-40	66	-23	24	60	15	49	-91	20	-24	34	35	51	66	-94	-45	-66	-84	-66	31	-65	-64	-49	-48	56	-64	-6	-52	-82	90	99	31	-34	-27	-88	-86	-32	51	-18	-72	-88	74	24	-84	90	-70	-5	23	20	97	32	51	-86	63	74	27	54	-84	-64
89	4	92	11	-94	-39	28	-34	-69	93	6	9	-92	48	9	-59	65	-73	-9	76	1	-28	87	-69	6	-58	-38	-55	-46	-32	-45	-32	55	95	16	76	-19	10	60	-84	-62	31	-18	47	-93	-50	-73	0	50	7	40	30	-9	59	55	-66	-74	-54	-3	-99	-43	95	13	-14	9	22	-42	-88	-89	-7	-3	-84	-13	-25	58	54	62	-60	-63	35	-48	-33	82	-84	91	6	-7	78	1	36	31	-5	-22	-70	-10	-33	22	49	-39	34
86	83	39	-17	-87	61	-83	-66	-99	60	78	52	4	-40	-84	-80	67	-33	92	-5	-25	-52	-94	-66	64	-4	34	-55	-27	91	74	0	-54	38	14	86	-33	96	-3	7	-72	-33	81	39	-90	-49	68	86	54	-30	43	-3	-42	77	87	-93	-96	-79	-43	-10	89	79	-15	-78	19	-9	-91	90	-37	1	71	-58	-27	-74	-88	-6	36	-2	74	-69	26	85	-59	-4	82	39	65	17	-53	-34	35	76	-43	67	-81	-33	-79	90	62	42
-48	-17	-60	-15	-39	-83	78	-78	53	63	100	-5	-96	-89	55	-9	32	27	65	49	-57	6	20	98	-7	4	54	28	-17	-38	-31	-53	1	67	-94	-37	23	-2	9	-35	-50	-12	67	97	-72	91	94	-80	98	99	-72	3	-68	-53	-74	-39	-35	29	-86	56	32	1	74	-62	88	0	-26	54	4	-16	-98	2	37	-63	-48	-15	40	-8	94	-10	-61	-87	-6	14	46	-85	-57	24	-28	-92	22	22	69	17	56	-71	9	94	58	-42
-20	79	-27	-61	-76	-42	-3	-27	66	-1	-75	66	84	85	73	-30	41	41	26	-7	-83	-11	9	37	-53	-45	24	55	23	77	-7	-73	-82	97	-72	-91	25	-40	62	55	-1	3	-97	-29	-9	31	-85	7	76	57	84	-53	92	88	30	32	-65	-69	98	19	-81	-85	30	-25	49	-32	35	42	62	-56	-35	57	-78	-4	-1	13	-39	-56	-96	44	17	91	37	-33	29	-51	-1	-49	65	33	27	-13	-82	-28	-44	46	92	-72	13	8
2	88	-48	-89	85	-60	28	-10	-30	58	64	82	44	52	-13	26	55	67	29	-91	-9	-89	-57	-36	-85	78	-63	70	50	-4	-25	-59	70	2	-88	43	75	-58	-45	97	26	-3	66	62	-14	-32	-69	43	-3	82	98	-63	13	-34	99	-53	87	79	-22	91	-6	47	-59	18	15	95	-52	-55	29	63	-75	-51	-79	39	-2	88	22	-27	-31	-82	-70	-97	-1	50	-47	7	23	-76	-18	25	-14	44	-64	-89	-36	-27	72	-44	-69	28
38	35	-76	-100	95	-64	-70	-30	87	-79	14	19	22	51	9	97	-22	23	59	-45	-68	-99	14	-35	59	-8	-52	8	-95	-47	-81	-57	-24	62	49	74	35	30	-97	-1	31	57	76	56	-37	11	-40	35	100	-68	-81	-59	71	66	-55	37	-31	-57	-39	-9	-32	-70	75	21	12	-60	92	-23	5	23	-32	-93	-25	83	-92	41	-81	76	60	-83	62	54	-11	54	33	33	50	-73	-13	29	-64	59	26	65	-40	24	-26	-9	-36	86
54	-91	-99	-50	-93	33	-16	67	-88	48	-97	62	76	78	-23	-52	97	52	-37	98	83	57	-15	91	37	-72	-83	5	64	-74	84	87	47	-48	73	99	76	-35	38	21	3	22	-48	48	-68	71	-21	84	34	33	-96	92	-97	59	99	-18	-99	-57	8	100	16	88	35	-3	58	-77	-82	-4	27	-41	1	72	-46	-57	76	14	-7	-11	-9	54	86	92	-40	81	-84	-42	65	-73	85	19	76	-81	54	95	28	-75	41	36	92	-37
15	39	-6	42	81	-72	22	-86	30	-58	25	63	-24	-17	-13	42	99	70	-91	21	35	-27	24	-31	-22	72	61	90	36	-25	74	-87	43	-26	39	80	38	-8	41	82	-22	-41	-24	100	-42	11	86	-17	84	-56	84	-11	-40	84	21	-60	-54	-64	-66	-44	-80	78	72	62	84	93	12	-28	-97	-62	69	95	-17	78	-31	-95	-86	-97	13	47	-7	22	23	43	13	59	-19	71	70	100	2	95	-44	8	-66	50	-36	-49	-71	60
50	-56	-10	-9	-36	64	-29	75	79	55	12	50	9	47	29	15	-80	40	-75	-32	-35	1	76	28	-19	-38	-38	36	-64	44	-63	92	-81	85	-44	-27	-40	26	96	-54	-76	31	55	-94	37	-95	-99	81	43	57	13	-56	-41	-7	-3	-56	-19	56	-80	88	-21	-89	8	-37	29	-62	-7	-85	84	83	62	-36	-51	-32	26	-39	67	71	-100	-62	-66	-96	43	-94	96	67	-87	-6	100	-80	8	1	-32	-63	49	74	-13	22	31	-72
-71	71	83	85	-27	-53	-77	-80	-55	22	0	89	-72	20	54	-35	-7	-23	-24	36	75	87	-42	20	-55	99	-31	21	-64	22	0	-71	89	-59	-12	-1	-50	-67	40	78	34	94	63	-8	-18	-84	86	36	-87	40	-21	-13	-1	59	-75	24	55	6	94	-61	-53	-54	87	-21	99	-32	67	-38	82	-48	34	-53	-42	-72	19	-81	-63	27	58	31	76	-52	99	-1	42	95	-83	82	29	96	74	30	-64	21	47	-68	77	-29	80	-27
56	47	-70	-36	-1	26	-79	85	63	-74	-6	-92	62	-87	-64	0	-75	14	-63	-52	58	-87	49	-24	66	-72	18	67	99	-56	5	-16	89	59	-56	-22	-62	55	42	9	8	75	13	53	-89	21	12	65	-25	-27	38	-7	87	-60	-54	-18	31	59	20	-5	-95	7	-98	-88	-87	-91	36	54	82	70	-87	-29	-33	12	-68	-38	-81	22	-13	42	91	21	4	22	56	79	73	-52	-51	43	70	74	3	97	-76	-16	31	-56	68	-8
-20	0	44	-15	-10	-4	-42	96	-38	-44	24	14	42	40	-51	-64	-1	10	26	86	62	-32	-49	43	-10	-28	43	4	59	-72	80	93	78	39	14	-40	-44	-27	78	93	-65	27	-14	-47	95	26	-75	36	-3	-10	-27	57	30	45	-33	-7	54	-15	16	-13	38	-78	-57	31	-26	-20	74	-71	-59	-39	-34	-11	35	38	-45	91	77	1	-9	-19	-10	-35	-75	36	33	6	65	-91	-47	-29	53	51	83	-44	60	-62	5	-6	77	69
72	-84	-33	24	-42	42	73	94	13	49	-74	100	48	90	47	66	-64	90	78	2	37	4	1	-17	24	99	49	-32	89	-78	-23	82	16	-24	5	-72	94	76	-19	72	-10	71	80	-68	85	-66	2	91	-75	5	84	-60	-67	-92	-64	-74	-81	1	-95	-63	-48	-46	-44	-63	-1	55	82	-73	1	-47	-34	-16	-74	-83	67	44	-65	-30	51	43	18	89	-58	-16	76	-3	-28	47	-72	-19	22	53	27	14	-89	35	53	-54	-70	62
-18	-32	-53	78	-97	49	99	-66	24	38	-68	18	-42	48	13	25	26	28	84	57	43	95	-99	57	-28	-64	48	53	100	75	38	78	5	4	97	-39	7	33	5	97	69	-21	-75	-83	38	-26	26	93	75	98	-33	50	51	30	-54	35	-72	-20	-96	-50	-87	-100	-33	84	14	48	-3	-67	49	-55	-76	90	56	88	25	-71	50	-14	-1	28	71	11	-77	-26	27	17	71	18	91	68	88	-70	-70	26	89	82	-63	67	-14	-29
-90	11	68	-20	69	-60	-34	-59	-40	55	6	-61	0	-99	52	-43	100	66	48	19	50	43	-9	97	-82	70	28	-15	46	-36	-78	13	-7	-7	14	90	-99	-40	-11	-70	-51	-35	-25	47	48	27	59	-45	32	-67	40	99	-31	-86	29	-54	-24	80	100	-86	-6	82	-37	-4	86	44	38	-75	18	40	62	-37	0	45	-67	-62	46	75	77	-31	2	13	73	96	79	-60	-15	45	43	-29	78	43	-16	24	-100	52	-24	-87	76	-59
-15	0	-95	-8	-46	7	43	-40	-30	35	70	-1	-35	32	65	8	-36	-99	3	82	-64	-68	80	-98	-82	95	-4	-30	50	62	23	-47	-22	-64	15	11	-70	89	-9	-86	89	34	73	10	-4	89	-41	3	-95	61	58	-10	-52	64	-79	-9	-99	-83	35	75	39	-98	-47	82	80	0	26	-32	96	-23	-31	-23	-98	53	-33	47	80	-34	71	26	-78	15	72	-91	-39	9	53	-6	-20	60	45	-87	-82	24	-45	53	-35	10	17	96
33	75	-46	-72	-48	30	-54	-88	-25	-37	-31	7	74	-30	-48	50	77	52	-78	53	-8	-23	74	-44	4	-52	-53	19	9	100	80	-59	96	46	92	46	72	58	3	43	74	-82	-48	56	8	76	-14	-56	-6	-32	-60	17	79	-95	47	-31	76	-16	-23	-85	6	-12	77	-10	96	80	-15	42	42	91	-60	17	44	75	-7	-39	-10	-4	21	10	81	-63	55	36	-70	5	33	79	88	93	84	43	-43	6	-11	-14	-1	54	-14	-29
-77	58	18	64	27	93	12	-90	71	37	-27	-89	-24	-67	-17	79	97	-25	-85	-43	97	-8	-10	-45	-6	-24	-30	55	-17	80	37	36	59	-16	-17	99	52	57	23	61	-48	-22	-47	-49	-82	11	74	26	-70	91	12	55	97	37	70	-32	-90	22	65	71	25	-37	22	-86	90	-9	-25	-46	91	11	-82	-67	-42	-47	-63	72	-12	-65	98	83	-93	50	29	88	44	43	-74	69	-64	47	-24	-4	-55	-8	-14	-63	16	-9	27	80
51	28	-12	-30	-85	44	-43	-55	-64	-90	-44	3	-74	-53	-16	-93	-88	54	-37	42	20	-48	-27	-90	-53	-43	61	-8	-92	-20	-28	-82	-72	78	-23	11	98	-46	29	62	-62	-57	89	-74	-93	81	3	-21	-94	-4	-81	52	39	44	-75	-61	99	-21	11	94	36	37	-21	-83	95	90	-91	97	92	-69	36	37	64	-90	7	9	-46	62	-32	75	-50	84	52	-55	58	91	-42	46	93	-40	60	21	-55	40	-77	65	31	-8	-34	-30
-12	-21	-45	-15	96	-51	40	-10	83	37	-60	-30	-96	90	-99	-14	35	36	31	49	-22	35	-32	53	-67	-60	84	-43	61	100	-12	40	89	-22	81	-39	72	1	3	28	66	-69	99	-82	11	43	-55	-31	-91	51	72	-88	32	-91	-18	-52	1	60	30	17	-94	-19	0	8	-90	17	82	-28	-13	32	41	-48	-41	-62	22	-96	28	-96	-38	-48	46	49	97	20	-96	67	-15	-90	-17	-30	45	-66	84	-3	81	-74	84	16	5	86
7	-97	4	-58	-76	-16	-65	-38	-39	62	-58	42	31	18	-3	93	67	-96	45	93	85	86	54	4	43	-17	86	97	-25	-25	-85	74	-59	-77	-47	-22	-67	-87	-67	19	-46	32	-16	-97	-77	48	-56	-90	-38	-95	-98	14	-7	76	24	-25	-63	79	-22	93	-98	-41	-38	86	-69	74	93	67	96	16	100	-95	-53	57	94	12	55	96	-55	57	87	-59	-46	34	-96	16	-19	17	-37	-97	-32	-94	-90	97	-74	99	-90	48	-99	28
93	92	42	-80	71	6	-1	29	-19	30	-36	69	84	94	-9	81	-98	-50	-79	-38	2	-2	-44	31	22	-31	-14	17	39	-95	-36	-85	85	61	53	86	52	-72	96	-71	57	-4	-96	90	80	-12	-66	5	70	-89	81	21	-72	-21	-1	-61	-21	-66	-44	53	49	79	-89	-16	74	67	-62	-7	1	-75	62	-51	41	74	-36	88	74	-77	27	-91	-60	46	-74	-43	42	-59	64	10	-16	-2	20	-35	19	3	-79	-3	38	-37	-66	-26
31	-62	54	-1	65	-54	16	-48	15	44	60	82	29	3	79	20	8	-58	77	-67	-32	55	5	49	38	36	-89	-67	-28	-79	40	19	-59	-99	43	-38	32	60	-36	63	-48	11	49	-22	48	56	96	-38	-50	56	30	31	72	-72	84	23	-19	83	94	-92	20	-77	80	-41	14	77	-38	32	96	-37	-3	68	88	-31	-77	-35	65	89	42	-8	-65	46	20	-27	96	-10	14	-76	-89	-73	76	1	13	-26	-52	25	-84	-99	0	-66
-86	84	59	3	-38	-33	84	-35	50	26	74	44	100	-89	85	-22	-43	94	88	13	79	21	96	-32	-83	-48	-78	-85	-88	-95	-38	-46	-91	-24	71	7	-44	59	-81	13	54	56	-93	97	23	-58	34	34	85	-45	-72	91	-87	7	-30	29	-14	-68	-53	-98	81	98	-87	-6	48	-62	-76	90	12	27	41	87	-49	-80	20	54	68	34	21	43	95	27	49	64	47	-31	-3	-53	17	70	-90	91	-71	-45	-89	0	-33	-56	57	-43
24	93	-35	31	57	-26	46	44	-48	-35	-71	-48	28	99	-83	22	54	38	67	81	-15	-71	-16	2	-45	2	78	-73	-74	58	-23	-80	-60	80	97	31	86	41	-22	46	57	93	40	-100	-2	-80	-43	29	-19	21	-73	-60	-62	34	-36	85	29	11	83	96	66	-60	-45	-46	-78	78	-62	60	34	-25	-62	-22	-79	72	66	-15	63	-55	36	-86	-85	8	-27	-38	77	-46	31	-4	-58	68	92	-69	64	-41	-95	-61	-76	20	-58	-70
99	95	28	49	-56	12	50	-25	-30	-54	32	-50	-19	12	58	87	73	-54	89	18	62	97	19	-57	4	-98	72	50	47	-95	-32	-80	-22	-33	-50	-33	60	-73	74	56	-88	-44	40	26	80	-74	-32	84	8	15	10	-56	23	-78	-53	92	-57	6	59	-58	-56	15	-43	-15	70	-46	4	-74	-91	-3	-24	-48	19	1	39	-25	3	-88	60	20	-78	99	9	93	-29	-81	-2	-75	85	26	-66	-69	-79	-20	-39	-30	-49	-33	-30	-51
60	-38	-28	-58	87	-22	4	-56	-30	-23	-10	-53	-55	-79	14	98	81	70	-72	-6	23	8	85	50	-94	-32	53	-29	-41	35	-1	-45	42	60	40	-10	8	-95	-78	-48	48	-96	72	11	87	94	-10	-94	-97	-93	62	74	-18	-46	32	-51	40	51	-42	10	100	94	-84	15	-83	-95	80	-94	27	-100	80	-75	42	-15	-36	86	-61	-19	-27	19	-22	70	-39	16	78	-47	-70	19	94	-54	-66	68	55	-51	61	-68	32	51	-50	-94
28	-38	-98	79	-71	-15	75	58	-36	37	69	97	-88	86	25	-30	31	-80	-78	-99	5	-54	-73	-93	-54	-49	-39	2	28	31	-56	83	-52	78	21	82	-71	5	53	-27	40	100	16	79	-56	62	-71	97	-75	-94	28	-80	-88	-82	40	45	34	78	-9	81	-71	-67	-11	93	-67	-86	-83	58	-81	-29	17	53	46	76	-92	-25	-18	1	-25	-64	26	-77	-82	-67	-43	76	29	56	88	11	74	99	-43	65	-82	-57	61	-63	-1	-2
-90	-5	25	-20	-18	61	52	-4	32	26	-83	-27	33	80	-23	61	35	94	10	14	-94	-72	51	-48	-61	-54	-51	90	48	8	-97	-54	-45	-48	-79	-40	65	93	-87	88	26	43	-50	40	66	-99	-22	44	64	-82	-82	-63	15	69	53	-56	100	41	8	-55	-57	-42	60	-40	14	17	-20	-45	-60	-86	7	27	-30	-94	99	98	6	74	-38	-32	23	-13	-52	-59	-21	26	-26	-98	83	84	24	28	30	-80	-47	62	-16	45	-42	-62
84	14	-63	-52	96	-8	39	57	51	36	-47	-54	-89	-11	-54	-60	15	35	22	-12	-24	-41	59	-12	5	40	-61	49	-8	-94	-69	99	45	62	88	37	16	20	16	-67	-83	21	-93	-76	4	41	92	12	72	46	-78	88	59	-90	11	-20	-39	-16	-77	-52	-23	-23	-69	83	0	71	95	21	-59	-3	82	-69	38	41	-70	-2	-34	-19	95	42	31	60	-24	-95	6	-49	-77	-71	-43	6	34	2	-39	-1	-100	-40	97	45	86	67
23	26	-65	32	20	29	16	-33	-43	90	-31	-43	97	97	27	-38	14	46	-34	-6	38	91	-33	95	92	-80	2	43	-63	77	-80	70	23	49	-9	-75	-51	67	13	-37	-90	58	-36	95	97	-97	17	7	38	69	25	-26	-28	-69	-13	42	-20	-90	-65	45	-58	9	80	-23	73	17	-6	15	49	47	-73	-53	11	-19	-59	16	-8	-96	-80	-37	-86	-26	50	21	-75	16	21	-91	-88	85	-30	79	-33	-61	-47	-53	1	-95	78	16
-90	-32	-59	80	-41	80	-48	36	23	-85	1	88	-56	82	100	-74	-98	-73	42	-5	71	91	-42	36	62	13	17	80	-92	82	100	6	75	16	-56	-32	-19	-97	22	-13	-80	-52	70	-59	80	81	31	-98	-98	61	42	27	65	-99	-40	70	74	-92	68	-52	94	-77	85	42	-77	-27	-34	28	98	-71	-67	-58	96	-52	-70	54	72	85	9	90	83	33	54	-50	-70	-38	64	-77	-90	51	-78	33	-16	85	-98	52	-43	79	-24	-18
64	16	-4	43	-57	-25	8	-55	20	36	-50	-20	1	-72	-70	-69	67	-57	67	97	15	2	91	58	-32	8	43	1	90	-80	23	-22	50	90	0	16	-90	67	-87	-52	-37	88	20	-66	30	80	-55	58	-47	-29	25	28	48	-39	-40	-59	99	-78	39	-9	24	-15	68	-60	1	33	10	71	-3	-43	7	-72	-1	-43	21	21	35	-70	-77	-84	87	98	38	84	11	36	8	30	16	51	-7	95	61	-100	-30	60	-77	14	50	84
2	84	85	18	-84	-100	-53	91	15	-3	30	-63	-38	65	-13	-82	-15	33	-6	-80	64	36	-76	59	-10	-90	32	87	65	59	13	-15	37	-59	-76	-29	38	32	-48	98	61	-29	-41	12	-7	-19	74	88	-10	-49	41	87	-85	37	90	76	-58	-84	-95	-58	-100	-77	-34	-82	-23	93	-95	68	67	87	-22	29	23	-24	-86	69	75	-24	-65	76	-74	97	-26	-15	13	-22	22	-9	64	-39	82	80	-22	-83	85	23	44	55	-40	5
80	-52	-62	-94	-9	-8	-11	21	-98	-35	-50	87	-84	-33	16	100	-10	30	40	23	-43	11	-73	-55	-58	-79	63	19	-48	70	71	20	26	82	72	-96	-82	-32	78	-47	47	-85	99	85	-66	-85	4	-16	75	28	26	-85	46	-31	87	-34	90	64	94	-62	53	-8	-47	96	95	-91	-44	44	31	-98	-45	-26	-63	-13	11	24	-1	-23	-59	9	0	73	-34	-53	-63	-53	-12	-16	-44	-29	-40	-22	2	71	34	30	8	61	53	-71
-62	-37	-12	41	20	30	-50	-19	35	99	-60	-76	6	5	13	-30	-30	28	-28	58	92	-99	76	-49	-5	90	98	43	-33	-52	-81	33	81	-34	-14	11	-83	58	-85	-12	-40	-36	100	82	-79	-74	35	3	-45	-13	-2	-22	-11	72	73	-27	66	20	-95	-7	37	-67	35	-50	-94	-21	-89	-2	-63	-68	-68	19	51	95	25	-38	-77	-11	-32	69	-13	-57	37	-60	87	42	-66	-54	5	53	-94	59	-38	-6	-43	60	94	-92	-59	-89
39	83	74	-99	-19	-15	90	-52	70	-97	-16	66	-61	-81	-65	-81	64	21	-46	-46	-75	24	-67	85	72	74	-55	-85	-61	-33	-67	-20	-47	2	-66	17	-11	85	72	12	-10	-11	79	24	9	-40	40	94	72	64	-88	98	-19	-7	55	-84	57	86	-39	41	16	20	77	20	-90	90	-31	17	19	2	-24	-7	-47	-1	-66	-45	-33	-45	1	-26	-50	-2	-5	57	-32	68	73	-27	-14	70	60	93	49	31	100	-30	20	-64	-95	91
-87	40	20	94	-88	-84	-52	-60	42	-63	-58	-53	63	-75	28	69	90	-40	22	46	96	88	84	66	-74	-93	-95	-18	-88	69	77	-48	-68	4	-38	98	-47	82	63	77	-99	-63	32	80	-65	79	-19	78	87	-68	-67	29	-70	-37	-42	-54	94	37	-58	35	34	-54	-39	5	-17	-80	36	-99	80	-6	-77	99	-26	10	43	-34	14	70	-80	71	-99	-47	-12	-29	-62	-83	80	-88	28	24	61	80	95	-50	73	-79	89	-70	-33	49
21	-41	-47	-18	16	18	-100	-55	-99	74	27	86	27	77	98	88	-43	-53	-49	-19	82	-13	99	56	72	-50	42	-39	64	91	-37	-41	48	90	84	76	43	5	88	1	91	-43	75	59	34	-49	-8	65	2	22	-6	10	33	84	-96	12	-17	96	0	18	-33	-47	-94	-45	32	-95	8	36	70	-53	-49	-33	-39	9	54	56	71	21	-51	42	57	10	-21	-76	-59	-15	55	-93	36	90	38	71	-35	11	64	-44	89	4	-92	16
29	70	64	-73	28	22	-47	-15	44	-26	-76	98	14	-11	67	100	-94	-47	-79	-47	74	75	-16	40	84	85	-67	-59	37	-18	-97	-48	-10	79	-88	-100	31	-63	37	89	4	-81	49	27	6	-81	-19	57	-34	4	-42	-92	-10	50	72	-63	-75	39	-46	-94	6	34	15	-21	-63	-73	24	-13	43	-61	93	21	39	6	86	-100	39	70	78	22	100	91	6	-87	77	3	-81	-70	-86	-17	99	90	-34	-92	20	-79	-85	62	-43	-5
93	-29	-92	-42	2	-63	52	-25	-2	-59	9	-9	-86	24	-100	1	-46	-52	-3	82	-52	90	-20	21	-3	26	37	20	59	-80	81	95	9	96	-23	-7	65	76	-49	-63	-61	28	48	-92	8	22	95	28	-41	-83	65	27	-61	4	23	48	-66	-21	-64	76	-52	75	42	-53	39	-49	-43	-78	9	51	8	0	-47	85	-47	13	18	-57	49	3	-60	31	41	15	84	-90	7	60	57	54	-42	-72	65	0	-98	75	-36	-66	-29	-95
-21	-63	97	100	76	31	-32	92	-56	82	-92	-57	6	-14	6	72	-64	-85	21	-79	-55	7	-44	-23	72	99	-60	-66	47	90	-91	-37	30	-83	36	-48	88	-60	-84	57	-11	-10	-75	-62	57	-51	-80	-12	48	0	10	87	73	50	-77	32	2	35	-34	-9	81	41	-1	63	48	-69	-70	-27	-45	-10	20	-88	25	-62	17	74	-78	-29	-48	-93	-73	-55	-80	-99	33	-76	53	81	85	91	10	0	-54	-14	57	19	93	96	26	-65
53	98	-74	-88	99	51	63	24	-66	15	-53	29	-89	-37	-47	-61	-98	-41	-45	65	-49	40	60	47	-53	88	70	67	53	-28	-86	76	85	-27	-5	-33	54	83	-65	47	8	-84	13	-61	-17	-44	-51	20	60	17	-92	-8	-23	-22	94	-100	95	53	-2	-18	-90	-63	-30	14	-20	38	68	-56	17	-80	-79	-63	-31	88	45	-58	-28	-47	-54	47	69	-6	14	-61	48	56	-58	-96	-64	7	50	-43	17	43	-32	-61	74	30	-27	51
6	-31	-12	-90	2	-85	96	90	79	18	-61	-39	-18	-61	-7	-72	48	-96	-81	-23	-5	-85	-20	-92	45	-20	-100	56	-85	66	25	-88	-78	-19	55	13	11	-80	89	-83	14	56	74	28	32	56	-19	2	0	-82	-89	35	41	45	-77	31	-82	50	-71	11	-35	50	21	46	1	-40	49	67	-100	1	-9	-68	-1	10	88	49	-61	60	69	-84	-39	88	69	39	98	-65	-97	-32	94	-1	-10	-65	73	95	-74	4	59	81	-87	50
97	-18	-10	51	-15	25	81	-38	-23	-83	-30	-43	-43	-65	-18	-83	-37	93	-86	87	78	-19	20	91	12	-68	-31	-53	-88	-7	-48	-58	-38	-50	-30	49	73	-42	-84	-87	-76	20	13	-23	88	59	60	-45	24	-80	-32	-14	70	-93	-81	-70	35	-82	-80	-47	97	67	68	24	-80	-47	4	-100	-96	-31	-68	-86	58	68	99	-89	-90	71	-40	-6	98	-70	-95	91	-13	-72	-48	-27	-35	90	-19	45	-93	88	-74	-9	89	-44	39	21
72	-16	29	-45	-26	-47	5	24	77	-100	-83	49	-87	35	45	-38	7	42	80	-15	-28	38	46	-92	-48	42	-26	45	24	-35	-77	-68	-30	26	-85	72	22	-65	35	-83	-66	-34	-20	34	-51	-44	-55	-30	86	-39	-53	-75	-3	-67	-82	-52	57	-67	34	63	-16	77	75	48	-8	-30	93	-78	-64	-95	-77	55	77	91	-99	-42	46	53	-39	-7	37	-28	-9	-49	63	2	96	34	87	3	-71	-80	-40	98	68	-58	55	-65	-89	16
88	-29	-34	52	-3	56	-37	12	-40	-99	-51	-37	54	-76	31	90	-70	-51	32	-29	55	50	-96	80	79	63	100	47	-34	80	13	-47	50	36	35	9	65	83	-74	19	-6	63	54	33	-90	-83	-62	67	2	-88	-9	-62	-85	-6	-22	-37	-12	67	-37	-12	-24	29	-50	-40	-70	92	-99	-32	-66	-84	-60	10	-80	-63	51	18	27	-96	-85	92	-58	-55	87	-62	79	-25	-49	-37	-13	94	8	-92	-22	60	4	97	-98	93	-4	70
30	41	28	45	78	89	-84	21	-31	-19	-43	62	-21	-40	21	-3	30	44	95	-95	71	-65	-100	-46	-56	5	-53	-68	56	-90	31	8	46	12	-24	-11	-52	19	65	-3	57	45	92	4	-63	-1	-15	-81	-43	-21	75	13	89	-51	-1	0	-56	-16	4	-6	79	23	-78	38	-79	1	-44	87	-64	-62	12	87	-28	17	-84	-52	-73	51	-68	59	68	-36	-64	16	20	-93	90	87	-52	64	-80	46	94	-2	-39	97	-78	92	-26	32
-5	-81	84	-65	-68	-97	-59	81	42	50	-26	-61	79	8	76	-6	-94	14	-45	-6	16	49	52	41	-12	-46	75	89	-93	-57	-31	19	-46	12	34	-41	-87	56	67	-43	-53	-100	21	-11	-7	98	-90	-20	67	73	45	-48	-67	-38	-24	-67	9	-76	67	-13	58	-82	-89	-87	-74	-74	-83	34	-79	8	-91	21	81	13	38	20	23	35	-76	-15	-31	54	80	35	-20	91	73	80	-65	-10	-82	10	53	-28	25	39	89	-64	62	2
27	19	-45	-70	40	43	-31	31	-69	66	-63	63	87	5	-59	44	39	38	-41	87	57	97	-97	-65	40	-52	85	16	55	89	-85	32	34	97	-72	14	91	-46	55	-91	86	76	-65	-9	45	-81	36	-40	-66	-72	-78	29	68	35	83	62	-19	90	53	-7	85	-24	72	81	24	63	23	-96	-21	-97	-43	-28	100	-39	16	-83	-42	60	28	-10	-93	11	18	47	87	17	6	-80	-60	54	19	2	34	63	95	-11	-58	18	74	94
19	-12	58	-47	21	-24	65	-7	20	-26	-21	-90	-14	96	-19	-23	62	-55	-88	-95	-73	26	25	-41	21	-40	2	5	11	-8	78	31	-91	-17	-54	-88	64	-72	88	-12	-86	96	-75	-73	-86	34	-51	-61	-18	-35	85	72	36	-44	-84	-11	64	5	84	37	100	57	-41	-72	28	57	52	-56	-36	37	94	20	-9	96	13	86	-18	61	-2	64	65	76	-70	49	23	-12	99	84	47	49	39	-88	6	-97	-38	77	76	-39	53	-98
68	57	56	96	58	-38	9	74	49	21	-72	-70	44	85	93	79	-54	92	-66	69	-8	25	-95	-57	82	53	-90	29	-24	-46	-40	-9	-54	-2	-85	89	52	100	67	-21	-27	13	9	-37	-68	-39	48	97	-34	9	-26	-31	80	81	-28	47	70	-29	5	-51	-49	64	40	-80	26	71	62	95	-55	39	-60	21	-45	-83	-15	98	-41	9	94	-20	91	-79	93	-6	-29	-10	-36	76	-48	-4	15	10	3	84	50	-60	72	17	-51	-36
-11	67	-71	-32	-83	-85	49	-26	1	-81	-79	-93	49	-77	-95	30	-2	-51	19	91	79	98	-51	97	33	-25	-62	100	-86	57	-36	-57	78	-36	-1	-36	-80	-94	-33	-78	64	-35	22	-99	100	32	20	70	-85	91	-17	19	12	-32	75	-46	87	-37	13	25	86	-19	-94	-62	-84	-92	79	-82	-39	33	-27	-62	63	-36	87	56	-7	89	-94	39	99	-27	-76	58	1	20	96	5	-54	53	-94	87	-28	-2	99	-31	-60	10	-21	82
31	-19	-4	-94	-69	10	-29	-43	-31	86	-79	-80	-41	-66	76	67	-70	-43	76	36	98	51	-19	-13	-79	-64	-23	-63	6	-21	60	9	23	-52	-77	20	-67	-55	-56	50	-92	-66	43	62	8	44	63	-66	94	95	80	-64	-77	-65	38	26	-46	97	87	75	-82	-60	-57	-41	-5	97	26	41	-5	24	-26	-44	30	-63	-26	-60	65	-15	-71	99	-7	30	-50	28	63	-3	-87	52	-94	31	82	-56	-64	-49	49	-38	-31	36	28	-79
78	25	-70	66	95	-19	-41	-75	-76	-58	72	56	27	-32	20	-91	-9	11	92	12	-52	86	66	95	82	80	50	-88	15	72	-6	30	-72	76	-49	37	7	-79	-1	75	-10	39	67	61	-74	-15	97	-71	-45	-46	-25	27	82	-93	-88	-14	-90	87	72	-49	-99	-81	-90	-47	-49	65	19	-5	-15	6	-65	54	62	11	48	5	-20	-15	-28	36	-59	44	57	-57	-5	28	12	-56	18	-82	29	-22	62	-44	-79	-87	-39	54	-28	-70
-47	-1	36	100	-87	75	-68	-22	52	54	-65	-75	-5	-11	92	70	-39	-51	-70	-23	10	87	80	-94	-90	32	-36	-35	28	44	81	-22	86	-13	68	68	25	-63	-50	-41	85	73	-37	41	77	93	-23	-62	54	11	-25	91	33	31	53	-64	50	-92	-71	84	86	-30	-7	-93	-39	28	-52	-32	9	27	13	2	83	-62	52	73	14	-48	50	40	66	-60	51	52	89	29	16	-100	-39	-41	69	-16	-10	-27	97	-1	-37	-64	34	96
-66	-14	40	66	-89	96	11	52	52	-5	24	-44	12	-63	62	-93	-4	33	-8	-20	29	10	-41	-46	13	-67	-75	-31	29	77	-8	-96	-16	-62	-78	-14	8	-36	-88	-82	15	-7	49	14	-76	-24	59	70	-53	12	-85	-85	-46	-13	-61	1	6	-1	99	-67	-46	3	-11	-99	60	71	-79	86	-85	-13	-82	41	-56	-98	96	-4	5	-68	43	-57	33	10	9	-81	45	-74	-87	74	-87	92	-21	-24	-38	87	-46	2	-96	24	10	51
91	26	-34	-68	-31	86	-46	88	-82	63	14	-39	-96	-84	9	62	-42	-74	-83	-95	-17	-85	8	-89	74	-52	-59	-9	-76	73	-71	-27	-63	-94	61	58	4	83	-17	-32	43	-32	27	12	-16	-55	55	-14	4	-77	60	51	5	57	37	33	-70	-87	19	67	5	18	-51	-11	-18	-59	43	76	63	66	23	-63	81	-2	-80	-27	68	-5	46	-70	-18	-33	-29	-17	-93	-71	17	-82	-92	32	-56	-7	42	-10	85	16	-38	7	50	-55
-36	-41	-70	1	-11	59	-63	-50	9	-30	48	-6	-16	-83	-89	-24	23	-31	-54	1	67	77	41	-40	44	-87	-58	-67	-96	-37	-71	84	-37	-38	30	-11	-11	41	-65	-10	-22	53	22	53	-49	-87	98	76	-98	-93	58	20	85	-93	-38	14	48	57	31	-63	22	-40	-71	3	-44	-7	7	-22	30	91	21	-7	-69	-13	24	52	67	88	-6	59	74	-38	-84	-40	0	22	-25	84	17	66	49	62	-9	85	86	85	15	9	-76	67
-77	45	95	15	22	69	81	-78	54	-29	75	-79	15	60	76	-44	33	-83	90	65	49	-83	-7	62	78	11	28	-85	57	19	-19	83	-63	0	72	-53	-89	48	5	-97	21	-14	-71	-6	60	2	75	87	-8	89	69	50	85	19	-29	-26	-16	-21	-71	-72	-29	-16	12	97	83	-20	48	-10	87	40	-28	45	-76	-83	-27	-47	38	-10	-14	89	-66	-91	62	49	-63	-18	-19	42	-29	83	94	45	-78	70	-86	-30	-37	-70	91	-82
-45	14	79	-23	43	64	0	-40	-92	98	16	5	3	8	-73	68	22	33	-82	59	-17	-9	-67	-79	-87	24	-85	57	10	79	-54	71	-33	-79	-68	-42	-41	-86	46	-18	35	-34	-83	3	98	57	15	-91	23	99	-85	63	78	29	40	-58	-20	-2	21	2	87	-28	-31	-57	33	-69	18	-98	82	-6	-57	-50	85	94	3	-59	-21	-98	-68	-11	55	65	-43	37	73	7	-17	62	-18	5	22	27	-58	46	-86	-6	76	-51	-7	4
-36	6	-60	-39	8	24	-63	51	15	-81	-49	23	98	90	80	31	-79	81	-81	-8	-67	82	84	-58	-70	100	-69	-57	55	22	-12	5	4	-60	66	6	5	-61	35	85	55	16	-82	82	-81	89	8	-45	57	51	-64	60	10	60	-18	92	18	-2	42	-71	89	-40	-6	76	-38	37	-17	15	93	94	32	-28	-32	5	37	28	62	48	97	-81	-93	-8	35	35	47	-41	-24	-31	-78	-59	-44	-42	-53	33	-65	-88	-69	72	-64	41
-19	29	-22	39	-52	-97	95	-87	41	94	-48	-34	-5	-21	-12	-100	12	18	68	-45	13	-88	-30	42	1	59	61	-5	-31	-9	-47	11	68	-14	89	-25	-3	10	-22	-91	-59	-100	-14	-59	51	-24	49	24	46	15	37	-39	-34	-16	-85	-24	52	91	53	49	-33	44	-58	79	-100	-72	99	98	63	-43	-14	59	-54	-38	59	81	-42	98	-61	-32	95	-21	-24	63	-96	5	89	35	-17	12	94	19	86	86	-67	-18	-4	-38	68	-17
-73	-5	-82	-28	-32	15	65	80	-21	52	45	-95	-38	75	77	42	39	-50	84	62	-13	1	59	6	91	-56	51	-24	1	62	-17	-76	59	-81	94	-30	59	-2	-41	58	97	45	-24	32	-78	-38	-49	66	-50	15	82	26	-9	75	88	-71	34	-17	99	-100	94	75	40	-53	-74	-97	-50	-81	-52	-96	44	94	74	99	-5	-54	83	72	-34	6	61	-76	5	100	-66	66	-69	-77	-9	47	36	52	-10	3	-71	47	80	84	-46	-43
-94	61	68	30	28	-95	18	-38	48	-25	-78	-31	-88	51	-22	98	-80	11	41	-85	46	9	-69	0	75	-98	13	19	4	4	40	25	-59	-3	98	78	95	-90	-92	-20	-50	-12	-52	-39	65	-79	-87	65	-53	97	-73	14	-99	-66	-31	-99	33	-40	-42	38	-8	96	66	57	2	-94	-81	-35	95	100	6	-28	-91	83	-39	67	-10	53	3	-6	87	-1	80	89	-7	96	86	51	-44	-60	-30	-90	57	48	67	63	-100	73	66	-12
-4	-62	77	17	75	-13	10	-35	50	-99	-42	35	83	52	88	57	-52	41	47	48	-7	-15	27	73	-10	48	73	-11	-24	-62	-25	-95	-31	20	3	72	-61	-29	-30	-14	-60	59	-94	47	27	-81	39	33	15	85	-33	69	8	-16	-28	-88	-81	-52	-62	-3	-27	86	75	90	-20	64	-21	-34	-2	-32	-29	-29	30	-28	-53	27	47	-7	61	24	-42	15	15	-5	-17	-57	-6	-81	81	2	-10	24	78	-84	-5	76	-87	-24	97	-62
24	-74	-45	64	35	83	84	66	-95	29	9	-4	-45	-17	-68	-63	-13	51	-28	-52	84	-71	28	96	11	9	7	-11	-65	-81	91	-48	-49	28	96	70	-62	21	18	44	-98	-36	-21	94	58	43	-65	-40	-50	-49	-75	33	82	-88	-96	-95	-1	-26	70	38	8	52	24	8	-22	81	-92	-81	53	-23	-66	40	-83	-83	-3	-53	8	68	-6	-30	88	-18	6	-96	-48	-90	-83	47	-61	43	-81	-64	-60	-45	18	33	-10	15	-4	-70
86	-82	18	11	-94	-62	2	-24	-2	76	93	-64	91	52	45	14	38	-53	-83	-28	-18	100	54	60	-100	35	-53	32	82	-24	81	92	-93	-23	82	-96	-33	-55	94	-15	-83	77	-31	0	-75	71	-13	82	82	-85	-28	-61	95	-72	29	31	-88	36	96	-50	37	22	-43	21	-7	-60	0	96	-8	59	-87	-22	88	35	91	68	-95	70	-5	54	-8	88	66	76	10	-35	-69	-51	-40	68	30	-22	-87	97	-42	-31	-21	46	-100	-80
81	64	-93	4	7	56	62	20	26	91	-6	-57	-12	69	-23	28	-62	-60	32	97	-64	-18	67	-72	94	-16	63	-1	-40	60	-80	58	-25	56	76	-28	-90	-31	-80	74	18	-76	-65	-66	34	83	53	-62	-5	-6	18	50	92	53	25	39	-82	-34	-45	74	-61	83	7	95	56	51	-71	-32	66	7	25	78	3	58	-98	63	-19	-75	-70	-29	75	59	79	-44	-51	-79	-46	8	-1	31	-77	-37	90	8	-66	-30	-15	-73	-50	-4
-24	-94	88	45	-5	-44	70	-92	-31	-79	-28	93	-60	98	-78	81	-60	-20	-67	90	52	-100	67	-38	92	-96	3	22	-63	-86	41	-21	-71	71	-74	12	-38	39	-4	88	80	-66	-33	-20	67	-57	-92	-66	-43	-71	72	-98	86	-94	-18	18	-62	-3	-53	60	-36	76	-80	-86	-71	84	39	84	47	-9	62	-52	-52	35	-73	-54	-67	84	-14	-72	-87	-89	-39	-95	-99	89	-81	50	-89	-17	36	64	41	16	-93	0	89	-56	-36	-72
-100	35	-68	-45	62	-49	-58	63	69	14	62	-87	9	84	30	-14	-18	95	-20	46	-17	-87	1	60	-16	-94	-100	65	-35	89	17	59	41	-86	-60	72	88	-85	-93	-38	34	68	-73	91	-87	-21	-12	-94	9	-47	44	-68	-64	-61	-57	21	42	22	1	-75	88	-34	-69	-55	-99	25	-75	-58	41	18	-80	7	-32	-63	63	83	-34	35	43	-14	-70	97	-22	-88	66	-75	-36	83	45	-37	82	48	40	-33	70	47	-70	30	49	92
-66	-64	-2	-60	-94	2	-6	92	8	-57	-50	34	-87	-72	45	-83	6	8	59	61	8	-87	-36	-96	-68	27	84	-29	-37	72	90	3	90	1	-13	29	-77	-68	24	42	97	16	-31	-13	-52	85	-84	-61	3	-88	-47	97	-50	-94	29	26	22	64	-1	45	-40	63	-95	-94	-18	69	12	65	-10	-44	-99	-2	0	76	-74	40	-41	-4	-35	47	-94	-81	58	-18	-2	-39	-17	-18	85	-90	-69	96	-82	5	-20	79	60	-25	20	34
-42	-57	34	88	-79	-49	99	-41	40	-98	-29	-45	50	8	-6	85	1	11	81	69	53	11	-97	-78	0	72	-78	57	18	-21	-98	92	40	-64	43	-42	-70	-95	56	14	-58	-13	-17	78	98	87	47	97	69	-70	-97	56	-43	-1	57	13	-3	49	44	5	-81	-18	76	1	70	51	1	-32	22	26	-96	-4	-45	11	-27	20	-50	-37	96	26	45	63	97	30	-14	39	99	-90	44	-66	9	-70	58	-1	-99	-56	-44	-16	38	-34
-57	28	96	69	8	-72	-3	-51	-59	93	-94	32	10	-30	25	-74	-30	-97	58	-87	-91	-46	73	40	-29	-4	-48	-10	-18	96	-65	-11	48	84	15	-3	66	-15	-53	-98	64	54	5	56	-20	17	-89	70	61	-86	-63	26	89	-76	-67	-74	7	75	-47	-1	11	89	56	35	48	59	-72	41	-3	-50	-100	44	-17	89	6	29	89	-52	51	46	-80	-34	-92	-24	49	-93	82	-60	-33	26	33	-45	-42	-70	46	99	81	-48	-12	15
96	50	-48	62	22	81	-28	-49	-44	-72	68	-70	-23	-23	-31	12	38	42	-41	37	-19	-71	77	98	83	88	89	29	15	-8	-76	28	47	-90	-45	-52	-92	55	-63	37	39	-17	-83	-11	-81	-46	-42	87	47	80	11	62	-84	-67	-46	67	84	52	-61	-90	37	42	-71	-100	-90	-34	-100	34	18	92	-45	-42	94	-16	73	-78	-99	-5	37	-26	16	-18	-65	45	20	4	-63	9	95	-69	16	-80	-79	20	-10	-87	-18	-10	-13	24
18	47	-30	93	34	-63	-7	-74	-91	-52	1	90	-26	32	4	-93	-84	-64	64	30	20	78	-22	9	21	44	3	-69	38	60	-18	-83	-66	84	-55	26	19	-78	-3	71	0	89	-99	-55	-93	-46	77	-10	-35	-63	65	-51	40	65	-59	-22	40	44	39	-78	14	12	-87	-13	-86	3	-92	-79	-51	30	50	64	-2	4	-51	-95	55	31	-12	-65	-80	-88	8	58	99	-63	-41	84	33	-40	-54	96	-54	39	39	-54	-56	-76	94	-46
-68	63	-23	29	98	82	5	94	64	16	2	72	54	-44	-36	93	18	5	-27	-87	26	-4	82	72	31	33	-15	-17	-49	74	-10	51	100	-62	-92	38	-51	14	46	-58	70	-82	46	19	18	-11	-17	-100	67	10	94	81	-78	-86	-19	59	-12	-92	-84	84	-28	-34	83	56	-58	-94	-51	-81	-15	-73	16	70	72	-85	20	-2	6	86	-19	53	48	69	-46	-84	21	-44	47	-50	43	-69	-39	16	5	-82	11	0	-14	93	-30	58
-24	1	28	25	-36	100	36	-77	48	-14	5	57	-89	0	98	-50	-62	-92	55	-20	79	32	29	74	-35	-18	53	25	48	-89	77	-36	10	-67	-26	38	-46	85	73	5	61	-23	-6	48	28	-45	-32	92	19	46	34	-69	-72	28	6	-92	48	-54	79	-80	17	-24	17	-85	28	34	-83	-99	-38	-92	47	80	-25	-33	-51	65	-74	-73	92	-58	-50	-76	-79	-81	6	86	-13	-24	-50	81	59	-27	52	1	-54	53	69	-41	-16	-29
8	-28	98	-45	-90	-57	0	32	-82	-55	-71	-61	100	94	-93	-61	-21	-13	-68	-10	-79	-95	-60	-86	-79	71	-75	-38	21	-88	-5	-73	34	-31	82	51	-34	-43	43	-12	-82	81	-39	-98	19	-90	73	-12	89	45	-81	34	78	68	-89	28	-63	16	14	-92	-7	-84	-66	-29	25	63	41	84	82	76	77	-81	74	18	85	-35	17	-65	6	19	43	-12	-90	-88	7	-84	-21	16	34	-33	-40	-87	-49	-82	75	48	57	-82	-22	68
