-90	49	83	84	12	74	94	-34	-22	-95	12	43	3	16	13	-98	73	-1	71	-32	-91	-98	95	-21	2	92	52	11	97	16	-37	0	-46	99	8	24	-85	-19	38	-98	-92	1	-98	-55	-30	-91	86	20	100	98	-5	-19	34	33	8	-84	29	84	-69	-48	-28	-56	-93	-59	-84	39	-62	-16	-31	98	76	85	49	6	-46	93	5	-22	47	55	-57	-89	78	96	6	61	46	2	11	-78	-34	45	86	30	-100	82	58	49	-91	-40
-35	76	18	-51	-53	35	-35	-38	-78	-37	-92	-35	-53	-55	-36	-6	90	-6	-74	-79	4	-95	25	93	40	-64	30	56	-75	89	-34	-46	2	-80	20	76	-59	28	-54	-75	77	-58	-68	-97	97	20	-94	8	79	88	-75	-50	-31	-53	-73	-11	-29	3	-77	-43	26	-33	-73	-53	11	-47	34	32	50	0	-82	8	-74	-75	99	-24	10	38	-55	94	30	-76	-83	28	-22	13	-92	-74	-37	-80	30	66	-96	-79	4	26	51	52	-7	74
95	-19	34	53	-76	29	-8	99	-65	51	43	-99	36	73	89	-63	13	26	14	26	32	-32	-66	-26	-47	55	-87	75	73	-25	-88	-35	-78	40	-82	-20	-41	-39	-36	-66	-100	-44	86	13	-90	-33	-78	58	91	-31	-92	-51	56	60	2	-92	-27	11	-8	-92	-69	-82	-56	-99	14	-1	-75	-85	72	2	-17	61	87	-62	-9	46	-39	49	-24	24	-36	-44	8	23	-46	-6	-96	-40	-15	-44	45	88	-96	22	-46	-68	-74	8	-14	11
72	47	-68	59	-8	-91	47	79	-49	27	49	30	96	36	-53	-36	-35	-71	31	33	-40	67	-99	-38	19	-7	-4	70	68	-8	96	15	-31	40	-8	56	-82	-60	80	-90	-34	52	-56	-93	32	35	99	-3	74	-100	-28	-47	-12	31	40	-12	-77	84	-41	29	-28	-87	93	62	-92	48	-58	31	81	41	-38	-52	-52	-19	-80	-57	-48	91	-11	59	-17	59	85	-77	-2	-75	-89	29	-38	72	55	-75	95	-49	44	-81	51	-52	5	47
70	-45	-71	-1	-93	53	-57	-22	0	-87	-6	24	98	25	96	85	-13	16	-87	-2	-93	42	-16	-49	83	83	91	-37	84	-83	14	-78	-66	-51	3	77	-14	60	-47	-17	89	48	95	-99	1	61	5	27	-2	71	92	83	-14	-12	-25	-53	85	-24	29	41	-48	11	62	-44	-52	-22	48	0	41	17	-42	-61	28	85	39	-34	72	49	34	-3	-82	-58	-74	-10	-25	-82	-58	-84	2	32	5	-52	-35	21	67	98	16	71	-31	84
53	87	43	91	45	-38	88	43	42	40	-82	19	0	-99	-76	-68	70	-31	14	100	-56	-89	-88	-46	-55	86	-83	-48	-2	-50	96	2	60	-92	-26	-89	-10	67	-4	-3	-37	-52	71	45	-46	62	-47	54	13	82	-65	-93	-16	7	-12	-59	97	-33	-21	-59	-20	-76	0	79	-52	28	-57	58	-18	-96	73	-48	-40	42	98	-1	30	-87	-33	-42	-58	-96	46	31	-57	22	-16	37	-54	-15	-45	94	-47	-91	-57	-53	84	-53	13	-81
-61	52	58	-79	-27	-54	2	47	-13	-30	41	-18	15	-65	-48	-33	48	83	17	-13	-18	-27	-15	77	96	87	70	-63	91	-68	25	47	86	36	-73	18	30	89	91	-95	81	-83	24	77	37	43	28	30	48	-43	-3	18	-31	64	24	1	-90	-69	63	-89	55	-35	9	-15	-59	-13	-58	40	-63	-34	-7	27	-68	66	69	87	-5	98	-94	-49	-40	16	-64	-2	-85	49	-61	-70	34	-34	-38	-81	-99	11	64	-79	97	-82	-83	34
63	35	8	43	66	56	45	32	-96	-78	10	57	-33	54	-57	-29	-45	42	-92	-23	-87	70	-20	4	100	55	18	-58	-41	1	5	-99	-88	15	-80	25	42	-27	48	84	52	-4	-66	-70	91	24	89	-82	79	-94	-22	2	-57	-67	2	12	57	70	89	1	91	-99	-22	-41	92	80	9	-75	-78	78	5	43	16	44	79	96	19	-24	69	-95	10	36	-72	24	-23	12	-10	96	-100	-54	-96	-70	-94	4	88	-100	-59	64	43	-9
39	-82	35	-38	89	72	-54	42	-21	42	-23	41	-85	85	-44	-39	-44	-92	82	-33	33	29	-98	-40	3	87	-20	-7	-83	-83	87	-1	93	-37	-23	25	-46	1	43	-1	-51	-81	65	-60	65	-35	86	2	-91	-71	-74	-60	-38	-94	-71	-10	-6	57	-32	21	-36	21	-93	-39	-78	-77	-24	-90	-14	33	-54	65	-82	83	30	93	-78	-9	-13	-79	-57	-65	38	-21	12	77	72	22	-30	39	-36	2	-48	-90	72	-23	-56	-30	-7	8
90	-73	21	-45	-49	-13	-39	-92	87	-63	60	-14	-61	5	-47	-59	62	38	-9	24	64	-8	9	-52	-7	-32	-14	94	22	36	33	-20	12	-19	-49	24	64	-79	-20	60	60	1	-32	-57	81	95	-77	31	6	58	78	-14	-64	-8	-79	-92	8	-61	-99	-65	55	-72	-22	-42	61	56	14	55	-6	-36	61	36	-18	80	46	76	32	-92	-36	-90	99	72	77	48	58	-93	-35	30	54	-57	-31	91	93	-84	10	0	-3	12	-8	22
-90	52	-5	19	21	-33	77	-55	-36	4	-43	67	35	-90	-6	0	35	75	-50	99	-34	-87	14	39	8	65	-85	-96	76	84	58	32	58	-5	-55	3	56	35	79	-52	70	63	57	-63	77	-74	-37	51	72	-83	94	58	80	1	66	-95	-50	-36	33	0	-58	-13	-40	10	-85	56	-19	-35	74	18	79	80	-63	77	-8	21	-16	-57	7	-43	12	-28	-55	17	35	-27	-79	28	18	75	-62	-66	-66	-70	69	66	-21	-84	-82	-17
-61	-75	-18	23	-13	-94	40	25	49	85	27	89	-35	-62	31	-43	38	42	21	-25	-31	17	56	-68	-46	73	57	-99	91	-84	69	-56	-40	-27	87	-88	35	-33	82	-82	-86	-58	-92	-33	-88	-49	32	-55	-32	-31	-94	26	5	86	0	38	-51	70	-52	-65	-15	-25	24	98	-17	-28	0	-54	-20	-58	51	-67	12	-22	80	-85	44	21	-48	17	55	-67	-50	-39	-25	31	74	22	66	-32	-92	-47	-38	-31	21	24	-6	-86	-13	-88
-73	-6	78	-48	10	27	-84	-8	96	-25	16	-44	46	-40	32	-90	-22	-8	-60	69	29	22	-54	84	19	-59	-56	-40	-91	-49	9	-28	31	-42	-23	9	0	-29	6	76	-19	-72	33	-50	-54	20	-34	-12	-46	-79	-57	65	-8	10	34	51	-29	-50	82	-16	-4	48	-75	-26	-5	27	-68	-69	-11	82	-36	41	2	14	-65	94	-41	21	86	62	99	1	-79	-11	92	-6	-20	-86	34	12	27	-63	-16	-67	11	44	-37	-62	-73	-53
77	44	55	-99	-41	15	15	-40	76	97	17	4	-7	58	12	20	4	4	-91	31	-20	-93	-15	-80	-4	27	-39	-96	82	-28	42	4	91	94	-62	-15	-69	2	-7	4	-79	90	-2	71	-21	62	-93	46	-98	62	-37	-87	-16	53	-51	28	23	-37	99	8	6	34	-8	-10	7	44	-98	30	-70	1	-12	-24	58	55	34	-27	-4	-99	-77	-57	45	0	-57	-92	3	51	-29	67	99	83	-62	-23	4	-30	79	-61	-95	37	13	25
8	-70	-17	-80	-40	9	-93	6	33	92	19	-75	37	-85	-22	-41	31	-2	-34	43	94	-1	-7	-98	37	66	79	-26	-68	81	22	-84	43	50	-32	4	-38	76	21	99	-21	10	-17	90	-92	72	91	-49	-44	89	22	19	75	97	14	32	45	56	20	27	17	56	3	-84	17	-56	-64	-93	54	-46	-1	33	26	-33	33	-60	-40	-28	-88	94	100	-75	44	-2	73	4	57	44	-10	-1	94	-56	-5	82	-67	92	83	75	-54	-67
65	-18	-84	69	38	-6	9	22	-94	-65	18	42	-91	-82	20	0	40	-5	-60	96	93	38	-23	-78	40	79	-92	34	98	-34	43	16	4	-26	0	-1	40	-57	90	100	-77	-92	-93	98	-44	26	46	-7	37	50	85	-79	5	-39	-60	-48	-30	-49	43	-94	-85	-31	76	-83	27	64	-51	-55	-82	-44	96	-74	43	-98	-7	-30	-54	75	-21	14	-28	29	-49	29	9	-7	15	96	76	85	19	-70	78	-40	-99	-99	57	19	54	-63
-9	91	-56	92	14	90	19	39	-49	41	-16	49	86	-77	12	-63	96	50	-32	65	-43	-37	-100	-96	75	-99	68	-55	71	21	37	57	-61	-57	-75	22	-21	91	43	1	-70	22	-59	-64	64	67	67	-80	76	80	-59	-37	-73	-36	14	78	29	-32	-14	94	-33	36	51	51	54	28	65	79	72	-46	15	92	-45	58	-29	31	50	23	15	-96	81	-35	-20	19	50	-2	36	-53	-38	-58	-99	-37	58	75	-59	-70	83	-79	-36	-51
92	77	-5	-79	86	-29	56	93	75	-69	63	-22	33	12	-7	67	-81	49	-17	36	-60	47	-8	-31	-83	-89	-36	-49	-5	36	97	78	85	-48	-7	35	100	-88	39	-36	-50	-23	87	25	51	-77	-46	-11	1	-79	91	-87	-97	36	-53	-72	-70	83	-11	-61	-15	69	55	4	-92	-88	-32	-3	37	-53	97	-56	-36	19	-54	21	-79	14	28	-45	-1	59	42	57	57	-95	68	39	-4	-44	-74	50	95	40	85	55	-90	-66	83	58
38	-5	90	-49	17	-20	-27	-94	-92	20	10	86	-15	46	65	-9	45	21	92	-58	-52	-33	-83	-7	49	92	-20	-50	-40	49	30	-28	65	-32	41	17	76	90	-3	74	-39	-40	77	51	99	95	67	-14	100	100	-94	35	-36	-39	81	-51	42	100	31	-82	75	-10	30	-96	19	-37	-97	-81	-32	-81	18	15	62	87	79	-54	-39	-70	-20	75	8	49	-58	43	-57	53	70	-9	13	-52	-19	68	-47	70	-70	-78	24	12	-85	40
-67	43	-37	-64	-60	-57	34	13	-42	-95	46	-2	-81	15	-18	20	-54	-48	17	-23	50	-83	89	61	-2	-60	49	12	98	41	-25	90	-51	-61	-70	-64	49	10	-15	-45	-17	56	63	51	-30	-45	75	35	3	-31	-71	12	17	26	-71	89	-1	98	73	-95	-14	-62	87	-59	68	17	24	54	56	-24	72	-69	-46	79	-96	44	-14	-24	-89	-75	53	50	-59	71	-93	6	46	81	-46	27	-77	28	-24	86	68	64	7	82	-61	-44
68	37	17	53	-95	70	-11	-59	-33	-1	-45	42	91	-39	-71	-12	10	67	-93	-79	-96	31	-42	14	2	-36	78	-39	5	43	-49	-74	-56	54	2	25	-34	88	97	80	67	86	-46	-47	-48	31	86	-66	88	31	-13	4	84	-6	-58	27	-17	83	-78	78	-32	3	53	83	60	-51	25	-12	-85	77	7	-15	25	18	-51	-70	54	93	26	-89	60	-17	-64	32	-68	83	-67	36	-95	-39	-56	58	4	-56	-31	72	-98	44	29	89
1	-52	-62	74	60	76	-50	-92	-25	78	-12	52	54	-46	-29	-88	-23	11	26	-70	-65	-48	55	87	33	89	-49	91	-58	61	81	-1	8	81	52	35	71	10	62	71	-19	-80	46	21	-93	81	-7	-47	-22	-92	-4	39	-55	-19	3	-88	-35	65	-24	-28	73	49	-50	23	87	85	66	95	60	-42	-64	-10	9	-20	-53	-30	5	44	75	48	51	22	-73	-15	-98	-73	74	1	73	39	69	-68	64	100	77	-21	16	73	60	-43
-85	-31	-73	-32	-31	89	-56	-20	42	81	74	40	-91	-100	15	24	-56	-4	-17	-13	-62	-25	28	-80	-31	44	-15	83	-30	56	24	-12	-66	93	-21	45	53	-56	-87	93	7	-35	47	79	20	-1	82	37	100	-25	42	-60	-53	-52	-35	-73	-2	-75	-37	32	-12	43	84	10	100	10	-41	-20	28	60	-87	-7	-16	16	-55	-88	64	-84	73	-60	98	-89	-16	25	1	12	5	-44	42	-17	-57	12	31	80	-28	53	-35	-83	-51	-6
30	51	2	59	93	88	33	66	-91	88	52	-81	20	69	-94	72	-34	17	58	96	40	-63	83	-60	-78	-28	-23	-86	-75	-42	13	-70	-85	-95	-28	5	42	-12	-14	23	10	-25	20	46	-69	42	34	49	79	65	40	18	-71	69	-28	86	-45	96	96	95	46	-80	42	3	-40	-42	20	48	-25	78	17	-81	-28	-6	-80	2	45	-19	-78	100	11	39	25	-57	-25	21	-66	-79	73	31	46	-5	53	45	-60	96	25	-62	-65	-82
72	33	46	-48	20	73	-73	0	41	96	99	60	62	92	20	83	12	-18	-56	-24	45	-88	57	90	32	95	-55	-89	65	98	23	73	13	-44	-13	-53	0	-59	-67	-75	12	-81	-43	32	29	-25	22	90	21	94	-96	50	-18	-39	60	18	44	20	26	69	-83	-75	-62	82	39	53	-94	-15	-40	41	63	60	0	-60	22	59	65	5	0	-65	43	28	88	8	4	33	27	-4	56	68	-64	-87	-30	-80	-5	31	90	90	-96	50
99	84	-78	83	-65	-37	22	-67	38	-31	88	-48	-10	75	82	7	-7	-92	60	40	-41	42	32	-67	-79	-24	-73	69	20	48	-92	-77	84	74	-93	26	-10	-92	56	44	-17	-95	42	75	73	-13	-38	8	89	-3	-24	50	100	4	47	6	-44	-46	-34	-94	77	-36	-52	66	38	77	63	-87	27	-81	-44	-62	-65	57	77	-34	51	-83	67	51	83	-27	-7	79	87	-24	-70	-33	89	37	65	-76	-58	-22	-46	-96	-19	96	-11	-81
20	-68	22	74	63	73	-23	-97	-72	-94	-41	69	95	-66	-12	98	-51	-47	-43	52	-38	68	-7	89	-81	-61	88	4	-56	43	-19	94	49	73	-15	30	-62	71	57	92	5	-49	21	-49	-10	69	-8	23	92	-99	-60	-58	-92	-19	99	-70	11	22	22	82	-16	-83	66	-85	61	54	-90	81	-53	56	2	-18	-56	84	-15	55	8	-84	-2	73	-83	95	-46	-50	73	14	86	26	-79	-97	-37	51	-82	78	-93	-56	-56	-94	22	-16
13	81	-60	64	88	-9	85	100	-55	-86	86	-76	87	24	51	74	-44	-8	80	14	5	76	4	-7	7	-94	53	-25	-68	-83	23	74	-39	-73	-83	94	75	-81	-66	-37	-22	-51	-23	26	60	78	-46	-18	-72	44	5	36	-7	-26	-15	-89	-56	-30	48	5	-50	-18	64	6	34	97	-13	-70	22	15	-22	-36	-90	91	22	18	-91	67	-38	-29	91	37	-75	98	-64	-96	41	-36	-36	-98	88	-90	97	32	99	-84	80	-25	-69	33
-67	55	-59	64	24	64	92	-89	96	-98	-75	60	79	97	-20	1	52	83	11	-9	35	0	-22	30	52	65	-67	81	61	86	-89	24	-60	72	-90	72	26	-52	26	-89	-44	20	-60	52	36	10	-93	-39	43	10	90	25	22	74	-99	35	61	7	-67	-76	-85	33	-27	-23	-94	71	16	68	-53	-39	33	-33	32	30	22	75	78	-98	26	97	97	2	-73	-52	-42	18	14	20	71	45	4	-23	48	48	89	47	-18	21	-99	-36
-39	61	43	60	-76	15	-44	-83	95	27	-49	-92	-80	-65	-6	-36	69	-42	-99	-12	-40	-80	53	-61	-65	-86	49	48	-12	-1	-60	7	100	0	-27	29	46	-89	37	35	-80	81	-52	-85	12	-1	2	-50	42	27	80	-42	33	34	-81	-81	99	30	75	-3	26	24	-66	54	93	-66	-26	53	-48	-96	-91	-90	66	-57	-57	-82	-97	36	-51	91	54	-96	63	-85	51	-6	61	-100	-76	25	8	-59	99	48	84	38	-28	-59	-96	-11
-92	39	-26	-12	47	87	22	-19	62	61	-45	95	14	-31	52	75	-72	9	39	3	-76	-94	28	-99	76	71	41	-17	-72	34	2	83	-17	68	-16	86	-5	92	11	17	69	-79	-3	75	30	-30	40	1	64	-29	17	64	-63	26	-50	-63	-76	-59	100	-53	-34	3	70	48	54	-77	-83	-2	0	88	-43	-51	1	-82	7	-83	88	5	-86	-63	-3	86	43	13	-76	-90	98	-27	30	-86	-75	66	4	-22	-73	-8	70	48	31	-1
62	21	-11	82	-79	41	53	-2	64	8	70	-32	79	-28	65	-3	1	97	71	-4	-74	96	79	76	-51	59	-56	9	65	20	65	-17	66	17	83	-34	27	-68	26	-70	-79	2	85	-81	0	51	-93	60	-36	54	-97	79	-53	16	41	30	-36	-60	-89	0	7	86	-97	100	22	-42	-13	-54	16	51	17	-74	-84	-31	-79	17	-27	-5	-37	-2	99	78	30	-22	-72	87	-11	-77	35	79	-13	7	-90	53	79	17	97	43	-95	39
-39	-79	79	20	-34	-57	-33	39	32	82	-99	-21	23	93	-2	-66	-47	98	11	-53	-64	47	-11	78	-38	-70	-49	19	39	34	-96	98	45	-76	65	32	-43	-51	6	2	-27	-30	47	-93	-37	98	-24	-68	63	-41	-2	60	-21	90	-75	29	7	-81	-57	49	-28	-61	-96	-58	-55	83	69	-73	-50	17	71	24	-8	44	-82	-17	23	-91	-7	-72	-92	-33	32	-9	-31	19	-75	98	-31	-88	-93	-50	9	-62	0	-64	9	-65	-56	79
44	93	-77	8	-47	-88	-25	-73	-6	7	-51	-63	31	60	86	-41	-21	-35	66	4	-36	21	-86	-57	39	-80	-19	6	-55	82	67	34	82	-66	-71	-85	3	-9	-56	-87	-82	20	-85	64	34	13	-85	64	-18	13	2	-40	-70	-74	51	72	55	-39	-34	15	-43	-12	66	81	87	1	16	4	18	21	-64	-64	-98	28	1	11	-73	-16	8	-40	-37	-6	30	16	9	-97	72	81	56	23	17	99	66	-86	-39	68	-84	-32	26	-15
73	-57	41	-8	20	92	-17	-26	56	-40	-84	-71	-21	-49	0	-18	34	-3	-92	5	15	-34	23	-13	-19	66	77	29	-5	68	42	-71	-5	-91	39	-92	38	1	7	-30	95	-38	23	88	-47	39	89	-40	49	-58	0	-11	-88	-31	27	11	68	-79	-37	-36	20	47	64	15	53	-69	29	41	-67	27	61	21	-10	64	13	-63	-28	-76	67	20	53	55	-44	29	-73	57	90	81	-65	26	-15	-4	-17	-47	-73	-61	25	64	-49	46
-81	-73	-18	-92	78	-82	97	66	-73	64	-64	-8	-34	14	66	-27	-36	-64	53	-56	-40	-73	-3	-52	-29	-70	46	-26	-70	64	-94	-19	-94	-45	46	76	-41	-10	65	-36	-47	-91	-65	44	3	-47	21	-72	10	-76	-18	-13	-81	99	2	34	83	-100	0	1	-77	32	-30	-30	46	59	-57	87	-76	23	100	1	-42	-62	-36	-22	-98	47	82	-35	40	-9	-95	-96	7	39	-53	6	-23	-40	-14	-58	-36	44	97	27	-33	43	-5	23
91	-89	-58	-62	17	22	-57	48	61	46	-36	-35	-55	-28	89	-99	85	-78	-43	37	42	-9	85	39	75	9	-3	-14	76	4	84	-92	-49	-59	-59	-1	-46	58	-46	46	97	75	-8	68	48	4	63	30	25	-12	97	40	22	-38	-49	-47	14	-60	22	-11	22	-67	-77	73	69	45	4	-61	-31	-24	98	92	92	-91	83	0	-92	-79	3	-75	-5	44	-18	25	-36	41	-23	58	87	47	-66	90	36	-49	5	7	-16	-33	-63	-2
9	-79	-61	-88	-100	50	-24	-77	-17	-29	9	-65	-39	-7	99	53	38	9	-30	-50	-49	-3	-92	-74	71	16	-65	49	61	-93	-7	85	35	-31	36	94	-31	2	-66	94	72	82	-91	-7	93	-50	85	-30	49	-56	48	83	89	11	49	-69	-20	53	11	-67	57	-81	-72	-54	-43	-65	99	92	67	-97	67	-21	99	60	34	-59	38	-18	-89	-62	64	82	38	72	34	21	92	-2	81	28	73	3	-81	84	11	31	27	36	-53	-86
83	-6	-33	-43	-74	-29	-20	29	98	29	-60	42	-28	-62	41	91	-72	-1	45	-13	-6	100	93	88	99	-21	-85	61	72	89	71	94	76	-75	14	74	85	33	79	0	-54	-93	-45	28	46	75	-67	-48	71	-31	-63	-38	-42	-72	-64	87	-26	-26	33	39	19	59	-8	23	46	16	-33	-79	79	-51	95	-67	-50	-66	9	-80	-78	62	12	-62	19	6	-71	-22	-72	63	34	-12	51	77	-59	62	3	-21	28	-28	94	-41	41	26
-30	6	48	89	-9	-79	-71	-69	-27	65	-83	97	-52	60	-12	78	-82	-25	35	-31	53	-64	-91	-45	48	56	24	95	-6	12	-96	-27	63	-54	-68	-40	64	-71	11	99	86	77	-61	33	71	23	85	58	-49	-81	33	81	-94	-16	-13	-10	-84	22	-87	-7	67	80	29	91	-10	79	98	-27	0	35	-33	15	73	77	-39	-83	9	-11	58	-71	-78	-13	43	-50	98	98	-87	76	0	84	94	-22	72	27	34	59	89	-36	54	-96
-35	98	89	47	-20	-60	-18	9	-62	-70	-84	-18	-79	54	63	-94	66	32	50	-89	96	43	-11	2	30	-100	-44	60	-27	-73	25	29	-20	-29	79	-95	87	33	63	-54	12	15	-59	55	-67	-55	-90	-2	58	8	-12	87	56	-70	86	-51	-32	-10	-90	37	-95	-77	65	85	-6	83	-85	92	-32	28	51	-59	76	86	2	24	28	-29	-16	84	14	-95	83	52	90	-80	28	-75	5	-72	-67	83	-92	-31	3	-56	73	28	92	99
-48	3	-99	-47	-48	-46	45	64	51	-48	-68	-29	-34	92	-86	0	-91	-1	69	67	-38	-4	84	32	-14	-51	-81	-56	0	-99	29	-33	56	-29	60	-3	38	-93	-58	9	-63	-5	90	-40	-23	55	54	-48	90	-71	-56	-43	-36	-19	-21	75	-52	99	20	-6	-43	-90	12	-82	15	7	-99	-17	26	-93	32	-74	80	95	-33	11	-83	44	71	48	75	-77	55	2	17	43	50	52	21	3	-36	-73	-17	-20	26	-17	-63	81	-99	-47
78	-79	-88	-76	96	-86	-28	11	-73	-81	-45	-23	39	98	19	-33	26	-66	-54	-73	44	-45	58	-51	-52	45	21	5	15	-35	-4	-68	-44	-96	-67	60	-16	-3	26	83	70	-10	94	30	-21	-27	55	55	91	66	-55	4	20	8	-28	95	71	-92	-3	-80	-86	-4	-55	-29	29	-22	96	25	85	-45	-88	1	-68	48	37	-83	-47	7	-75	73	-3	21	-31	-49	78	20	-89	-57	55	90	63	83	-33	1	31	-95	78	-14	86	-5
-11	-63	23	5	-99	-7	-57	40	-96	71	-15	-53	-92	52	-82	98	32	34	34	-77	-61	44	86	29	81	83	-12	-32	-30	-39	-62	48	-37	-10	45	74	-22	42	73	-21	54	-74	7	-30	-77	-80	79	66	63	53	45	9	-71	-47	21	30	41	69	31	84	-49	56	-40	31	60	95	-17	-3	-58	-22	-97	-85	78	93	-88	-18	52	-1	44	-17	-8	-21	71	-34	92	83	62	-56	29	29	-48	-69	77	-41	81	-15	59	-34	-66	-84
-86	-18	-55	-63	-80	-21	84	2	25	79	11	-72	12	-49	17	-24	91	-3	34	-52	66	50	-10	5	93	87	19	24	-64	-40	-32	-85	-92	82	-59	-69	-7	-22	-18	-55	56	-38	-61	-44	19	-58	40	-89	-94	-30	-43	-94	50	29	-81	-20	14	-23	55	-95	-31	75	-62	-74	-74	85	13	-14	35	-78	14	97	-58	-27	-64	-90	8	9	-86	66	29	6	-74	18	-58	-35	100	-58	-33	46	-47	95	83	3	-88	-81	8	71	-81	-86
65	83	-11	81	-21	14	-25	8	37	73	44	88	-70	-94	-66	-42	-17	-11	53	89	53	10	26	-41	-46	8	93	15	-1	83	17	28	90	-64	-75	45	57	85	85	-36	66	85	-97	49	-19	-52	46	58	-48	-74	26	-11	17	-3	44	57	-87	14	-33	-47	95	-65	49	-62	-40	-55	6	-8	-91	-46	48	71	94	66	13	8	-44	18	-19	-23	29	23	-72	-45	-93	-90	71	27	87	7	-94	-46	63	88	79	74	-89	-100	-68	27
95	20	-68	-53	-57	40	43	-63	74	-16	-37	32	52	19	-91	-72	58	-77	-81	88	-35	74	-4	78	-96	-57	92	-1	58	40	57	-55	0	1	54	-18	-85	-17	-98	89	22	32	70	62	24	60	-69	-28	15	-21	92	57	-57	22	-76	-19	-91	-39	-14	25	-81	28	-98	70	-69	22	-60	-19	68	-47	42	64	28	-84	-51	99	-19	-7	-18	7	47	70	37	1	-64	-92	18	12	88	58	33	-62	-51	14	-70	30	-83	-2	-18	-22
18	45	-37	-50	-36	66	5	33	-40	44	40	-72	81	-90	89	-52	26	100	-12	55	57	83	-23	-17	1	92	25	95	-40	-96	48	84	39	76	-36	-18	6	98	-38	-58	-53	68	-68	-75	-6	88	-20	-76	61	9	47	-60	-55	23	35	40	-21	54	-95	73	-98	15	-53	-52	54	-39	-33	-27	65	-17	-69	81	81	-3	86	-30	-29	93	-72	-71	84	15	-71	-15	17	92	34	-18	45	-39	-83	-63	-84	-52	-38	65	-49	49	24	-75
92	8	31	-59	66	65	13	76	90	-24	-8	61	-24	-71	100	-18	-11	69	69	-26	86	77	-43	-92	-78	22	41	32	49	59	-93	76	77	-14	-13	-30	-25	9	24	95	-96	16	-32	-53	-40	-44	-12	77	-86	-23	25	-2	-79	-1	-12	16	11	-63	10	-73	-84	5	-24	66	91	27	-81	-75	76	-46	94	-56	66	78	-67	-82	19	88	-98	-78	6	51	-89	66	92	-90	58	-43	-87	27	87	-47	-75	63	24	-4	84	-13	-95	2
16	-49	-73	-45	-41	-75	-23	98	-21	-49	-32	56	82	-43	81	68	-37	51	11	13	-54	-86	-44	30	-37	-48	93	-60	-27	-70	99	64	-91	-61	98	15	-62	-20	13	30	48	-43	-5	-6	73	34	16	-53	-65	77	-24	52	-7	-91	-71	-93	-50	97	73	-64	-100	69	79	-66	8	72	74	-50	75	-60	73	46	-11	-36	-55	49	-47	95	-7	58	-84	-30	62	77	-53	94	-54	66	45	-78	73	-23	-78	31	21	-72	-9	-22	-2	-74
-14	-16	91	-74	-32	5	-57	-73	-82	63	11	62	97	-22	12	91	11	-45	-87	74	-57	-1	-85	12	35	-18	94	-62	53	82	-98	-59	94	-81	5	-23	-49	-36	-47	-38	-67	3	-26	77	70	85	75	-82	-17	77	-22	-89	-50	92	-27	82	24	62	9	-51	93	-42	-21	55	-11	24	62	-9	50	-1	96	-63	-16	-28	30	-40	-65	-71	-86	-7	74	-71	86	-99	-18	-72	10	47	-69	80	-95	-64	41	66	23	-97	-38	-53	64	70
-24	-49	40	-84	96	79	87	-74	80	16	52	-1	-3	59	-1	-65	-94	89	28	-37	-5	53	-37	23	-51	21	66	-51	-29	76	-15	61	-44	-27	-43	-54	-56	-82	-91	8	24	-34	62	95	80	98	75	-12	45	96	3	-99	-85	-54	-24	39	9	-9	-79	-72	87	-93	57	57	94	-93	62	40	11	100	-37	-41	79	-34	-24	12	21	22	-62	95	20	-92	-96	-73	-15	61	99	15	59	-71	74	-70	91	-40	-38	35	8	-41	-35	-56
54	-73	28	55	8	7	-37	46	-84	11	-98	23	62	79	37	-86	3	-84	-52	-53	5	14	54	31	52	-50	-2	71	-97	-32	81	-28	22	-26	-10	-89	-41	-5	7	23	31	38	-55	-74	86	-28	16	-82	46	39	-78	70	-100	-3	-84	14	-50	-92	53	-67	64	-97	24	6	81	-98	-54	26	-38	-15	40	96	-4	9	59	-82	51	76	46	80	55	-60	-97	56	-42	6	-26	86	-94	-29	60	6	-92	-84	-43	43	48	-60	-32	-86
-97	-29	91	33	-25	-3	-50	47	35	74	95	68	-1	37	71	-98	44	43	28	-32	67	82	81	-42	52	80	-10	95	-10	16	98	98	-33	-45	-1	-32	11	-24	85	99	32	-30	37	13	-52	99	79	-29	-71	-89	79	26	42	-17	-16	-10	-47	67	73	93	23	-30	-60	-84	-30	91	24	-80	43	-29	-30	33	-49	-82	-89	-47	47	73	14	71	90	51	49	84	2	18	0	-9	-23	-61	-81	-42	69	-1	-32	19	58	89	-40	-11
50	84	-56	-53	81	-53	48	-87	-36	-27	-15	43	-57	-27	24	-86	79	19	69	90	-42	-76	-91	17	-26	7	40	-92	93	91	73	-65	0	23	11	64	-29	-31	14	65	-52	21	-38	-54	15	-6	72	-57	-22	80	15	100	64	-26	-19	36	3	17	-47	-99	92	-99	-97	15	-64	-100	-81	-16	53	20	-41	-8	59	70	63	18	92	63	77	-65	-23	-27	-18	-12	65	23	-7	-79	-88	-5	-61	-15	42	-60	68	18	91	-57	-52	-84
-78	-93	52	-5	6	-8	-25	-26	4	11	39	97	-11	-59	34	-94	47	-13	-24	27	9	95	26	59	-89	-88	77	27	-35	47	48	-56	75	-48	13	-28	-6	-75	-61	29	-16	-99	-77	78	-57	-32	-99	-63	55	65	-98	35	-18	55	60	-62	51	-12	61	-84	-12	-55	-48	92	23	33	-61	-28	-95	71	-11	-83	24	-46	67	1	-71	11	40	57	88	-54	25	-18	78	-26	-66	-79	-9	-71	-19	40	-55	-36	98	51	99	-16	-59	92
8	-7	-83	-79	7	42	-18	-100	-25	77	14	-100	-60	-56	32	83	52	-31	80	-28	76	20	94	-88	2	-9	62	-24	90	17	-47	49	61	-35	95	49	93	23	-96	-50	-71	-29	40	-10	-15	-13	48	50	-46	-93	57	-14	79	39	3	96	50	-9	15	-100	-40	-22	94	18	-28	-43	-39	-30	90	11	14	39	-2	-26	-6	85	47	28	49	-71	13	-63	-35	62	-87	17	-94	-15	-40	-11	15	-77	59	4	-20	13	71	77	-12	-20
90	-29	36	88	76	99	53	44	-73	91	-90	98	6	85	86	79	41	44	-43	42	49	-30	-94	93	-40	6	57	67	23	-99	43	48	-79	-62	8	-80	-39	85	100	-91	-12	83	-85	33	-79	3	96	7	56	57	-26	86	53	100	-12	-11	1	-72	-43	6	29	-21	69	-35	-92	76	46	52	-50	-21	-5	-78	37	34	-61	-71	37	11	-77	-18	79	-74	-33	22	-38	-77	19	-69	-55	-3	84	-18	-55	-74	-68	-36	61	-11	23	-1
-26	-44	-16	-64	68	-87	73	-2	-89	-24	-28	29	-75	8	68	4	67	22	94	49	-39	-39	-87	-80	79	-78	-52	-21	-12	-16	-51	17	17	10	9	-23	98	-87	-80	54	-84	13	90	-22	-78	-21	52	53	55	-21	-2	-61	77	-68	-67	-11	33	1	12	70	-58	72	-4	48	27	12	-60	-70	-6	12	31	-59	-71	71	4	-28	36	39	-65	-84	-24	41	56	20	16	30	40	-69	44	-46	73	-68	-33	-52	23	-41	-6	-66	-90	91
-81	27	-15	30	70	27	-5	-9	-82	0	98	-76	28	38	-85	66	72	-33	75	-93	-83	-100	79	3	-80	65	76	31	-92	-64	43	98	-52	-88	-52	71	-60	-66	-100	-24	-55	-8	11	96	-72	59	8	-30	-65	-84	18	-10	-65	2	-90	-11	-70	-45	80	-40	-82	80	-22	98	-70	-73	-97	-12	0	80	-91	-43	50	-26	85	67	81	-28	29	-8	60	-70	4	44	24	78	-39	-29	13	39	-9	-92	-26	-89	59	-58	-43	-9	43	42
-39	-58	-6	72	100	-86	21	-93	100	16	-81	17	-64	-83	-19	-39	21	7	-48	-82	-11	28	34	90	63	67	-45	-83	46	-62	-56	-97	-11	87	12	43	28	-16	42	36	-30	15	95	-84	71	2	63	27	22	-57	61	11	-33	70	34	0	-41	44	2	-60	-85	-58	54	3	-47	14	-27	-58	-47	-34	48	-40	75	-39	16	87	-57	78	-76	-81	-57	68	-72	-20	93	20	30	-46	96	-34	-63	24	52	84	28	19	-39	66	3	12
-93	35	100	-34	36	97	-32	-14	57	88	-75	-68	44	87	76	30	-48	83	-80	40	74	-62	5	99	-91	-16	4	71	41	92	-90	22	-51	-75	-64	-39	-12	8	59	28	29	-70	98	60	-64	20	-31	76	34	2	65	-97	9	-29	-66	36	-78	-75	23	-41	-36	-64	15	-24	-21	-84	-48	61	-100	-39	-45	-20	-18	24	8	-88	67	-51	22	92	-95	99	11	-84	48	36	65	67	54	-3	73	11	-99	77	65	62	58	-51	-48	22
-35	87	14	-17	84	32	-49	70	76	-62	86	-48	67	53	50	-93	39	39	40	40	84	-10	-51	-68	-13	56	-12	-39	-4	-22	82	-32	-11	34	-22	89	63	90	-5	86	-84	96	28	-19	-25	48	-22	-27	-94	-71	-30	69	97	-10	42	85	-19	-27	-44	18	73	-46	-37	-26	-19	21	81	-50	-66	88	42	-86	94	3	-81	69	-73	93	-35	36	-51	-84	-19	5	99	31	-77	70	-30	23	50	96	21	-89	97	13	100	50	-21	70
-81	40	0	77	90	37	82	-52	-81	-14	53	-29	-94	-48	39	45	-85	-45	80	-7	-86	7	-44	12	56	-73	-21	-82	-74	-85	38	-75	49	9	-29	-3	-4	-45	-49	22	84	67	-63	-64	-40	85	-42	-42	-33	-88	83	-69	-17	41	89	-77	50	31	0	-29	95	10	-21	41	-26	-80	-37	16	28	20	-64	-56	-61	-38	-87	-83	-57	-89	49	88	4	34	10	99	63	41	-43	65	39	-2	-13	-86	-38	-54	-7	49	-76	-32	95	-14
31	14	83	-49	-2	95	54	-9	85	-63	64	-16	-40	-13	-53	-6	-57	1	-24	-76	-14	-84	-61	72	-95	19	63	52	-82	94	-93	-5	97	29	-74	78	37	76	99	87	-5	96	-2	-41	-74	-13	46	60	-71	35	18	77	-86	38	-78	-81	34	2	78	43	-53	59	-16	10	34	56	-40	52	-1	-89	70	-29	60	-53	-54	34	18	-62	-82	-45	-50	84	-9	-90	4	65	-10	71	-42	2	85	41	24	39	-54	-76	7	62	21	-30
-87	14	-97	-2	-94	-77	29	59	-2	100	73	-51	18	17	-16	-1	-40	37	-19	22	59	-99	-50	85	66	-23	-42	-51	95	-55	8	-99	-33	49	34	47	-42	24	-12	82	39	95	98	-11	19	20	100	-24	45	92	79	-2	65	-90	-15	30	63	-7	64	80	-21	-45	-95	-89	-62	30	-37	59	-27	12	-39	-80	65	-60	-12	-19	-20	-99	87	-35	-72	-70	40	96	-41	-17	72	-90	18	21	-70	79	30	13	-21	-86	-51	7	86	-46
77	-25	80	-7	-86	61	52	76	-7	35	-71	29	95	-95	86	-36	72	64	90	39	-60	1	-31	-57	65	59	-16	-97	-40	86	36	17	-40	-36	81	39	59	-100	21	-2	34	-49	78	-24	-1	-100	54	-29	67	87	-87	83	35	80	20	71	72	-4	75	-80	-91	-43	-94	-67	-91	-60	83	-26	-67	84	22	-47	26	-6	73	56	2	79	-59	87	-83	92	-19	42	-67	29	-37	-100	-80	-50	28	58	73	95	40	-1	-93	-46	51	84
-2	-24	-19	-20	36	8	-53	-87	61	-57	-17	-54	-79	-93	-21	60	-85	44	48	75	-68	62	-9	-77	86	71	88	58	-17	-57	-7	79	100	-18	9	-37	-50	-81	3	-32	-45	57	-25	-19	91	-19	-60	-99	-46	-8	-14	-54	-10	100	83	33	77	86	-56	69	-16	16	-92	-97	69	74	59	93	30	48	12	5	-19	65	-83	-99	32	-17	-57	12	17	-7	-85	-31	-10	52	81	40	-73	-48	-70	96	58	71	9	-100	-65	-12	26	37
14	-98	33	-64	24	-75	-45	-85	42	-79	99	-70	-41	42	42	-11	76	-5	-80	63	54	26	-88	28	43	-7	20	26	-47	-53	-52	66	-66	-87	59	38	-93	-29	-39	-70	77	-15	-55	-72	52	-7	75	-45	20	-29	-48	-38	24	-81	92	54	-56	-30	74	-87	47	83	83	-45	-95	-76	-33	84	56	-3	-79	43	-64	91	62	79	-38	38	72	-73	9	-79	31	40	79	-27	-10	-67	-99	86	23	-79	-74	21	-30	10	-53	0	-39	62
91	-95	2	-65	-85	89	-87	71	67	-21	-39	4	96	-31	-95	-71	-98	54	88	90	49	-39	-12	71	53	40	-100	-73	-67	72	44	38	4	11	-87	-49	-68	-23	2	-13	33	90	-49	-34	99	-39	72	-40	17	2	98	-59	-8	-21	-35	72	-7	-90	8	4	-90	-22	77	-4	-96	-73	61	37	27	24	-37	-23	-60	87	-57	66	25	98	-41	26	22	-94	-86	53	-69	6	45	56	69	-67	-37	46	51	-83	-15	58	80	-75	-21	61
-66	23	18	80	88	15	-23	29	14	-15	-62	26	-5	-12	8	70	46	2	88	15	68	64	78	51	-8	25	-44	10	-87	-2	-83	74	-99	38	-80	23	-4	28	-85	76	-5	-14	-2	-47	-68	-20	-6	60	-89	-20	69	42	-21	-61	95	17	-42	60	-8	-46	-2	22	-34	-51	-92	84	5	0	-90	88	-37	-29	-73	63	-12	-80	88	70	50	65	10	-89	-37	53	16	96	86	-77	67	-8	85	-72	0	15	95	-67	52	-8	-19	52
-89	68	37	77	-4	-90	-69	86	53	-91	-24	60	-31	22	63	-84	85	71	-38	-78	2	13	61	62	-29	-47	-78	-3	-30	-70	99	-96	77	-41	83	-47	-100	-84	47	-30	-76	-67	-92	-24	30	30	-39	20	-46	-81	92	7	89	56	-20	-50	31	-74	63	-55	-67	-36	48	-57	-40	62	17	52	77	-55	47	-8	-5	-16	35	6	66	25	11	80	88	-52	-5	-57	39	-10	84	61	-77	9	-47	59	98	-16	29	-86	27	14	45	-34
5	75	20	61	-13	-96	-24	-26	52	-99	-11	22	62	-85	18	17	76	-34	-33	-67	-1	92	-4	-40	51	63	-100	31	15	-61	77	95	-3	54	-83	-74	-67	-95	62	15	-35	57	42	-25	-29	78	55	-37	60	14	50	27	77	-42	29	-62	-47	30	23	90	-32	96	71	-80	-28	11	-23	-77	-69	-86	-39	-47	-25	-63	-26	-33	-87	-36	-39	-29	-59	59	4	60	5	33	-98	-53	36	42	25	-22	-95	50	-100	-16	91	56	-48	83
-5	75	96	55	87	48	6	-65	19	86	50	100	-27	-100	6	29	-71	-93	31	-24	-60	-15	-42	-46	-95	19	88	53	-67	-62	-40	65	-97	-53	71	41	-16	33	-70	-23	-70	36	30	93	74	-55	-78	91	-33	97	-73	-88	-26	-58	-78	93	70	24	-22	-37	25	39	-59	73	-57	11	-65	17	24	66	79	-3	54	78	16	-83	-14	-52	35	13	-81	22	66	-34	43	-41	-99	-44	-94	78	-98	20	97	60	70	-83	0	-63	77	-38
1	-10	-88	-34	-36	-35	-78	-33	7	26	-41	-76	-36	84	8	-5	-9	-20	1	-76	60	-19	24	67	-16	0	-74	86	-61	-75	-5	-98	-41	41	-49	-88	31	-91	0	6	19	-24	-47	-60	-39	-35	11	77	39	-32	-35	24	-75	95	42	-15	-65	97	36	89	-82	-92	-7	90	-33	-41	2	71	-5	-94	6	75	32	-69	-29	19	-93	98	93	-20	16	-68	78	79	-39	-54	77	37	-58	-42	20	-97	89	25	1	-20	52	0	-84	-9
-51	3	-7	-70	-39	-30	-12	51	36	-27	52	1	-95	-94	83	96	55	-81	-92	58	65	38	-11	66	-18	19	9	-95	30	69	44	-62	-83	22	-91	30	-41	4	67	-75	24	-65	-93	-89	-8	-92	100	77	-88	81	-93	53	-51	43	-60	26	-66	-27	-83	-93	30	-74	-9	17	-89	-31	-44	-80	11	58	26	30	-55	-62	47	89	74	4	91	39	60	-25	-12	17	-32	18	90	-31	58	-52	29	50	-70	-16	-42	-13	7	84	40	79
53	3	56	-29	-77	41	12	-43	-63	-8	-94	28	85	-68	-48	-58	53	42	-48	18	94	-40	86	-4	77	-93	-94	-66	-60	-40	-2	-27	33	17	-33	39	88	55	15	57	-39	74	41	-3	26	84	-75	86	51	-12	51	-95	-23	34	57	83	-23	-70	57	-98	37	-44	64	83	43	-23	-57	11	28	16	-97	-80	70	-50	47	-10	-75	-1	83	36	-69	-53	34	76	-32	-57	-93	-38	0	-80	-12	-96	-32	-28	-89	98	-57	57	-54	17
23	50	77	-92	54	-50	35	19	-63	20	83	95	44	-25	-96	49	-35	69	-25	56	33	98	71	54	15	-63	-40	-4	73	-30	-86	66	26	85	65	-13	62	99	11	75	-52	98	-47	-42	49	-17	34	85	87	8	29	-52	98	86	67	61	-39	82	31	20	81	5	-98	-77	54	-84	-70	7	0	-29	6	-56	-11	41	74	-60	-30	-94	39	2	15	92	-58	64	-77	42	-16	-76	-35	58	-61	-18	-82	-40	37	2	-34	-56	37	45
-28	-22	-19	-54	-20	-48	-32	-88	69	24	-71	-28	-6	-50	-65	-32	64	-58	-81	-2	-49	-50	-90	11	85	-64	-37	98	100	-82	20	-84	44	80	-36	-92	28	96	-8	21	-36	-46	98	-33	30	38	-59	-100	10	-88	-70	-14	57	44	-41	-49	-68	-50	21	-33	-18	69	75	-4	45	100	78	100	-69	-50	-73	-19	-81	-17	55	-19	-90	3	-2	2	94	-99	-96	33	-3	-10	53	29	-25	65	-93	-39	17	6	-96	-16	-15	-26	96	75
50	-34	73	-8	-63	-82	-58	-90	37	-9	-27	35	62	2	-81	-13	69	82	-19	75	96	90	-12	-34	83	63	75	-37	91	-80	-73	33	70	-44	-57	-54	-98	-62	82	-33	-100	55	58	6	-94	31	9	44	62	-52	-37	22	-62	13	13	-64	-30	-64	-40	-98	-52	-17	-26	-58	-50	16	17	54	49	90	35	-7	64	98	-82	10	85	-4	-21	99	-87	98	-69	46	25	51	-83	-18	87	-93	-47	20	84	-76	-8	-43	22	-6	53	76
-22	32	-68	83	-3	7	98	-83	89	-47	73	100	-52	47	62	19	-13	28	19	-90	-31	-67	-73	67	63	-53	27	-56	100	-73	-76	-80	97	85	53	-95	-20	56	40	71	84	-3	58	50	-96	53	-36	-96	-47	-50	-77	-69	-34	-100	6	-15	-62	35	100	84	-61	-95	-37	33	-77	64	94	67	60	-70	87	42	-21	17	72	77	9	-49	-25	-79	22	-43	94	44	-41	27	-20	-36	36	33	32	-16	4	46	20	-43	-73	24	-79	-18
16	20	-99	20	53	-91	8	58	-62	76	32	-21	89	-2	26	29	-4	68	-39	1	16	-76	15	-49	-19	86	-79	1	-52	-47	-48	-69	1	71	-95	-3	71	-48	41	-61	-41	70	-71	48	-86	-20	20	40	-31	-27	23	68	-21	-79	-93	12	41	22	4	-59	-42	0	-31	-70	-31	-12	-59	-40	79	-81	28	90	78	16	-8	58	-1	-2	40	-50	-88	73	-97	-23	38	-56	74	-45	-84	-7	56	84	18	61	-57	40	31	21	2	-90
100	55	36	-12	80	-39	97	48	-90	-5	65	3	-54	-41	-55	58	-40	77	63	-91	29	-40	10	-49	29	37	33	89	-53	-38	-60	-99	51	36	0	-2	-19	31	56	-12	58	-79	23	-92	62	0	-47	73	31	56	-90	81	-41	7	96	-85	-16	-86	66	-90	22	56	-16	-69	-57	91	37	-53	-43	85	-41	75	-1	-20	74	-80	2	46	-49	-85	88	-44	99	-27	62	-40	-16	-59	89	35	24	-11	-1	58	57	30	-77	56	-90	-72
-56	-97	28	-18	-64	-100	-24	-38	36	-64	-27	-77	3	-77	-84	-84	51	76	-52	-57	91	-3	2	-55	29	-2	-79	16	73	-89	-47	67	91	96	-48	96	-13	50	79	39	-80	-85	38	63	-61	60	-38	52	1	-14	5	-20	-1	65	-10	-19	-27	-59	-20	-38	47	-73	-21	8	5	77	-6	-33	73	94	5	87	-87	89	-80	78	42	76	-98	-25	54	58	-95	83	-3	-29	-9	-97	-93	-100	7	81	59	67	28	75	-75	-86	-20	65
0	-94	-30	-70	-33	86	-51	-18	50	-37	-53	84	-30	77	25	-61	-84	100	-98	51	84	60	-76	34	37	80	96	-11	-60	41	-11	59	0	88	-11	91	68	-15	20	-87	35	-45	-56	-88	-39	60	-80	-43	45	76	35	-51	62	57	-69	-66	-35	100	50	31	88	95	-98	98	0	-79	41	83	32	13	1	26	4	-14	-72	89	79	-62	58	63	32	-71	38	-100	-87	-59	37	-67	-38	-82	-79	80	86	-17	-73	100	66	80	-21	-78
89	38	93	13	-6	-8	-100	0	-69	42	-11	9	51	-4	37	-67	98	-48	38	-41	17	-39	-36	74	67	-75	-42	66	45	21	42	67	20	-79	3	68	90	-84	-98	-47	-63	-56	40	70	-41	-73	-42	-27	-4	-7	-83	-76	82	-25	-2	83	65	-28	63	24	-27	-16	-53	84	41	-63	-75	56	-52	94	-64	-84	-68	86	92	98	-92	63	-23	41	-18	34	11	-35	-18	-69	18	-29	-89	-82	-85	5	10	7	-41	80	38	5	7	15
35	-13	19	-70	62	-8	65	-13	-48	89	-24	2	-10	67	32	77	15	-73	-52	-74	-86	27	-78	-17	94	-43	21	-26	30	-26	74	0	-27	45	-14	83	31	-83	-55	-1	95	-84	91	-61	-23	16	52	4	-7	12	83	-23	-77	-3	-12	97	1	24	23	-86	-5	-33	-34	-8	62	32	-11	57	-94	80	16	-75	-30	99	55	67	33	-29	-7	-60	-63	72	33	-91	-41	33	0	-56	-62	-48	-41	-80	33	-45	-23	7	-25	-19	43	-33
4	-78	39	-85	99	-29	46	-75	-54	54	-77	-2	80	-44	83	80	-100	-13	53	-31	41	-38	36	-26	-79	-98	50	-97	-44	-3	-33	83	13	35	-69	-78	-52	38	-9	90	-13	70	-96	-54	-4	60	44	-69	-56	25	48	-27	71	16	-59	45	-40	41	-82	-22	36	-94	-20	-60	99	-23	77	41	-75	88	65	-57	-54	73	-84	74	-7	56	-41	-87	-95	14	98	37	-79	38	7	-33	-85	-48	78	21	-30	-31	38	-2	-4	16	-23	-22
86	98	-16	60	65	48	37	0	91	-45	63	-88	4	-85	-14	68	62	-78	-19	-82	-76	12	-74	-12	6	-54	98	-63	50	-54	62	-94	-95	-34	44	-30	74	29	-56	-26	86	18	59	-79	-47	-70	88	-78	-65	-39	77	-4	-67	-35	-83	-29	-65	-6	-24	88	46	-19	12	-1	-98	30	-58	-13	9	55	10	53	-69	-84	19	80	39	-47	40	94	-69	5	27	-67	78	3	27	63	-56	79	66	95	-31	-11	-59	-71	-48	-20	-95	42
77	-37	-81	62	-13	24	-19	44	-89	94	-9	84	-19	15	66	-79	87	66	93	36	12	-88	-84	-68	-91	72	4	-26	-85	33	82	30	-84	83	-67	-81	85	-94	47	82	80	-100	-11	62	2	36	88	-60	-55	-16	-32	-100	72	-27	50	72	-40	54	56	19	-79	19	-53	28	-79	-61	-72	11	-31	-89	60	-92	-2	21	27	-72	-62	-6	59	-91	15	56	-28	-19	9	-53	86	64	9	-33	96	72	34	-56	-84	-32	-73	74	96	83
-79	-11	-61	-43	11	-4	-63	31	22	0	99	-12	70	-42	10	-33	-35	60	92	-81	-19	24	76	-94	34	-41	82	68	99	5	92	53	15	-7	-42	-11	81	-89	-58	65	70	9	48	38	83	33	-1	72	24	-98	-43	-63	-12	-77	61	34	36	75	-19	78	28	-91	22	-39	48	-10	-27	-91	-77	79	28	93	-40	49	64	-42	-85	-31	60	12	49	51	9	-55	25	61	-98	5	-65	92	-62	84	47	23	88	-23	-52	51	-60	-59
32	-28	12	-88	-41	81	24	66	18	40	-31	96	22	-91	75	-29	-38	-91	40	42	84	-78	75	79	62	6	54	-89	81	-49	35	-24	-40	76	-23	0	80	75	-20	-46	-29	95	-27	-94	78	-93	-58	-57	-12	-16	-19	7	47	-43	76	16	63	84	-54	65	89	-88	-34	61	-12	100	-81	-50	52	93	54	-73	-12	-47	23	52	7	-32	93	46	-31	55	0	45	-61	5	-50	-12	97	-94	-48	42	44	73	-36	64	7	-30	39	68
79	-75	-93	44	54	89	-15	-95	22	-48	7	-53	51	-43	90	-46	49	-40	6	72	69	33	-84	35	73	65	26	91	-98	-39	44	-92	57	77	13	-26	24	100	92	54	86	74	-63	71	-22	-48	-49	65	-96	29	39	25	-54	65	-56	22	-56	-68	52	-61	67	85	-23	28	99	3	-49	-4	65	62	-92	1	-49	45	-40	-6	27	49	-28	-79	-92	-77	-26	-81	-93	-16	-52	-47	98	-35	-92	86	-65	57	41	98	71	-18	26	-69
-33	32	86	-20	76	89	-47	-64	29	-34	-88	72	42	66	-46	-93	100	-34	-46	99	3	61	25	-41	-54	-83	4	-60	50	45	-52	43	-28	40	-16	-20	-13	-50	-43	-42	87	40	96	85	72	19	6	46	46	72	46	66	88	73	36	57	-72	91	-95	-83	-80	68	-32	90	-11	-72	-61	-10	-60	-48	-14	44	-60	40	-13	2	-54	-7	19	5	-32	15	72	52	-89	-70	-11	59	25	76	0	-80	60	-39	11	-12	-86	46	-43	-31
87	87	-8	-16	-31	-65	55	20	-82	-73	37	26	12	-34	-34	-24	-72	-80	-34	-4	85	-31	72	49	-62	-50	49	-69	24	65	2	66	-87	-83	-23	60	-40	97	-36	-57	-80	-23	15	91	99	19	-56	-75	84	77	0	68	-9	-98	-79	41	44	-66	16	49	84	28	11	65	17	1	-85	-23	-5	33	66	73	13	-45	-2	-42	-51	28	53	-6	60	15	23	1	-98	-5	86	29	91	-81	-96	5	-54	-20	-90	-10	-73	22	55	-28
99	57	-31	-60	-54	-93	-24	-41	51	-23	12	24	0	12	14	26	-17	100	-52	-1	55	4	77	-79	20	-72	-1	-25	51	-57	-20	-15	12	73	77	-76	-78	52	70	88	-57	-63	15	65	-70	33	-100	35	-94	-17	-49	-54	44	18	-62	-35	-4	94	-67	-76	-35	-79	39	38	-66	53	41	-42	4	-66	71	94	59	39	-93	40	-81	-54	-66	65	19	-21	47	87	-52	-17	77	-66	-94	-1	-77	-73	22	-12	65	-57	42	-3	48	79
36	-81	86	59	-95	95	-27	81	-80	-96	86	-90	59	27	-67	-27	38	-48	2	-30	-48	69	86	5	27	-35	51	11	-72	-51	7	-82	70	93	18	1	80	2	-53	-69	35	64	-14	-4	54	90	-65	34	-4	-27	-84	78	3	50	68	-2	-22	10	47	-27	51	-61	3	-2	-13	63	-94	-29	-66	78	14	-66	51	-78	-76	-51	100	-17	-80	-93	-82	-14	90	26	77	-56	93	39	98	15	-71	-28	-38	98	-56	-87	-14	65	80	-5
-23	-32	34	-41	-85	46	88	7	83	44	59	66	70	-39	79	-27	25	2	42	-51	37	-35	-74	-51	-43	-74	-63	46	35	26	34	92	-17	-50	-81	-49	-16	67	-82	99	59	37	82	79	-19	57	-8	13	5	30	17	18	-59	5	46	-15	78	-32	22	92	56	-46	-43	-44	7	67	79	-49	-57	85	-14	-22	30	-89	-67	51	12	31	52	19	100	-94	89	33	36	85	-39	14	76	61	-46	-64	56	29	68	99	52	21	35	38
-35	-59	26	-11	-64	15	64	16	69	0	0	14	42	-18	-23	-87	-63	-74	26	-24	75	-77	-21	16	-13	92	29	59	6	90	90	52	-89	69	8	-13	-79	27	62	-17	75	73	70	54	38	66	90	77	81	-70	51	90	-42	-54	-76	-3	45	-100	31	-100	-14	16	-25	14	-65	-51	75	88	47	67	98	-3	10	-30	3	51	-83	99	61	-80	-31	32	43	47	57	-13	-9	-79	-53	43	-37	69	-34	71	-35	21	-29	-42	-24	-47
-51	-47	58	90	-90	79	54	6	10	34	-47	-23	18	17	85	25	58	-39	10	-35	-68	-55	-34	57	-31	-56	87	54	5	66	-96	-94	44	-82	39	-34	-57	65	-88	-31	16	74	-84	-63	69	-36	2	17	-95	66	-48	9	-62	34	17	97	55	39	8	-50	-88	73	-85	32	91	-75	59	-91	-47	67	-99	-52	16	26	-81	74	95	-81	-92	87	15	51	-88	54	30	74	-61	-65	-52	-43	-15	-99	-29	89	-14	81	80	81	-1	7
