70	46	-32	-8	-26	68	83	-84	-79	52	17	-32	46	-25	-98	-55	-19	2	23	33	97	13	-98	-82	2	-85	-17	-95	45	-79	77	-18	-13	-90	-29	-2	31	99	-53	100	-41	-77	22	86	-77	67	-8	45	-38	-84	36	-57	29	-72	-5	-5	90	56	-36	-19	-68	-45	5	-2	-30	-96	39	-98	78	-54	-5	-45	99	-80	-60	16	-92	-52	100	-96	88	59	-44	99	-72	-62	-29	-72	-93	-41	-24	-47	91	4	-98	9	-84	-2	5	-59
95	30	-59	75	-24	65	85	94	50	26	-87	59	-50	-19	-29	-16	-94	-97	-12	-95	96	46	56	83	78	-64	64	-5	96	8	-12	90	-18	35	-37	-81	37	-80	66	-11	78	55	2	0	-40	85	89	45	-1	-53	97	31	-1	-53	-78	18	-94	-40	58	-79	56	87	71	13	-52	-64	-76	87	-57	-18	-20	89	-12	40	34	-62	-66	-55	40	95	11	-62	-26	81	55	-30	-46	86	-58	-35	-72	25	12	93	80	2	45	-71	-71	-27
-35	-86	42	43	-23	-75	-67	81	68	69	40	98	-34	-34	47	-70	-89	-83	15	51	39	-8	-92	23	-62	-63	22	77	-8	-72	-70	-98	33	23	94	-48	-53	-25	-31	-39	-24	6	8	88	-87	47	72	61	89	44	86	-92	93	0	-69	18	35	27	-10	-84	48	-48	-53	51	-8	28	-48	14	-4	76	37	-57	61	37	99	40	-35	49	-93	72	-73	74	73	-98	51	86	-44	4	-41	70	-29	-41	45	40	-32	30	-97	22	6	81
58	-11	23	35	78	-23	-92	59	22	-20	72	-27	85	-92	-63	62	-8	55	-37	96	52	77	-23	100	-64	-39	15	100	-3	44	-69	-43	22	100	-57	2	-58	62	-1	-29	-83	-2	22	78	30	63	82	8	-14	-63	99	3	4	-17	14	44	-15	-78	-72	18	19	9	-89	96	59	-76	-6	-36	-51	-47	83	28	-87	57	-25	-82	92	-41	-98	24	-40	-7	-19	61	-56	-73	18	-69	-36	-29	91	-69	-66	11	100	-31	88	90	-8	-17
71	53	-24	12	67	-3	98	3	81	82	-78	-20	-13	96	40	70	-80	19	-4	-39	91	-44	37	57	-29	-94	47	76	93	-46	58	68	-45	-64	58	-7	-56	87	33	95	65	83	-34	95	9	48	78	-37	10	87	-63	6	-20	22	86	-23	-70	-97	30	69	-50	45	-8	-35	-36	-49	-37	52	-22	18	-75	-49	27	-97	70	-76	-15	79	-80	92	-10	-83	-71	-57	2	-48	-93	16	18	72	72	-40	-42	67	61	83	79	-12	-38	-8
48	-39	-52	92	0	-75	-64	63	-79	-43	-47	-72	31	-13	95	50	-29	-31	-65	21	43	-18	-45	93	-35	4	53	79	30	82	-81	31	-57	70	-52	-13	46	94	34	-54	-97	50	-6	-72	-60	-38	-53	-55	46	-56	-57	-85	46	-98	85	-84	47	20	-72	27	-40	20	46	-83	11	-38	19	21	29	-82	41	-43	18	86	-24	-37	-44	-96	42	32	-3	-93	-88	30	-39	-42	-94	-10	-5	24	25	-56	-36	-30	-70	-50	49	71	48	-47
66	41	-58	27	-96	-40	63	45	-60	-26	-36	59	-71	-43	9	-44	91	-1	6	58	58	-27	-97	21	24	-21	79	37	8	82	2	-55	74	-57	-62	71	72	36	66	39	60	-33	43	27	-18	10	41	-69	-19	42	-100	-82	-56	-28	36	2	-46	-57	-76	59	-10	9	46	-3	-15	32	-6	-71	7	-58	73	-3	11	-44	60	-46	68	7	-98	2	7	74	60	35	63	-17	2	-10	-97	59	-68	-62	-66	-91	-5	15	20	59	-83	17
31	65	-53	-8	-5	96	52	69	1	90	62	27	98	41	-72	99	2	32	39	-71	-38	-38	-86	-27	-32	17	-27	97	65	-8	-79	69	7	4	87	30	-88	75	3	-91	41	13	-29	-44	37	-19	35	-58	-55	-83	-37	-98	0	10	59	88	-48	8	72	-66	-89	2	58	49	2	67	68	88	-20	-72	97	-4	-76	-16	67	-44	23	78	42	98	-70	34	29	0	-81	38	89	-86	50	85	-84	19	-60	89	66	18	-71	67	-36	15
-80	48	-59	-22	-6	92	-30	-9	-3	-68	62	86	12	71	55	-6	10	73	90	-98	26	-12	60	-22	99	-61	87	75	9	-37	1	-32	10	91	35	83	-23	32	-34	-59	30	-20	83	-81	-41	-53	88	-16	-59	17	-90	-49	-13	57	56	88	94	-15	39	-51	65	25	91	-16	58	-23	29	-46	20	57	72	-82	32	-13	19	-35	-43	27	53	49	7	56	-97	-13	-7	-39	89	-56	-59	67	27	26	-42	30	-14	-83	-9	70	-1	9
-34	26	-67	-69	54	-97	35	4	54	45	41	-97	-8	-95	50	29	27	-56	17	-42	96	-28	87	1	69	-83	-11	-80	90	93	85	-40	17	4	57	-13	93	61	16	-56	94	48	-57	-58	-34	-42	85	24	-85	16	13	-68	20	-58	59	79	90	7	-67	-42	-4	89	-11	82	-47	-81	-5	-59	15	-40	-6	-22	-35	89	-53	50	71	-19	-39	-62	-44	80	60	-23	-47	88	-16	83	52	-63	84	59	89	-22	79	-19	35	37	-54	-75
16	-65	-78	-14	-38	-17	-74	31	-85	-34	-58	-82	60	65	-69	-4	-12	-95	86	-58	-76	99	-9	-74	42	36	6	5	-56	-64	94	73	-44	17	-51	-66	94	-51	9	30	-31	72	66	-77	76	10	-97	13	-53	8	-41	-8	55	33	-82	29	-43	-29	22	50	-73	14	-80	-94	15	-1	37	-98	40	82	-87	-90	-45	-92	82	-29	-15	47	77	-34	86	-74	-91	-71	-85	-83	66	9	-33	51	17	-77	5	-24	98	-44	86	66	-74	-68
-11	-88	-38	-88	75	81	37	-97	80	15	-100	6	-77	91	-16	-77	-93	30	-50	83	-68	13	75	-18	98	100	-81	20	52	32	-54	35	30	76	70	64	-96	96	84	51	-82	50	-95	-64	-82	69	63	74	-37	-3	60	-7	-2	75	-32	-57	17	-91	18	22	-82	-8	25	-69	85	54	-11	-45	-44	84	-50	-22	-54	22	-13	65	-87	-58	28	67	-5	-45	1	-79	-96	-61	-1	90	36	19	64	-58	6	80	-69	-53	82	-5	82	-32
-41	-33	-10	-79	69	-97	43	25	-34	-3	-85	5	83	-39	39	50	-60	54	-97	-58	16	17	18	-81	-44	-8	-78	-33	17	6	-99	-6	-78	-27	-35	84	-27	69	87	2	18	-65	24	62	1	52	10	-59	-29	-43	-81	-59	-81	3	-38	88	-12	-59	34	-43	-92	-30	43	52	-17	79	51	-58	-88	98	-78	40	-28	3	-98	-34	13	-69	-82	-20	52	-25	52	2	77	-74	37	2	-54	31	-25	-67	89	86	-45	29	-22	-26	-30	-31
8	98	82	78	-44	-81	-26	62	-90	-86	-17	28	-4	99	54	0	34	-33	47	56	70	-17	-34	-25	82	82	76	73	3	8	-67	89	-84	-27	-28	-9	-13	-10	17	-2	95	46	-15	66	-32	-35	14	94	-83	-25	-60	-94	-65	44	71	-27	-64	-51	-74	-57	-84	-12	93	70	91	87	-76	-52	-51	90	-20	-3	28	-82	34	-46	34	-2	-87	31	-59	96	43	-9	-8	96	98	62	-23	-90	-56	-13	-26	-24	89	-96	-74	-50	31	71
-8	48	30	-100	-73	56	-77	60	93	-83	70	52	-79	0	63	84	-15	-33	-23	36	51	-13	-17	-97	-84	99	-12	-73	-51	-67	46	11	64	49	100	-67	55	52	29	8	-69	-97	9	53	-68	86	19	-59	-25	3	65	-9	72	-61	-60	-21	21	-68	-1	0	-47	-68	-91	-96	47	53	64	8	-48	34	1	60	68	6	-78	-22	-42	-59	55	-21	60	-18	71	85	-47	69	28	-19	-26	-46	-29	53	-89	-46	43	89	-75	-79	-65	90
-74	37	83	-83	13	18	-15	81	-68	-67	-7	48	48	-79	33	14	-28	-26	14	-60	-93	60	11	-41	72	56	-47	-43	-73	9	-54	42	-47	-35	47	34	45	-32	10	-41	52	-2	-28	11	63	53	-29	-71	-33	88	13	87	-4	32	-71	16	85	-21	-24	49	8	75	4	79	-94	-81	97	-66	-79	56	19	-80	-21	-84	6	-46	-30	28	-23	-22	3	-92	22	-90	84	22	-43	-50	-80	-18	-53	73	15	-95	14	8	-81	-96	41	-47
16	2	-31	-27	34	-55	93	-97	-66	51	-52	33	-73	-56	8	11	65	40	85	-15	-92	-52	62	-11	18	61	25	-88	29	17	-88	-8	56	-75	-63	-81	-53	-67	74	-13	69	56	96	17	7	1	-98	24	77	-48	11	-32	46	-20	-48	46	7	-43	35	7	-62	71	-32	23	12	44	-16	79	-26	-26	-55	-26	37	-33	-81	64	94	32	-33	-15	70	-69	-55	-65	-54	88	-26	-45	38	67	-73	97	46	51	19	81	53	-66	20	19
-75	56	-32	-71	32	20	16	63	45	-34	90	53	-81	49	-60	-88	-70	35	91	4	-12	26	88	-11	27	9	-71	-35	23	-92	60	-34	-72	24	-11	61	61	14	94	-76	87	-1	73	50	86	32	53	68	-35	13	9	-66	61	-30	-20	25	75	-14	-46	98	-9	86	-57	60	9	10	-34	4	5	-95	98	6	27	4	-18	-37	-8	-76	-78	46	35	94	-53	46	-53	-59	-25	-44	65	-94	53	41	28	-11	-85	34	-38	42	66	-73
54	10	-74	61	-59	-54	31	-91	12	82	26	-86	-34	18	-26	86	81	-43	-6	-8	88	61	-20	42	67	-44	-54	-76	26	-93	86	-41	77	75	16	0	84	-53	-37	55	17	-12	55	1	89	-51	-14	-48	-52	89	-43	-72	92	-3	13	-84	48	-31	25	-20	-69	54	-51	19	100	-76	-81	-14	-64	18	-12	24	5	54	97	87	-93	-1	-27	23	-20	51	-69	-7	69	1	-64	70	68	-87	-52	81	23	65	-57	80	-66	-92	-77	46
83	-92	-24	32	82	-50	-89	44	-97	-74	18	66	-12	92	38	-51	-31	36	46	79	43	59	92	-44	100	71	7	-33	-89	76	47	18	65	39	-52	-95	-61	-30	58	10	62	-60	4	-68	-95	-89	53	-81	57	20	-24	-51	-78	53	56	63	-81	79	-60	-57	-15	-79	-73	-22	81	-92	-45	90	53	98	-69	-53	-54	-45	39	-17	96	-24	33	-40	-23	42	-94	-34	-49	73	-65	87	60	-78	74	-87	-48	-78	-1	-48	47	77	-44	45
-92	82	-94	-36	91	-78	7	13	-9	84	65	-22	-78	72	34	-7	-45	-17	90	25	49	23	38	-28	-54	95	91	52	-59	53	20	83	-33	-82	90	-79	92	-6	-93	-37	-6	-30	-86	-88	-58	75	69	-27	90	-91	69	-51	51	-77	-36	-26	-47	29	81	2	79	-31	2	49	-56	66	42	-7	70	-51	9	-78	-5	92	-90	40	64	0	-49	71	80	31	50	49	-36	-37	22	41	-12	8	-20	-49	1	-74	30	56	-67	28	-27	-80
-7	-24	94	0	-100	73	-81	-29	-23	14	-98	27	-54	-41	14	26	-91	-5	-21	45	-70	71	-13	-98	41	28	-22	-62	63	34	-19	-74	-80	75	-14	11	14	-7	36	97	-51	36	-36	-29	6	50	-7	-26	-1	28	30	-51	78	-12	-99	89	33	66	47	-8	58	-26	6	-3	-64	27	-3	-51	-22	23	-82	9	-86	-64	-53	50	-13	55	97	-6	51	34	1	-44	93	-28	90	15	64	71	-28	56	-64	76	-13	8	-45	32	29	85
60	17	-10	74	66	-74	79	-11	44	-57	-43	-32	-99	87	-64	40	70	-48	-100	5	-94	0	18	-91	-26	-56	92	-82	47	-56	60	-23	-52	-94	-83	-39	29	-9	-10	10	23	-34	31	-78	-12	43	56	40	77	83	88	-87	60	72	38	58	-82	-40	47	-62	-50	92	-17	63	-74	-39	40	-22	-21	-52	-39	71	-8	76	-63	28	-85	34	16	-100	59	84	-61	17	96	-52	-10	85	61	93	23	19	78	34	-13	33	99	-49	46	-21
-3	-92	45	-35	38	87	-20	-65	-90	-94	-19	-81	41	-84	64	64	12	-28	23	34	32	4	54	78	-22	-33	33	51	-96	84	-4	3	-44	32	69	-41	14	-100	45	-3	-47	61	-90	-89	76	-64	35	-42	-32	-92	-95	-82	24	-11	-14	-73	69	-14	63	-74	-22	71	-87	-84	68	-58	-12	39	-70	-80	10	-94	-72	66	-4	92	23	82	19	-58	11	56	-86	-56	76	-92	-54	49	40	100	-8	-71	74	44	-19	-98	-14	67	-6	57
25	-54	-81	-38	98	-36	83	56	-58	76	-81	-36	-76	58	84	-31	-18	-88	52	63	76	89	76	74	58	-19	-47	57	57	15	-20	100	72	2	-73	-12	89	-75	-5	-88	20	-41	99	54	48	-21	-35	-61	-23	-30	51	-90	-100	31	94	-72	-81	18	-24	-81	-98	69	-63	21	-6	43	-78	-66	3	-69	75	-17	56	-81	65	34	-6	-20	-52	88	94	51	-22	67	25	49	34	-65	-19	-78	95	41	56	66	-88	33	21	-29	74	10
-87	-28	62	-75	-7	-29	51	7	74	-29	5	66	26	10	83	-18	-63	85	-90	-54	68	-7	75	-95	-43	-26	2	82	-14	34	61	5	-78	63	40	-7	-17	80	-87	-68	81	-64	2	45	-8	9	83	-57	-14	-14	27	33	0	39	-56	84	-8	-31	4	-74	-45	24	96	56	65	13	21	-56	65	54	91	-80	-2	61	-85	-31	55	-10	51	-17	91	76	-54	-16	65	-53	23	76	20	-87	-64	-68	-98	69	-33	-84	98	64	59	28
-48	64	-17	-62	28	100	1	-44	15	-79	-15	63	37	-89	88	33	74	-21	59	48	-39	-53	19	3	5	-40	99	-23	97	97	62	-8	-38	90	33	-26	16	73	-26	-27	-51	-32	-39	0	-3	-23	47	31	-60	-45	86	-17	-48	-79	98	-71	-49	62	-1	83	41	32	59	-70	-95	-77	50	-59	10	-72	-2	69	68	-83	-99	-9	17	-47	-25	51	-68	-33	10	-93	-20	-94	98	-86	16	43	-64	-97	-8	-47	16	1	61	-3	-68	8
-62	37	48	-22	65	-48	-96	-37	-61	-81	86	-25	16	58	-63	-89	2	-58	-46	-73	84	31	-31	60	-9	-59	51	17	-42	-3	16	57	-47	-77	-22	7	-67	-38	27	90	49	-86	62	57	-45	96	15	95	-49	93	28	5	56	-23	27	-48	31	-44	-77	-11	-50	-18	33	37	56	11	-18	88	-48	-43	37	-27	94	-86	-80	-28	71	-72	-56	-13	90	-38	-42	-50	-4	-50	-55	-12	-1	96	-52	-67	100	55	24	54	-55	-63	-49	-33
-32	-94	13	99	97	-72	-7	52	-75	-10	39	-8	-95	-89	-35	-46	-89	21	-66	-59	84	-48	59	-91	74	-87	-64	23	-20	69	75	-68	-19	6	-92	58	-10	47	79	-15	-32	-42	37	11	-63	62	-31	-23	37	-10	-66	-64	-26	39	-41	-28	-20	2	4	45	-94	-65	-12	-97	-31	97	31	83	-81	-17	-84	-71	59	99	81	8	-68	29	-88	-80	-76	14	74	-15	-33	48	-58	-52	26	-43	25	47	-96	87	39	-77	-90	-12	62	-68
93	-83	72	38	-24	45	26	-15	-88	-37	-8	-83	-42	-99	-8	-89	52	54	-50	16	10	-87	75	51	96	8	40	-85	78	81	52	-58	81	-88	68	3	-64	-76	-16	39	-48	-53	-51	-54	35	-7	8	10	33	-47	-98	20	5	-93	99	-42	-13	-60	-96	-92	90	38	62	42	90	-20	-44	46	56	34	1	70	-32	-80	84	21	-82	25	29	85	-8	15	-22	-60	72	-76	-5	-95	14	26	72	-18	0	13	86	34	41	-33	94	4
52	75	-4	3	25	51	-62	32	-4	-41	6	-61	42	-47	-15	9	-46	-39	100	99	45	-2	72	76	-61	-21	-43	41	69	92	33	-63	60	0	74	-57	-88	-35	51	-1	17	-45	21	-79	73	46	-94	48	72	-26	73	-19	42	-29	75	-81	-19	72	-62	-32	83	-21	-30	80	35	-77	-46	-22	-13	-41	5	-73	74	69	-31	84	-47	50	92	-51	-25	15	-69	-10	-5	-7	69	-45	-95	43	8	-86	-73	17	-36	-52	-81	-69	46	14
-80	-58	44	-93	-95	-26	-95	87	-28	-16	-99	-61	-27	-59	63	52	75	-73	-97	-52	26	-79	65	-81	-82	40	50	49	35	-27	35	-94	-54	-86	-69	-40	-81	37	-28	48	90	-97	76	47	-67	-68	-97	-75	32	-17	93	58	15	83	39	-10	-2	72	89	-88	-98	-49	-49	-42	-60	-27	-61	-14	-34	-97	51	51	8	-4	-15	-30	-32	60	-91	16	-28	29	-42	-25	18	42	-82	-99	33	42	-50	-52	-92	-95	7	-44	26	77	-27	-37
76	26	-86	-23	-13	36	-76	-86	3	-61	48	88	46	20	94	97	26	-51	-33	100	7	34	100	-59	85	-73	52	-98	95	79	73	-12	-15	-92	40	-24	-41	69	93	74	51	-32	-74	75	97	-77	18	38	89	-36	54	100	53	65	-42	-59	43	-50	-6	-21	100	-13	-19	-32	-62	26	-80	12	31	84	3	5	33	-71	-53	-48	-27	-58	74	57	22	79	-45	-13	-4	-69	100	-70	-79	-82	42	53	-19	-81	-67	71	-38	20	-29	12
-6	84	36	-55	-28	69	-38	-60	-83	-4	-39	30	54	-39	-26	-52	63	-22	-85	-75	24	-12	51	-20	3	27	-13	-64	-10	69	-93	-40	-65	-24	69	94	55	54	-48	23	-39	3	89	82	-64	63	-84	-46	34	56	-30	42	-84	-33	29	94	84	5	-70	-85	-68	-15	50	42	91	11	-36	41	96	10	46	-67	-55	-97	-95	-7	26	-86	97	-55	-37	32	-74	55	-46	45	-34	34	43	7	28	-92	-39	-42	-58	24	81	-34	8	-7
-89	-63	-85	-73	-73	95	71	17	91	-47	24	-88	-65	-8	71	84	-68	88	34	-51	35	-14	5	-51	14	18	28	-17	-73	-14	90	16	23	80	-34	97	-74	83	95	-94	17	36	-23	-51	-58	25	-97	65	97	-44	10	61	19	61	15	50	-52	-87	92	75	-35	85	42	40	-1	-95	34	24	78	-92	-37	-39	12	-13	-69	-6	84	-72	-60	-17	-47	-55	4	63	-65	-89	73	-80	12	-39	-16	-75	-43	-8	98	-71	-22	61	-91	-74
-4	35	-23	34	84	16	74	54	61	-13	-75	53	-69	-66	32	61	75	70	-76	-85	50	-95	47	-88	79	41	56	37	74	5	-93	-16	-100	45	-21	81	79	69	8	66	-21	-43	-93	-25	-70	-41	-43	-90	-96	25	-61	-89	-20	54	36	39	70	9	-26	-89	39	-95	-4	-61	56	100	45	77	-88	-53	-28	15	3	-14	-57	-75	-63	84	91	45	90	55	42	61	-75	79	-66	88	80	91	-3	-29	15	-38	39	-2	-85	-73	32	-14
28	67	-45	-63	57	-16	57	-49	50	98	-63	98	5	73	89	25	-41	-85	-95	90	-10	70	-34	-33	77	23	59	-78	-25	-45	75	1	-85	65	-28	-7	4	-59	75	-74	11	73	47	9	-67	77	-57	59	61	49	-74	18	1	-5	5	59	33	25	48	-72	7	22	-83	13	68	10	-60	28	-33	-33	77	-63	-67	5	41	15	67	-16	73	98	92	15	-33	40	63	-91	-22	76	88	-100	-36	-55	58	50	21	77	44	6	-31	-15
68	28	-89	28	72	-31	68	67	12	-31	-27	12	-49	38	21	71	48	72	23	29	21	-23	-70	-62	78	54	-50	-55	-74	-58	-24	-11	10	13	-75	-85	100	20	-91	24	-80	94	97	-88	-64	97	-35	-8	81	-63	26	-71	-30	-74	35	81	-24	-13	-25	-49	-6	-66	-10	-30	-45	10	-63	-32	-19	-62	-77	-12	-73	-24	-68	-91	40	-56	53	89	1	-11	-34	79	19	58	35	6	-29	-90	96	-1	-29	40	22	-80	-31	-64	21	11
12	-12	-42	-55	21	18	-61	-34	-63	27	0	66	-65	4	-37	-63	-15	45	15	26	26	6	-94	-72	-15	70	-73	69	13	-63	-3	98	71	33	99	-57	71	-1	49	-56	77	-7	-80	33	-7	97	7	22	13	57	27	90	41	79	72	-77	6	4	85	-47	82	-22	-39	78	-10	98	62	-27	58	72	-34	-8	-6	7	65	48	-45	-50	-24	-12	-84	-85	-98	72	-22	87	57	-97	-97	-66	-71	47	-12	-33	-35	-98	75	69	-25	0
69	5	93	-7	69	47	-94	-89	63	-98	-28	19	35	-83	12	-99	84	6	-12	48	-58	-68	-79	-9	50	57	-54	96	-68	30	99	68	-23	99	-54	36	83	-51	86	35	58	68	3	45	22	75	27	-81	1	94	-14	-68	44	1	-71	-37	-86	26	-53	-4	8	-14	-33	-36	26	-24	24	90	0	-48	-97	-36	75	-44	37	-30	51	2	-39	-14	-89	-76	72	29	-91	8	8	96	-32	-97	76	-49	-64	82	-88	69	47	-43	42	35
-53	-25	36	-3	89	100	27	75	54	80	40	47	32	55	-56	-2	-65	86	29	-74	-47	69	70	53	47	-94	-55	-95	-3	-20	30	-80	93	-68	-55	55	-56	4	34	-79	39	44	-8	55	-65	28	-19	91	70	82	-70	21	-51	-89	-79	-23	18	65	-65	-78	85	77	88	-57	56	-93	93	55	-55	50	-49	-93	-92	-41	-62	76	1	1	-87	-54	78	84	-94	-54	88	-23	80	75	0	-24	-85	89	29	-57	49	90	-83	26	-71	-66
65	82	-3	1	15	79	-17	-49	62	-99	46	63	-40	-42	58	48	-13	-80	2	-52	93	-86	-69	51	-43	-30	9	24	-33	84	73	-16	46	-22	58	26	77	38	-75	81	-93	84	4	66	-24	76	-21	3	-90	16	1	-80	19	-23	60	-92	72	28	-84	15	22	23	-18	-62	-6	-39	-47	-5	-34	-6	19	45	70	-76	-21	79	-91	84	20	-8	30	-51	0	-60	-85	53	93	35	65	-36	-48	97	49	-57	8	-81	-59	-50	54	69
-97	-5	-92	-74	2	74	64	-67	-28	-75	3	24	-14	23	44	-77	-39	-54	63	5	54	-55	17	-7	-79	18	-13	66	-39	-15	-33	-17	-29	100	91	-90	-34	-43	-38	29	54	80	52	34	85	77	91	24	97	23	67	40	-100	-58	99	-28	94	-49	-82	53	49	-83	64	-55	63	-87	-51	68	90	58	19	50	-43	84	35	71	-77	-92	-4	53	12	-25	-60	71	-27	34	-79	43	-17	23	19	0	1	-42	15	-13	-94	14	79	11
77	45	-7	-90	93	72	64	-52	-72	28	-14	41	-86	-100	-44	-6	-4	-94	-88	-38	61	-80	92	-70	82	-20	-48	-22	96	-41	15	20	-71	87	-18	24	-95	46	61	-14	-41	-15	35	57	34	30	12	-76	-93	68	35	-20	29	26	-86	36	-1	41	23	-73	41	40	-28	71	-95	-25	-33	100	-97	-41	43	41	-30	26	1	-70	-41	-39	-12	-67	-82	74	50	-26	0	-19	-99	-55	58	-32	88	53	-13	-11	40	-54	-65	51	-25	-36
85	-54	20	77	-24	50	39	28	-52	-1	-23	-100	83	-64	-93	-92	-15	-60	-78	64	-58	-75	-71	43	92	3	-12	89	82	-96	82	87	4	-67	1	-10	-62	-57	85	-7	85	8	-35	93	13	67	47	-35	-38	-28	51	81	-69	85	24	65	-52	34	-49	68	-42	-58	51	49	-93	30	-73	79	58	21	3	-27	-46	-25	42	75	8	85	-71	7	-20	69	-61	-14	-75	20	82	4	25	-5	-34	92	34	13	-28	17	-90	64	-79	81
95	4	-85	96	-95	-45	99	-11	-79	-45	-12	-89	-11	99	34	92	32	-21	-71	-44	-56	-90	25	-92	64	-61	42	86	74	-75	-41	-11	-32	12	81	3	-33	-88	38	25	15	36	78	88	-6	10	32	-80	-43	-97	-73	-17	60	-63	81	1	93	-42	-64	36	-58	-8	-12	95	-67	1	33	-78	-70	-4	-15	-21	3	19	-25	-63	-92	-61	-37	63	-53	-34	-50	-56	22	39	92	98	-5	91	-42	-80	-22	38	7	58	-35	-22	-83	-29
26	-64	48	49	55	62	97	50	73	23	-80	-36	-48	-70	62	-81	-67	-11	-44	29	81	-52	-60	3	4	76	18	54	29	3	70	56	90	-46	52	-52	-82	-44	-2	47	-37	71	-81	90	0	-13	89	-49	-51	43	70	44	47	20	86	84	-55	-18	88	-88	34	12	42	63	-77	54	42	75	-1	4	-72	82	-70	49	71	31	-24	27	-22	26	11	69	0	-79	29	87	43	49	-14	41	-85	-74	45	-77	38	5	64	-19	12	-88
1	5	44	48	-76	-10	92	62	-60	68	-74	25	84	85	-4	15	-71	72	61	83	89	89	-77	64	-45	18	-44	-58	-41	-19	67	2	-38	-18	-8	-17	-34	51	1	86	-44	20	-44	44	-22	12	99	-13	-94	-67	77	19	61	-45	-23	43	-33	42	-87	-7	5	-38	-87	92	-53	-98	78	-18	-38	-45	-1	-37	79	68	6	22	-16	25	40	7	56	41	-11	-39	-15	92	-75	-82	13	86	89	-54	82	50	-28	-17	17	54	36	65
-94	15	38	-56	-70	47	99	19	-100	24	-9	12	-35	-87	-11	-67	-31	6	4	-85	11	17	-55	-97	-16	-27	61	-17	-90	62	-4	-50	-46	-60	-50	45	-99	54	-46	2	44	42	64	-85	99	-3	-17	8	-46	96	-24	48	84	-99	-92	14	82	55	-80	23	-50	28	15	-55	93	60	-20	73	-6	54	74	-78	-20	-41	-89	74	9	2	-26	58	-81	-48	-50	27	90	-86	6	75	-76	64	67	-97	16	94	-60	-45	91	47	-97	-70
23	-62	-76	67	-96	73	55	-64	-93	76	65	74	52	50	-42	-9	-61	-52	-79	-57	65	-64	-25	69	83	-35	-49	-95	-90	88	19	-51	43	-22	24	-88	78	100	-59	-27	-33	71	81	-14	-83	-93	-61	43	59	43	-38	-78	-28	59	97	72	-74	62	12	8	-41	18	-53	-78	84	-92	1	-60	38	-98	50	-47	-3	-4	62	99	-25	-75	22	2	-31	-90	-54	98	95	94	69	71	-58	-31	69	35	27	-23	-50	73	-16	92	-43	-3
8	-72	-15	-99	-40	14	23	53	-79	68	-6	-51	-82	74	49	14	89	-23	89	28	85	88	-71	4	-81	-36	75	30	37	41	57	64	-17	86	-15	-74	59	-18	99	-38	99	-37	88	91	-65	0	0	45	-83	-91	-90	57	-48	13	10	21	60	33	52	-20	-99	-92	49	71	-29	-95	-46	28	-40	78	52	-30	54	78	71	99	-84	79	-50	-5	-96	-1	38	1	49	-37	-58	86	-81	67	-88	-13	-14	-70	-66	48	58	99	25	57
70	-3	-98	45	-46	73	95	-62	79	-45	-88	67	-65	74	-19	57	-79	66	33	-1	49	22	4	-94	-1	86	-24	75	64	-61	95	-23	-41	-33	43	82	-60	-63	6	35	20	33	-22	-51	41	-42	0	93	-69	-52	35	29	-95	-20	8	57	83	77	12	73	-38	4	54	-38	44	48	-2	-90	-65	45	18	-43	2	78	-40	-69	-63	10	-64	89	-17	-15	91	-53	-40	-70	18	8	75	-4	34	65	-44	64	58	83	-90	98	-71	-95
7	43	93	63	-86	-15	1	36	64	4	-100	47	38	89	-39	89	-72	61	0	11	-86	-34	70	21	76	-69	97	48	92	37	-88	-36	91	-57	-48	4	-62	-21	-1	-59	-80	77	-55	-93	-74	83	77	1	83	4	85	64	-75	87	-59	45	-45	-48	88	57	-17	-72	6	-25	44	38	80	-94	-29	-75	8	-73	-41	-70	10	80	-90	0	-14	-65	38	46	81	-70	20	-56	90	-76	57	-20	59	-66	-85	-24	0	98	84	43	-80	40
-29	35	66	80	12	83	-26	50	49	-36	-43	18	81	-84	13	-96	-77	-37	91	8	-27	-35	-61	25	41	-47	79	-52	14	93	98	-1	-49	-76	18	37	64	50	-39	58	-46	58	-3	14	47	39	92	-41	18	-3	82	82	-56	10	-100	-3	-53	67	46	-12	-46	14	-47	61	-53	-81	12	-80	-77	-34	-62	-92	-80	-58	18	-10	-83	84	-20	31	40	88	55	44	85	12	-36	-19	-13	-62	-53	80	-60	11	-44	-6	-60	90	38	49
2	50	-83	-65	86	34	-70	-75	-60	94	71	71	-3	-87	-56	64	44	50	-10	-81	-61	2	-2	-11	-73	67	-75	14	98	-15	46	-78	-89	-92	-8	49	-58	-49	-100	82	60	-40	5	47	54	-4	91	85	-29	-12	7	-51	-98	-12	4	-55	38	-1	-97	-53	79	-39	-7	-53	90	-42	-87	43	77	-20	-26	51	-43	-95	15	-4	41	-65	99	-80	-95	-44	18	89	-70	-14	51	-3	38	77	-81	-98	81	-74	20	89	-86	-31	24	77
12	-63	83	19	-48	5	-62	67	-64	61	17	52	41	85	95	-19	13	-6	-88	-92	54	-29	90	65	-81	44	86	17	36	77	69	43	-89	-33	-41	-29	-82	-8	75	-26	10	33	26	-36	18	100	44	-50	-3	15	-78	-52	-78	14	94	-3	-31	61	-35	90	73	-44	-78	77	8	-85	-6	-93	14	43	62	90	44	14	17	70	23	-16	28	-77	75	26	-86	34	67	-9	-51	-8	33	-3	2	-34	3	-28	-88	-95	-75	10	45	-83
-19	14	1	-28	13	-36	80	36	58	25	52	-8	65	-92	-81	93	77	-30	-20	-6	-61	-60	-25	51	72	13	37	76	-4	54	82	71	-42	-46	60	1	-98	10	-90	-31	-6	-39	79	69	46	-18	16	-72	43	-47	-87	68	63	-78	-33	78	-33	-67	32	35	-72	-5	74	44	13	-41	79	-57	-14	38	-87	-60	-94	95	-15	-2	-41	53	-93	4	-83	-42	-7	20	-68	76	62	-4	45	-98	49	73	23	98	-75	-50	-87	92	9	-15
16	-92	-4	-41	8	-61	-89	82	2	-7	32	-43	-36	69	-54	32	13	-84	-46	48	16	-21	-37	2	48	68	47	-81	-65	-10	-43	80	-64	-15	21	59	-34	-20	-78	-34	-98	82	24	22	-47	-32	-89	-59	14	-59	28	2	75	42	-25	-10	-77	-35	37	-95	-99	54	36	-26	53	37	59	-32	60	56	68	-18	55	-89	53	18	74	91	12	75	-16	25	-47	93	77	-91	67	88	69	58	84	-7	57	37	84	65	85	87	-43	-13
75	43	-30	-67	31	29	84	53	2	-98	-1	79	65	-70	4	54	84	-93	51	6	63	-9	37	-52	-92	63	1	-19	-68	6	40	-66	84	-50	80	-86	-16	-74	-77	-12	-37	-12	-70	37	94	-10	63	12	10	-8	37	96	11	-60	94	8	-67	-79	-97	-90	-8	7	-59	-41	29	-95	-57	-29	4	84	-87	-38	-78	-94	-85	98	58	-68	-86	-51	-47	55	88	-84	12	-67	88	-98	38	87	-29	-84	64	97	-44	98	73	21	-9	-90
-71	91	0	88	-45	55	-99	31	-60	33	40	-35	-52	-81	52	-23	-25	84	79	-49	19	-70	-35	79	92	-77	-59	-19	-37	16	-50	-16	-68	-22	86	85	-92	-18	53	-87	-76	81	-93	-29	9	-54	94	7	-4	44	-78	31	-94	5	-21	31	-48	9	-37	64	67	-48	5	-91	35	8	89	25	34	40	-4	-89	34	-38	-77	-40	79	93	-94	-29	-82	-34	17	33	-84	-73	27	-19	82	-55	44	-90	76	27	-4	23	3	8	94	-29
7	34	-8	-58	-41	96	100	62	85	40	-96	18	-78	66	-15	23	-11	-98	-22	-70	33	39	53	-79	43	-8	-90	30	-97	59	53	-4	75	-59	17	64	85	67	-81	44	-82	15	-46	12	-83	-96	17	-15	89	71	51	63	-38	-98	13	42	-5	-28	-30	31	4	-2	-94	16	43	48	60	-98	-35	-23	58	50	42	-39	45	-12	-50	92	-59	-12	-78	-38	-6	-52	81	93	-82	-93	-15	12	-73	-92	-51	-40	35	-89	-2	-61	45	-60
89	13	94	83	42	-97	72	-55	79	68	-7	-50	17	39	-47	-100	-54	61	-37	-74	39	-24	74	-66	89	-8	29	16	45	-6	-9	-14	-88	-38	4	-66	-60	-90	33	-91	-4	71	-18	71	-58	91	68	-40	-11	4	92	66	65	-81	24	-38	-77	-59	-4	-90	-19	96	43	65	56	-61	-17	-46	4	-49	-35	41	-80	-62	-45	0	36	-50	-54	55	-6	-91	28	-54	39	94	-63	60	66	22	24	16	-8	-8	-31	59	-69	-65	56	-52
-56	-87	55	-18	10	-26	-23	63	7	-76	-16	97	57	65	63	-28	-45	-60	-55	33	-74	-85	11	3	91	16	-24	-22	13	-72	-6	11	52	-46	-89	61	17	-7	-30	38	7	-93	41	-6	-1	83	-20	20	-15	-67	73	-67	-55	84	-36	-32	-80	18	-36	-50	-6	61	74	-68	-8	-70	-79	56	-66	-58	3	33	64	-51	100	-43	57	25	85	66	65	-76	24	34	64	-85	62	-15	51	-90	-19	86	89	19	-56	-48	-61	-1	34	24
57	-29	-15	-76	58	8	59	-63	62	-93	-26	3	51	-88	-1	16	85	99	91	-53	-64	-48	74	-84	57	-26	-17	-90	-43	-15	-32	45	29	-5	92	29	81	77	-14	-4	100	-90	-8	-90	48	-66	-33	-81	18	-52	-4	78	-27	-73	-29	-57	29	-6	-55	90	93	-67	74	-22	13	34	96	-72	-44	62	21	32	-94	55	-40	-76	-99	44	49	-81	-74	30	99	51	75	-30	14	11	70	63	-7	22	55	76	48	61	36	-52	-23	-92
33	93	86	-33	61	36	-25	67	28	-69	-18	-66	83	-75	-48	69	90	69	-9	-70	56	40	-17	-4	18	-85	62	-4	-3	-79	36	-73	0	-14	-58	77	2	-48	55	-26	83	-72	66	91	-80	-54	-7	50	60	-93	-36	92	70	-42	-68	36	-52	26	-51	-99	14	-47	-19	-87	56	-39	-87	88	31	18	31	-66	-33	10	78	74	98	11	34	26	67	-23	87	52	49	55	67	-95	-35	89	94	-50	21	-13	70	36	-75	-53	-10	98
-89	-18	29	-83	-17	-46	-82	-34	-82	-63	-38	-60	4	11	-10	-78	-61	-35	-63	-66	-61	77	58	-43	-82	-41	-17	-41	63	43	-11	80	-42	-28	-87	-52	-14	6	16	-32	-85	5	-28	53	71	81	-4	-79	-27	-73	-11	93	54	16	-26	-61	-83	-10	-58	90	-99	63	33	-69	-3	89	81	-26	74	-63	-42	-91	60	-54	84	25	-76	7	-79	-49	49	31	-46	81	-60	-72	-22	40	-50	51	-20	-31	9	-94	96	12	77	-94	36	-16
-12	-92	-67	18	-44	-60	44	-73	74	-19	14	-58	-74	-21	41	-46	82	48	78	-11	17	-92	57	-100	-48	79	63	36	-7	23	-81	26	-93	53	41	-52	-76	-22	72	35	34	3	-10	-48	-98	71	-83	-76	97	-16	51	-63	-55	-64	93	-76	53	96	-47	-64	53	-66	-66	-97	-80	2	-60	-90	-53	-51	86	-93	-11	-98	-1	-60	-54	-63	62	-8	86	-74	-38	-19	-100	49	5	85	89	48	-48	89	-91	99	-78	63	90	51	8	53
80	15	-91	19	58	77	-15	-63	71	81	-97	-88	-80	19	-80	34	-74	25	7	72	30	-74	-40	38	-32	-42	100	39	-68	69	-58	28	-71	32	90	-45	-50	73	3	41	-69	-34	-95	-60	-50	-9	20	63	77	-17	-22	-78	39	-96	86	-94	47	51	-75	66	25	77	9	87	53	36	62	-79	71	78	-6	-70	13	41	-6	66	100	9	51	57	31	-64	-6	71	28	-12	-38	-53	15	70	-37	-29	-88	-37	65	-48	74	-56	54	53
58	68	-32	-60	-16	67	-61	79	-97	89	29	28	48	-1	85	-21	-80	78	25	83	-83	70	70	-27	-25	-88	-80	47	-23	-16	-79	-77	44	67	-54	83	-27	-77	-43	-9	-57	-24	-53	-88	-7	95	25	-1	11	21	-34	83	57	-82	-60	-2	-12	57	79	-51	85	-99	30	7	-61	-65	-99	6	-87	96	52	-50	-1	-52	79	-32	-72	-87	3	61	95	-30	91	91	-46	3	82	-41	-32	27	-37	30	-89	1	-82	98	45	-69	98	78
57	28	62	-71	-77	-94	-20	85	36	-18	11	-33	100	49	87	0	-4	34	23	74	24	-32	22	26	62	-4	-41	-12	34	-93	16	-39	-91	-49	72	-98	-3	-99	96	-83	-38	82	0	-15	-54	90	71	-65	-66	-14	71	-5	27	79	-66	35	-33	-39	28	13	99	72	54	14	-67	10	60	27	-79	-92	19	42	-42	-7	-61	-43	-42	90	-64	-68	-27	71	75	-69	42	45	50	20	-40	39	-21	64	32	-46	51	38	-17	47	-8	89
37	-96	86	71	77	75	99	4	42	77	73	33	53	99	-84	-7	-81	11	-74	-4	93	-47	90	-37	-6	-26	63	36	-17	9	30	41	-10	-100	76	13	2	-24	84	88	-5	91	22	72	-78	-9	-49	14	-4	-7	-42	62	57	84	-74	-82	54	24	94	-12	-3	-9	27	-98	27	-93	90	-46	72	88	72	50	75	-76	2	98	81	36	-64	87	-12	65	72	1	-45	-11	44	-53	74	1	64	63	-32	-7	86	84	-72	-86	34	2
-9	27	-95	-44	5	7	-40	-67	33	72	-44	-57	52	16	23	94	-48	60	66	54	71	-32	-27	-46	30	87	-54	93	-55	76	-12	48	43	-65	-99	10	-24	57	-48	-25	-17	17	-10	71	-66	41	14	-95	59	44	-35	86	-56	79	-90	-3	-82	-57	93	17	59	-71	-78	-43	-64	-51	-98	67	-10	0	-1	94	30	-64	-21	-76	66	66	-41	-71	-6	95	0	-60	-68	78	-72	-49	6	-23	19	68	76	43	16	10	-57	34	-87	-16
99	40	68	74	17	72	-92	73	49	24	78	-19	-78	-18	-29	6	93	81	-18	-93	-36	97	-81	-21	65	-13	19	-96	8	63	-20	61	60	-69	70	35	-74	98	69	-49	27	-38	-44	-21	-37	-92	49	13	7	-88	-11	62	1	-62	22	-93	10	-39	-35	-5	-18	-63	28	-75	37	-32	-36	-35	84	74	62	-23	-77	-83	-52	55	35	-3	78	25	94	-99	-76	-45	44	80	-19	80	-39	21	-56	98	-19	-29	-17	-63	47	14	-88	87
-93	-72	-65	-45	-59	64	-46	-19	-27	2	77	29	78	-27	-49	-14	39	9	-87	-79	83	-1	28	76	-43	73	19	31	8	-26	52	86	-85	51	-91	-77	17	-1	57	-14	-40	-39	43	-71	-83	-74	15	-18	-61	49	39	65	-20	-11	-77	100	-2	98	-57	39	-33	99	-39	70	4	35	88	26	0	20	78	82	-62	15	39	63	18	26	45	34	59	63	-11	36	-75	-100	63	-1	90	-71	81	-84	-81	-61	-23	-47	33	52	79	-93
-84	38	68	-75	57	46	-67	93	-22	72	85	-38	36	-75	-38	-70	88	57	73	-53	-70	-95	18	71	-50	70	-9	-47	-69	81	40	13	-39	-16	53	-47	-4	83	71	-23	-26	16	60	8	-62	-31	-36	-51	60	76	-21	-67	-98	-76	87	-80	-15	-46	19	35	22	-40	-24	21	-83	76	48	35	-90	-84	-50	40	26	-33	27	-8	-18	23	37	-54	-55	37	43	-77	-87	88	-44	42	67	7	9	-15	82	-5	1	72	94	-67	35	-76
57	-23	-25	-59	-83	-28	-34	96	24	-86	96	99	-67	-85	-18	10	93	-36	18	-69	66	-56	87	-40	-96	-51	-54	-12	19	61	11	16	52	-2	-16	-79	65	36	-97	85	33	48	15	43	15	61	-73	77	71	9	74	82	-94	-26	34	64	65	-17	33	31	90	6	-36	-73	-70	65	45	14	24	53	66	-7	75	95	31	58	96	-40	-56	-85	83	9	-52	-52	53	-64	76	91	25	54	43	54	-34	-67	93	-59	34	-60	-76	-78
-84	-51	34	22	-12	76	-65	-94	-86	-44	-41	-51	-88	-1	-13	57	-77	35	27	-95	-47	-11	-17	-26	78	-98	2	59	3	-8	-93	-10	45	11	-11	92	-50	73	-39	-3	-56	-55	48	-20	-75	-20	46	1	-97	12	-13	-70	-93	-87	-81	-97	79	-48	15	93	67	-52	9	88	-80	-33	-59	33	71	6	-40	-100	32	-92	37	-13	80	90	-56	24	-84	73	4	99	44	-23	-99	16	73	-51	21	24	19	-38	-37	8	-48	-89	91	-18
-84	54	-97	-7	-15	26	-56	3	-47	-29	63	-96	82	-49	7	-70	48	-86	-71	-28	71	-90	58	27	12	-99	22	90	-57	89	71	69	-42	20	-48	-90	65	23	-77	-96	-1	-16	-92	-60	-59	13	46	-10	-77	-59	53	-27	-14	-64	-4	-47	69	-35	-40	93	38	96	82	-88	74	-3	-96	60	-41	7	-31	-16	27	-80	-6	-14	-52	7	-9	92	-41	-39	-25	-72	-92	-83	-34	-29	-54	61	4	-16	20	84	63	27	-20	-86	-95	14
33	-53	-12	-5	-63	-4	-67	-37	-50	51	7	-50	-64	-85	-24	9	-49	-2	-7	18	-6	51	-3	-32	-98	16	-74	70	-9	55	-36	89	60	-46	-93	-38	19	-3	-27	-22	-19	-61	-51	-20	-62	72	45	-43	8	46	-76	25	-83	-72	41	5	79	-40	-17	26	50	96	70	26	-60	-68	32	-89	-5	-87	23	13	-32	-64	26	-2	2	-47	88	-69	-90	100	-14	-72	-90	23	29	-63	-73	-74	64	-56	68	-7	-70	-83	-51	26	78	-22
64	84	53	81	19	-15	85	-23	-82	88	72	-80	4	0	87	7	92	93	-78	-26	83	98	51	-92	34	-92	97	38	-39	-99	-4	22	-67	34	95	50	27	42	62	-64	9	67	-19	-100	-15	-90	-67	-52	-43	39	-15	23	94	-100	60	-7	-2	41	90	-82	-87	-97	-54	-22	61	-92	6	-15	58	64	61	-100	26	45	38	-86	6	78	66	-79	18	-23	77	23	-6	-12	-28	-89	-66	50	72	85	40	-68	7	-72	-22	-33	-5	85
61	15	27	42	-90	20	84	-9	76	-78	41	-42	-41	10	-79	55	-88	17	94	48	-17	18	36	60	-5	-50	5	4	-92	8	100	-99	3	82	-1	-54	7	-96	58	-32	19	26	-2	-57	47	51	-22	-81	-37	29	-21	-52	-95	-12	-54	-12	22	-82	77	-23	-92	32	25	48	6	-77	74	-18	95	-98	45	-88	-36	82	-32	-30	-39	62	92	89	-47	4	46	56	30	19	-79	-26	44	-50	-85	62	-51	-70	70	10	33	-86	4	-30
-32	86	-79	-25	29	-20	41	80	79	22	-95	39	-39	51	22	-81	-60	-4	9	-71	-32	-52	-42	-83	23	77	-74	64	7	-13	-25	-83	-20	-65	-51	86	-11	-30	-49	13	-84	19	-73	-52	-84	33	27	-6	49	-32	59	53	100	37	56	-50	64	-80	31	-69	-55	-88	-80	-24	86	30	91	37	1	69	-75	38	-55	-13	-87	29	4	-70	-52	-67	-56	-15	-58	-60	92	-76	-87	22	8	83	-73	-9	87	-94	76	-35	73	12	58	-37
81	-85	86	65	-65	62	77	-67	23	-32	51	-6	34	50	-3	71	38	5	89	27	11	-7	-70	67	9	-81	72	-28	75	-13	-64	66	-47	58	-15	-40	-31	61	-66	-14	32	-25	-92	56	86	-11	78	30	-8	-73	-100	33	49	-50	19	51	75	-16	5	14	27	-9	-6	-51	-59	69	-66	-63	79	-31	30	-70	66	-38	74	-41	-21	18	-59	93	-41	74	-88	21	28	71	46	33	87	22	-74	60	-57	88	-81	-39	20	-65	-37	13
93	71	71	-79	-44	44	-56	31	-28	-25	67	20	-8	57	50	-69	-43	-78	-14	-97	-50	-30	-9	65	-69	-89	-93	86	98	-70	46	-3	-59	-83	-27	94	-13	-86	58	-90	-14	-43	91	-53	-25	-80	11	-96	93	-16	-74	-54	-71	-93	28	-84	-58	-80	54	-99	27	65	-92	92	98	21	-77	-82	81	-51	29	55	87	-86	-44	82	-87	41	-58	93	37	-75	-84	59	18	-63	22	-100	0	45	86	-19	32	-19	-45	44	-51	-27	31	-28
-72	-55	73	-3	42	-39	-75	22	64	45	-93	32	10	-36	-68	48	16	13	-25	15	-39	-29	-79	-35	-100	-76	51	-98	45	-2	91	-78	-45	-96	-97	-22	53	-54	20	47	-33	-34	-38	-45	78	15	60	-23	-47	-8	-74	40	-100	-55	72	-78	72	17	10	26	-97	-70	-33	85	-25	-74	98	-58	17	47	-77	-5	78	0	33	-41	92	46	-98	83	56	88	95	72	-22	-16	82	74	-93	14	-79	-97	-78	-99	-14	27	-30	43	47	72
-57	61	-52	24	-79	-72	-21	-72	17	62	64	59	70	-4	80	13	45	-71	45	-94	94	-18	78	-88	84	55	-31	5	4	-88	70	82	43	32	-22	99	-74	-38	60	60	23	92	-33	-44	2	-61	35	62	-27	-63	91	100	77	5	-17	-87	-86	71	-32	8	78	31	99	-99	-21	-80	-67	21	-86	30	69	-68	-35	3	-87	10	28	-17	41	-3	-12	-97	-25	36	93	38	-68	33	92	-21	73	63	-18	-33	-60	0	-93	-76	-30	-97
-25	96	-63	32	-81	-80	68	80	-75	8	-70	39	33	-31	-96	-82	8	-65	-69	-54	-64	-59	36	-24	70	49	-67	83	50	90	89	33	-16	-98	31	-55	13	-70	10	97	26	90	1	-77	48	-80	-91	-46	-99	64	79	61	61	71	-97	33	-61	-52	80	42	29	0	42	-18	-47	-62	-25	-96	-51	-98	-5	84	-6	71	-24	47	64	-70	-61	21	-98	-5	24	44	-47	2	-6	-16	-94	-11	-42	59	-75	73	-1	40	-93	-37	82	91
52	82	-17	35	-18	45	68	10	80	-56	-100	30	-34	98	-42	87	-74	73	71	25	-34	-2	-3	-73	-5	-46	81	91	-20	-38	68	-6	-13	56	-93	-35	49	-44	72	26	36	-13	36	-46	19	58	-37	86	-92	93	-56	-59	84	-79	27	53	84	-27	72	49	-8	40	65	-16	66	50	44	-2	-99	47	43	33	96	73	-41	54	-65	38	87	-3	-96	64	-75	-48	-34	-92	95	-26	-35	-74	29	81	-58	6	-23	12	-16	80	-43	-51
-11	43	60	-37	63	41	-46	-81	49	-47	28	-17	-62	-50	-61	69	-40	75	98	-72	-99	-27	54	92	-4	-1	-88	-85	-37	-61	28	24	-97	3	-25	91	46	31	-90	-84	17	-83	98	8	66	-50	-90	-13	46	39	-39	84	-21	-30	-77	1	86	-31	84	-21	-88	-82	35	43	89	-15	2	33	-48	90	37	49	-98	-93	88	99	90	-11	-3	80	-92	59	68	-42	88	79	-28	-2	63	34	21	13	-46	-22	-72	26	-86	-73	-58	-8
-40	-17	97	-29	30	-82	64	46	-90	82	-87	-61	-80	38	-35	56	49	-67	-27	-88	-3	34	-1	30	80	-61	50	-11	-41	-1	14	94	72	-53	-62	-5	-15	-38	71	-71	-91	70	-35	-38	76	34	-67	-79	29	-79	71	-60	-73	-62	47	40	-23	-3	29	-50	97	70	4	-24	18	-25	-32	45	38	-56	16	-53	-59	93	-96	43	10	17	-39	85	-71	-54	43	-52	62	-2	-50	3	-14	-64	49	71	-22	-8	31	-35	87	51	98	18
26	14	68	-3	-90	-20	-57	-53	-97	-96	44	-94	-24	10	-54	-7	-45	40	67	-96	-3	46	54	73	12	45	-70	41	46	23	39	50	-1	-21	51	-17	-76	36	1	86	18	-10	32	26	-72	11	-48	71	-46	96	88	-44	32	-7	-86	88	-20	-52	15	67	-48	-53	55	14	-71	46	94	72	-31	0	19	25	64	55	-57	52	15	-67	79	41	10	91	-69	-15	78	35	-34	-71	56	67	-2	-47	-74	17	67	-11	-14	63	19	-51
-64	90	84	-51	43	-53	75	-46	-31	97	51	-56	69	26	-45	-28	-54	48	80	-56	-68	-13	2	13	-35	93	-74	-56	-73	59	-8	92	-81	-98	-80	9	-90	25	39	-51	11	58	100	34	53	-75	38	-29	10	37	-91	-22	-40	-84	-82	-45	-93	9	-29	43	-74	49	-92	58	80	7	100	-77	35	-31	18	-62	50	-74	84	17	-98	43	13	-8	36	-8	0	-84	12	72	-68	38	-26	2	-73	-45	43	14	92	68	-10	85	11	-46
86	-96	27	37	-71	50	-18	24	-45	-52	-45	87	87	-78	19	-95	1	8	-81	15	22	-45	32	-36	-93	-93	-40	2	-17	-2	-46	-61	-6	27	-1	58	-22	31	11	72	-47	37	-96	16	-29	68	-77	-22	-70	64	83	-58	70	67	-20	35	-57	17	-74	33	-31	33	-20	-73	-49	34	26	96	69	-54	98	-52	-56	-97	25	52	69	75	-4	61	38	-28	-47	-8	15	-55	-96	42	-17	90	-52	-75	-21	63	4	1	-48	85	91	-66
-78	-22	-49	-35	-26	93	-31	22	50	76	36	-5	70	51	-47	7	96	92	-45	87	27	-54	71	82	-40	-82	1	20	-64	-60	42	29	32	70	4	45	20	73	82	74	-88	-5	-6	-82	95	-37	23	-84	-65	-73	61	-81	-15	63	-93	-24	77	-22	-90	52	18	-52	-88	55	27	44	-58	66	-45	2	-85	-45	-88	-1	86	-8	66	0	-92	-97	90	13	87	91	65	-7	-27	-36	69	-18	85	42	-89	61	-84	-9	19	-83	-49	-91
18	-40	-55	-25	-89	56	1	3	-6	89	-26	-53	58	20	-78	22	-55	-92	30	80	-45	84	18	91	44	-48	62	-71	-66	82	76	-56	89	63	20	15	67	-1	19	-100	-78	-91	-90	81	40	-53	-58	100	66	-37	82	18	-38	21	62	-30	-45	-73	78	61	65	25	95	2	-35	-65	-88	95	-27	18	56	13	-40	97	21	68	-33	-87	-86	23	-98	51	87	39	-68	93	19	89	-65	-12	6	-81	100	19	55	69	-36	-11	47	45
-40	-79	-41	-70	97	-42	-98	69	-77	-36	-7	-28	7	-54	-34	-67	-41	81	-40	88	73	81	-53	-56	-96	45	43	-78	-95	-75	-96	88	-55	-46	-31	-33	-46	-70	9	47	57	-60	7	98	-69	28	16	-84	92	6	80	50	-78	-41	79	-86	17	97	-45	51	81	84	-62	91	-25	-50	-61	-76	59	26	-34	-78	39	68	-77	-49	25	74	38	-48	4	78	-16	-68	76	-35	45	-29	-94	-10	-58	72	53	-39	79	76	74	50	-56	-40
90	-78	-70	74	-56	-57	61	-81	5	75	96	0	-94	60	73	47	-64	-43	75	91	-44	-46	-80	-88	42	-28	53	-32	37	-84	-3	1	-27	-46	91	26	-38	-14	-80	-79	1	96	-52	-18	63	-78	-40	100	-95	10	-37	27	60	78	-55	72	40	-54	-44	97	83	-9	-16	11	-41	-39	68	-5	92	-48	-32	-70	-94	-35	-75	-3	0	-30	-88	58	-95	20	-65	-90	60	75	-22	-50	60	-29	60	55	-9	39	45	90	-94	1	-76	56
-25	1	-95	-16	-18	49	-45	-59	-98	17	100	-10	-27	-56	-49	-27	-84	-31	56	-62	66	66	-50	67	-64	56	-78	71	-90	-67	-17	-56	-89	86	74	53	34	-35	-10	58	-86	62	67	-2	-79	43	60	-48	52	-1	0	-69	52	-53	47	-5	71	42	3	-41	-26	50	-62	-30	-33	-57	-27	36	6	-17	-62	-6	-1	16	-87	-3	81	-41	22	48	48	-70	-95	41	80	-72	5	-53	-92	-26	-71	29	-30	24	-39	6	76	-68	-37	-68
83	58	72	-16	28	52	-81	-86	3	-58	60	-5	15	63	41	-79	37	86	11	-52	58	-100	1	77	62	91	-1	90	-94	-99	81	62	-64	-55	53	-26	-38	-14	99	-87	1	-100	-44	32	-86	-68	-12	38	15	0	52	77	-79	-48	-2	14	-11	-15	48	-77	-77	47	26	-1	23	56	71	-88	-1	46	-80	38	33	-56	-14	-45	-26	44	70	-30	-6	-23	-58	-83	-31	17	-11	49	100	34	-7	11	14	54	32	84	18	10	-52	99
-13	-57	-58	-66	-82	84	-49	-77	42	-92	-94	41	-17	-23	-51	-54	12	-50	99	46	25	-10	68	-14	-54	-59	-21	-7	71	68	99	-31	56	-82	-31	95	38	61	-24	76	-30	-41	11	77	90	77	-36	-1	-89	99	69	31	93	30	-10	94	-35	76	-11	-5	-49	-43	28	-24	40	67	95	-33	-30	-30	-83	1	-20	11	-54	29	19	61	-15	93	99	9	34	-26	-25	30	8	-33	-95	-100	86	83	77	-14	41	74	92	61	-43	78
