92	-52	-25	-35	-26	96	-30	-3	35	-91	61	-5	63	100	-37	7	21	-25	88	-29	99	-22	71	78	42	-36	-33	89	-51	-88	-10	95	62	1	29	19	92	48	-65	36	3	3	29	44	-60	36	4	56	11	-33	16	-78	-57	33	80	10	-59	32	41	-44	-30	-6	-62	-46	20	-49	-11	87	18	-15	-49	-14	-43	-95	-46	93	72	68	-89	-11	-12	54	10	-37	-67	-37	49	23	-60	47	66	-53	-61	32	-36	86	-63	-76	99	40
77	-37	-90	80	-71	-25	-10	-90	-70	97	28	-80	-10	-29	29	-10	29	83	98	0	11	-91	-92	-2	1	-99	-45	92	17	64	-57	-60	-37	-99	-93	-33	20	-81	34	-51	-82	-61	48	-27	82	-82	-82	-17	-60	59	-76	-15	-61	38	-19	69	76	86	-42	34	-12	41	-70	-95	19	-42	9	-41	29	99	87	98	96	-24	52	-36	-42	-94	60	-4	75	-11	13	-65	-28	-35	-2	-22	79	53	-69	56	-6	1	98	72	86	33	-65	-24
-39	-12	13	16	-11	65	28	54	39	-100	79	7	-5	-88	18	2	-5	-41	-94	-60	-25	-40	56	82	-46	-43	20	59	-28	-19	-38	-24	14	-81	63	10	-71	85	38	55	-56	49	63	0	-53	54	37	-3	-57	-89	-32	34	91	3	17	99	3	-31	53	6	-72	-41	53	80	33	9	-33	28	94	54	-79	12	7	-59	-4	51	42	86	-38	-57	-65	73	-35	-66	33	3	59	-43	87	-55	-38	43	20	76	-17	-47	94	-84	85	-51
-70	69	-7	47	-60	-66	49	-91	80	-44	33	74	-18	-48	-18	54	-34	-37	2	68	-72	37	-29	-40	-89	42	-31	-19	-61	38	58	-69	-13	90	-15	41	-81	94	-55	-81	63	-44	99	60	-36	44	-47	-18	-87	-29	48	13	80	-48	-20	83	-47	-49	-95	-83	-81	89	29	45	56	13	22	-29	-54	-85	-95	-90	-76	79	2	-69	53	-18	-70	-98	98	-50	-92	87	33	-19	-10	-84	64	0	-39	-46	-45	13	52	-90	-20	-67	-10	-38
-94	83	-86	42	-87	69	73	-6	-43	-69	-55	65	-27	-14	-48	50	64	-100	0	-40	77	29	-56	-38	2	-58	63	99	-27	20	-7	-90	-24	-25	-28	-15	-11	-42	55	64	23	69	-66	53	15	-17	-59	38	-78	-2	-17	92	-17	-44	-27	-18	-2	-90	93	-5	-83	-34	-63	-89	84	65	3	-84	86	-52	-66	54	-70	-45	-48	-87	-17	14	-74	50	95	41	-36	-66	-88	87	62	7	-80	13	41	-75	-77	-35	5	-38	80	77	79	0
-67	-53	-84	70	-6	2	32	88	77	89	-43	-94	-24	59	53	-68	-68	-12	26	-94	-53	-93	6	-18	31	-56	-51	-90	61	74	-13	-59	-68	-67	-16	19	-46	-92	-23	-57	-36	18	33	74	32	-30	-38	44	-17	56	-88	-7	-58	-7	-93	-30	53	-22	-27	47	-18	-100	49	25	-7	2	-66	-14	97	1	19	0	-22	-93	-13	100	58	12	68	63	-10	-71	-92	55	-57	60	-41	-10	-97	-51	-64	4	-49	-27	99	-26	-79	-37	9	-75
-28	27	-71	18	-59	43	89	57	88	-6	-55	-8	-1	30	-91	21	-67	-23	-84	81	26	-25	94	0	31	16	92	-100	77	-55	86	94	-99	32	98	-95	-23	43	-48	-56	-47	89	2	72	2	55	22	4	90	-44	-60	77	-17	-23	95	-33	57	-27	50	57	93	-86	-91	-12	-100	87	8	11	60	33	39	-14	-67	61	2	65	-46	-99	-20	-1	95	-96	72	-52	33	-44	-61	93	-20	-65	38	-17	-54	83	-60	-7	-6	48	-7	-60
77	-46	-81	21	-4	-31	-100	-98	-8	50	-43	-16	-18	-97	98	14	74	-76	25	49	-94	53	-57	33	-57	-16	100	56	17	-84	-89	12	87	29	40	-37	-48	-8	16	55	40	-70	18	-65	-24	89	19	-88	-98	-36	-34	51	83	-48	37	6	75	-59	22	80	47	40	-93	-72	-1	-62	-25	32	21	0	-96	1	-51	-98	-65	-27	7	91	-21	-40	-45	88	-34	-81	-69	23	-21	-4	-81	-3	5	48	-99	33	33	-45	57	7	-45	-98
96	-97	96	27	-54	90	-49	-1	-41	-27	14	2	-72	56	19	35	-39	30	30	-87	60	-63	45	79	7	33	-6	24	0	0	60	-55	54	21	24	82	-1	67	-63	-80	-81	-86	-61	-18	0	-71	-49	77	51	4	-25	-40	-41	81	100	-30	56	-60	-76	-84	88	-32	78	-64	93	30	-91	-14	7	0	60	-98	-68	71	82	-15	26	74	-2	-66	97	-81	22	-14	-50	89	99	-92	-74	72	37	35	68	18	-91	59	0	-21	-99	-5
-45	-19	3	-57	66	-18	-58	-10	-22	-44	23	26	57	-74	71	-72	31	98	64	-27	68	65	73	-71	88	-47	31	-2	92	-79	-32	-61	38	62	-19	99	41	73	78	-89	-6	-2	15	37	-3	74	68	17	-49	80	46	57	-34	81	-39	-78	-14	2	38	-44	68	71	64	-95	-98	-42	53	-54	16	-62	12	22	73	22	-79	67	-92	-22	15	93	88	42	-53	-5	32	-58	-57	72	-45	77	59	-14	-52	-84	-4	-51	-76	-15	-22	3
72	53	-97	-74	50	-32	-8	-92	-26	-69	56	-27	34	-21	-72	-99	92	50	-19	98	5	18	4	87	55	60	43	28	61	-14	-42	-72	58	-42	-4	-49	94	31	34	45	55	-88	-51	-98	-92	71	36	55	91	-41	24	32	74	-54	14	-76	18	98	55	-37	40	-31	-23	-1	-59	-32	-84	-90	60	28	-26	-8	70	-10	91	-7	-29	-26	-81	-65	-82	-27	71	68	82	16	-60	96	14	71	-5	3	-23	-71	-60	-41	-27	0	-35	-23
-17	32	59	-60	41	53	-73	-74	35	12	-36	10	-80	-56	-91	0	61	48	7	83	64	-59	-10	-66	-40	64	90	-91	-1	43	-59	-31	-32	62	-99	81	-70	30	-16	-11	-6	-90	16	-72	-12	-69	75	-42	-2	-42	85	-29	-13	71	99	28	60	-45	-23	50	92	43	90	-97	92	43	-57	53	-66	-34	-51	10	4	61	-65	64	-93	-60	23	-7	-92	-15	41	49	56	80	57	21	-3	1	97	-73	37	53	-21	23	68	-58	76	-20
53	68	19	-38	18	98	-23	7	-6	-56	90	-54	-23	37	85	1	80	69	-1	32	-39	12	76	-43	-90	8	34	-10	-92	80	90	47	95	-67	-59	-57	-76	-48	-65	18	99	-73	16	66	-32	-42	66	63	14	-34	-13	83	-61	13	-45	49	49	0	-71	-55	65	57	52	-91	82	74	47	-75	83	-54	32	-98	-59	-45	84	20	98	-17	-96	-38	60	65	-9	46	-43	-33	-75	82	-38	44	84	-84	15	64	0	10	81	87	-70	86
-49	-45	-62	-4	10	-97	-63	83	17	56	-14	-76	-23	86	-32	19	62	-50	40	79	67	39	-49	-24	-62	94	-89	74	42	14	81	-82	-15	-79	-47	73	93	51	-79	51	96	67	-19	19	56	-76	95	-82	-44	0	-40	29	33	50	-42	27	-28	-67	6	-45	22	-19	75	49	53	43	-8	-63	90	52	22	-24	-25	-84	-90	-87	-76	38	-91	-13	-64	-63	41	-67	6	43	-39	47	84	-44	17	-44	-53	3	-99	-65	-14	-5	-23	2
23	-85	70	21	-78	-86	-5	6	-63	-81	63	-95	-81	37	-33	28	-10	75	54	-2	-96	82	-65	-50	-16	-88	42	-79	13	12	81	-64	-25	62	-9	-77	-7	68	39	8	-28	-83	-2	-81	42	50	-89	-80	84	96	-24	-59	-93	11	-52	-42	45	-34	20	100	31	-7	-99	42	-48	-85	69	-87	81	-33	34	87	-83	7	47	0	74	55	43	13	17	65	23	4	92	22	16	-12	-23	-37	-61	73	92	41	64	74	11	-85	77	52
-42	95	-83	-33	55	-20	78	30	-2	53	74	-61	19	-92	95	65	69	-79	-94	-68	-86	13	-25	66	90	59	-96	-39	-75	-47	-15	-86	-84	38	58	-42	94	-28	-83	85	-28	-96	89	28	72	-33	87	-71	-28	97	-6	-94	-77	-25	59	-68	-19	61	17	-37	-75	43	-34	-81	-92	-55	-69	88	96	-88	-70	43	13	-40	-19	-99	4	28	-35	-54	-54	-21	30	-10	95	12	25	18	98	-88	96	-30	68	-72	31	15	-52	85	-65	77
10	43	20	51	12	-11	17	-30	95	-63	-51	-35	85	-43	29	-82	12	-93	-12	-94	30	-71	2	-8	39	-41	68	99	-96	-66	-74	49	85	4	-92	1	-20	-4	82	4	-43	51	-41	-99	64	81	-48	-41	-81	98	68	27	57	56	-76	-100	63	64	54	20	-8	61	45	-85	-66	99	91	27	-9	-48	-13	-4	-66	69	76	64	32	-92	54	-64	-43	57	-56	0	-75	-90	82	-60	-26	-77	62	-82	-24	12	-96	-99	-7	32	-49	-26
-87	-74	-81	-49	99	-69	-17	29	-1	32	42	-19	0	-52	32	-51	1	-67	-56	47	31	6	-10	-53	0	99	41	-22	-83	10	-40	36	27	39	-13	95	81	17	-8	-93	2	67	-44	-6	-38	97	56	93	85	21	-50	-91	-16	-91	-27	-57	-28	67	-67	-41	81	-28	89	85	8	-73	-14	39	22	30	-28	76	-58	-34	79	40	9	74	36	29	-98	75	68	-3	14	-28	32	-25	-92	-6	23	26	-40	-97	-90	-76	52	-47	-52	-50
81	13	-85	-10	-3	15	-94	89	-72	30	6	-60	-21	8	-81	22	1	100	-58	-24	9	-91	3	-88	-31	50	31	11	13	70	-39	53	-18	-46	-26	-61	-43	46	-18	-49	-97	12	-69	14	-39	-52	-41	92	-48	-51	-71	26	37	92	-76	26	25	54	-10	-19	73	-55	-91	98	-81	83	-53	-97	-91	94	-19	56	-28	7	-92	-95	-53	-78	69	87	-1	37	93	-98	5	29	-52	-60	-94	93	85	-56	-71	53	39	34	-53	74	-13	59
-79	-30	99	-34	73	-87	65	-81	-14	-26	-27	79	-76	69	11	17	100	83	37	-69	46	-60	-2	-85	-87	0	71	73	-84	-13	-42	-77	-66	4	-85	-26	92	-23	-53	-54	31	82	1	26	40	-60	-97	96	-14	-80	-87	-94	46	-28	-82	-22	-89	-47	61	77	-13	86	-89	-94	40	24	-86	87	25	-14	-6	-58	75	4	-70	100	30	96	50	-44	45	-84	-24	55	18	5	-47	85	54	-84	74	31	-99	-63	88	93	-97	-27	81	35
-89	-54	40	68	78	96	20	58	26	-42	-53	-100	-2	-90	10	-76	24	72	17	61	-61	33	-32	38	7	-78	22	73	-80	-80	-86	93	99	96	22	52	84	22	73	-92	-78	-97	15	37	-51	-18	17	0	71	-18	-90	97	-17	-34	-2	18	39	56	61	-69	-20	-9	18	-67	55	54	-79	5	31	-45	14	-63	-94	-27	-77	-73	-86	-91	1	-3	89	34	61	18	-41	-37	-70	-6	38	5	-55	32	87	27	35	-4	-10	-51	-76	-86
-58	14	58	65	28	66	100	-90	38	-39	64	-73	-87	31	-1	-13	-87	75	-97	-85	25	74	-24	34	-21	97	48	71	88	57	-44	-63	-5	100	54	-74	86	15	-90	-20	-90	5	30	-15	-56	95	-10	-26	57	15	5	20	24	-52	-19	91	-69	99	-61	81	-5	50	51	-61	-34	52	96	13	37	-70	-90	-23	-14	76	38	-9	19	46	69	-47	-47	78	26	-17	-94	86	-28	-90	3	-47	35	82	95	14	-93	15	13	100	-81	48
69	-22	-87	-7	-99	95	-48	92	-90	-99	-99	-2	99	-38	45	-10	76	-14	-7	44	-65	30	52	89	67	96	-65	7	-37	-89	-57	35	-63	-32	-4	-22	-85	-34	-40	-27	50	13	5	-45	75	-79	-19	-25	-1	-27	35	0	-50	-90	-34	8	7	-25	-85	-34	85	-51	82	-12	79	50	75	66	87	-3	84	68	-52	-75	-90	-2	-7	-19	58	-86	-47	3	-63	81	90	44	11	27	91	-80	77	76	46	-64	37	-40	-17	36	-60	-78
21	39	-15	40	62	-69	-85	86	71	36	-28	-24	85	61	72	-22	25	69	30	99	54	-97	-47	-2	-50	54	-62	68	16	-88	17	-66	45	-22	26	67	66	42	-64	-37	-39	52	65	-8	94	67	-41	69	82	92	38	-56	-94	71	-55	-49	-11	12	-16	-7	30	46	66	-68	3	-40	-61	-28	-18	-28	-23	-61	72	-50	-92	-51	79	-45	-66	53	-47	-52	-73	-83	97	-58	-62	11	61	-86	96	80	89	7	74	-28	37	76	-99	-61
-51	-61	62	59	-3	13	57	-99	-75	-82	64	39	87	-87	-73	-58	-62	-8	-95	-37	-49	51	-9	-57	83	-32	-12	2	11	0	39	62	-68	76	-58	36	-56	-25	49	91	-2	-84	-99	-88	-43	-21	-100	88	67	35	91	86	-21	7	63	-38	-98	16	93	-76	59	-41	-33	56	81	-62	55	-60	85	-53	-82	92	-47	-78	-18	-85	19	29	-27	80	90	97	-25	-45	-58	100	-62	-29	-57	-31	-61	33	37	-56	17	-14	-44	-36	-60	23
-23	65	-45	-76	9	17	-45	-56	-38	83	-57	44	28	-66	-43	49	-61	10	9	-62	-54	-8	88	15	43	-39	66	78	22	-62	-29	-12	-61	62	-3	90	47	-60	58	23	54	31	-29	49	19	89	-63	-7	43	85	-6	31	15	-79	-78	41	15	-75	52	47	-19	-21	79	-92	83	64	41	-85	-28	69	22	-16	93	-3	29	-84	85	-4	87	80	-44	3	92	-18	-58	59	-7	99	96	50	34	-58	15	-46	76	44	88	-3	-43	-2
50	6	-32	-18	7	-37	93	33	65	-11	7	-40	-8	-17	-52	17	20	10	-10	64	80	-56	-61	-35	-39	1	36	-90	-36	-68	-8	-28	-24	-46	-76	39	87	-44	36	-4	-29	-29	-58	-31	-62	-28	25	75	91	-73	78	-10	-62	75	43	50	8	-20	-6	38	-76	-18	9	-31	-100	8	69	-20	16	-41	45	-69	15	-32	-77	-52	15	-80	-50	24	79	1	-64	-34	-23	-32	57	-62	-70	17	-20	-6	-15	-94	-5	79	-40	25	5	48
88	78	88	100	33	93	48	64	57	-46	13	-15	6	51	39	-84	66	-33	-3	-65	100	71	16	-8	-19	-53	71	4	-20	64	9	-88	-48	57	20	-62	-57	-94	13	58	-73	55	-70	-68	13	97	58	-19	-17	-90	28	41	15	-82	72	99	79	-25	34	-81	67	-19	88	54	-95	16	51	21	44	-76	-43	-91	-15	-14	-40	38	76	-70	-96	57	85	11	-66	-29	56	-80	-10	-12	-17	-85	-10	-12	55	48	75	-19	72	89	46	77
-98	34	-86	64	-18	13	76	-77	24	-51	3	-7	60	-32	15	-8	-75	68	-69	-7	100	9	-58	-67	-15	-36	68	13	-37	84	-29	67	45	77	-95	52	86	62	-81	-12	17	97	-72	-66	-85	58	58	79	99	66	55	-63	54	-28	9	-70	65	-84	-8	-58	-69	-29	-43	-30	16	-94	-25	62	34	95	21	26	3	39	41	-38	-81	-6	-63	93	65	90	90	92	11	19	-44	29	-63	-44	32	-83	-47	-89	100	12	94	62	-66	89
65	1	-89	-81	95	43	4	93	-30	45	-45	-32	-42	-24	93	-19	-95	-56	-8	-18	-58	85	93	-51	66	-78	22	69	49	-94	78	28	15	34	-18	-16	51	-2	-62	-81	-42	90	-10	51	70	11	75	6	-44	-94	49	96	50	36	18	86	-96	2	21	44	-93	94	54	74	73	48	-90	-45	60	54	-93	57	-5	38	-72	10	99	-3	70	-22	-85	52	17	4	61	64	-54	-97	-42	75	-34	-22	95	44	-41	3	-70	-43	-61	72
-93	22	90	68	40	15	-39	-49	-80	9	96	-48	-80	64	-10	-90	-25	-17	29	-22	62	-57	14	-61	-92	55	-93	61	-64	83	-46	-68	90	-31	-68	-22	64	-67	22	67	23	-22	84	-51	97	35	89	39	-78	81	-67	66	-86	23	-23	-75	-28	-93	29	27	60	-37	1	-49	3	-88	-27	56	-88	-23	23	90	52	58	49	-59	-78	-93	-43	-100	37	38	-97	-12	-57	14	-44	-91	62	-46	-10	-71	79	84	23	-29	-6	96	-66	-98
-27	-44	70	-4	-77	-8	-74	-59	-51	-20	81	0	2	79	-39	98	-46	52	23	-6	-9	53	31	29	-59	-48	-32	16	-56	-74	-1	-53	79	-83	61	-74	17	-12	32	36	69	8	-2	-48	89	-25	-93	-49	94	18	72	87	39	69	97	8	-48	51	-77	56	2	75	-17	36	-35	27	99	-60	16	-81	-88	94	11	-75	-41	80	-42	-98	-26	-37	-6	87	-42	2	47	48	3	-58	38	-50	-9	-26	-4	45	-31	-31	-7	96	-70	26
10	-13	75	12	90	-11	38	-79	-49	20	-38	56	72	97	17	44	15	83	63	33	42	79	-3	75	42	-1	-98	53	-88	34	74	-74	90	55	94	-18	-63	29	-94	51	-72	19	-56	94	2	97	-20	19	91	23	-1	70	-89	-36	5	-31	-61	-80	-32	-11	-28	9	-94	-67	-70	86	-80	62	-4	-73	-78	80	26	-85	-28	-33	-97	-30	4	91	-82	85	-37	-77	-20	-68	-72	-64	-16	-97	90	73	-14	76	74	18	-32	-70	-54	-82
12	25	33	-67	-56	-9	0	99	37	-24	-98	-89	-34	-32	-2	57	-52	45	-58	-24	89	4	-51	-59	70	98	65	-31	2	-5	-32	67	56	79	79	86	-8	-67	96	-70	-38	-79	-6	78	-79	-25	7	34	24	29	18	-84	93	47	-76	-15	16	-91	69	-38	-69	-95	82	-12	81	-62	-1	57	-49	-40	-55	60	65	58	67	86	50	34	-85	30	-10	-100	89	80	-19	31	-36	24	21	63	49	10	92	-78	74	79	-13	62	74	-23
-29	23	62	-35	-36	-3	37	-78	51	90	72	-37	-66	98	-4	44	-90	-43	22	-75	-19	-83	4	56	-85	82	71	61	-89	-23	-18	47	88	-64	5	16	-8	20	-80	-11	1	64	88	9	34	46	79	-64	95	-99	24	98	-44	-54	-79	61	-74	10	-13	-80	12	26	70	24	-42	-89	-20	20	-89	45	0	-46	-12	95	87	-13	83	-12	91	-61	80	-71	-31	-27	-69	-37	-51	-73	23	-20	5	-15	-35	93	13	-48	29	93	-54	-48
4	44	58	-28	15	91	-58	-96	-63	25	-4	69	65	62	-69	70	35	83	-20	-83	-10	38	82	-41	-69	84	-64	25	38	55	21	-16	-46	-75	81	45	-7	1	-70	-32	-58	100	25	45	-35	-57	32	16	-8	-5	-98	-73	-65	6	-13	45	63	-50	75	-20	-81	66	36	-86	-49	-23	-33	72	-72	87	-63	9	-45	84	-82	-15	-17	15	-82	-10	-71	54	59	-86	-46	-99	-15	54	-86	89	-71	-90	70	-82	-76	28	-65	-18	29	-100
-37	-7	-39	2	-93	63	44	27	42	-29	18	21	88	-97	-45	-90	-26	26	79	-42	-75	-84	8	43	-26	54	-79	-59	32	-83	-35	2	5	57	-15	-10	41	-69	-2	100	-71	13	71	67	7	-83	87	67	-85	74	90	95	51	-81	-95	-26	-42	-75	0	5	-42	-47	-69	-12	19	63	24	41	0	-36	-84	32	-10	44	38	-33	-65	-91	-62	-13	-37	61	29	-11	6	-85	73	-17	-94	-44	91	63	70	-24	-99	-77	-59	-8	17	-99
-33	86	-100	20	-24	-3	-63	0	2	-66	8	-71	-58	77	-31	-47	-85	-54	68	-17	41	35	-38	-56	26	69	13	-3	-46	-64	74	-41	-12	-30	16	-12	-85	-7	16	32	25	-91	-23	-36	86	-14	54	-34	-87	28	66	11	-60	13	64	-81	34	55	36	3	13	51	90	74	79	-44	33	-62	43	-76	67	-9	-33	-42	25	-62	-38	30	44	88	-32	61	-19	-57	-100	-19	8	-60	71	59	-64	-4	-47	44	65	1	-46	97	1	2
41	9	-21	73	26	81	-81	-78	-67	44	57	-11	6	43	-66	-100	-53	-4	-10	-57	-18	-51	-59	98	38	-43	28	-86	15	-54	-64	61	16	-52	33	48	41	-14	-67	-45	-44	-86	24	85	78	-67	-75	25	32	10	70	31	19	38	-26	75	12	34	92	38	76	-83	51	-39	-50	-92	38	83	-25	-100	82	100	-52	77	1	43	26	51	93	83	-28	26	12	64	64	82	-25	-3	43	73	-80	-6	64	-87	4	-8	47	68	74	-61
92	-80	-31	-23	46	-84	62	74	-67	64	89	-87	68	-9	-35	54	75	-72	-99	-74	30	91	0	-45	-70	1	39	60	-78	17	-57	-73	70	4	-21	-18	47	40	11	58	-82	-95	-70	-54	-62	0	-92	-51	10	-69	-19	26	36	92	-55	55	77	-63	28	-3	-54	37	1	-3	0	75	-49	-26	-47	35	-59	-9	81	49	25	89	-61	-57	-75	-41	6	72	99	-30	15	50	45	-59	-38	-28	-71	-19	-25	90	-25	60	98	-94	35	78
-32	47	-32	-29	98	-95	-74	-60	-83	-41	45	-73	78	-75	-35	61	61	8	39	-91	82	36	58	68	64	-52	-73	-10	-10	37	33	-84	-20	17	32	52	-37	86	27	96	-36	24	60	-93	-100	-45	-74	-78	20	7	98	-49	-5	61	-5	-7	79	-33	37	-46	97	48	97	80	60	30	-53	-16	0	29	33	37	43	98	97	21	-15	-51	-50	8	-71	78	-100	0	-49	-35	-72	-99	45	15	96	97	-46	43	82	-34	76	-16	-99	63
81	-40	-2	54	-1	-29	70	-7	22	-51	-72	-79	-17	-94	-85	-39	-21	91	64	-42	-33	24	-47	44	74	84	70	69	-40	56	-86	0	-86	-95	92	27	-9	-68	7	-36	23	72	86	-99	-52	-69	-64	100	-31	11	97	8	-81	75	-30	1	-15	2	-52	84	35	-27	84	92	0	-64	100	-11	-11	81	76	-62	60	-91	85	-38	-84	-82	-98	-98	16	77	-62	-27	1	25	67	15	66	6	59	25	45	99	100	0	-97	-2	95	31
44	-55	96	-41	72	43	67	-93	-15	-60	2	-85	-56	-60	-10	81	-64	36	41	-94	-40	50	-87	77	52	-4	-68	-19	87	-14	100	45	-78	94	56	-73	81	1	99	96	-11	-52	-37	-84	36	0	-67	-83	63	37	63	18	29	0	-49	31	-96	66	-90	-6	41	-46	50	-74	12	65	-30	-51	39	-16	-77	-41	-73	77	-1	-19	38	59	17	72	-50	37	-74	85	48	-22	-48	90	-43	35	-99	16	-61	-74	-8	60	-26	-15	-34	40
47	-26	9	-74	-91	29	8	-34	63	-95	-34	-11	-36	27	30	-68	46	-31	43	-28	-8	70	77	46	-16	7	84	-95	52	-64	27	55	23	-98	18	81	15	-65	-12	-49	10	65	29	-28	-99	-100	19	-92	70	-43	12	61	78	66	43	-58	52	-78	15	9	74	96	-64	-33	-7	-21	-65	-49	35	-14	-9	-58	-12	-53	-22	58	58	11	-25	-28	-32	90	3	89	60	-74	-17	-84	10	82	-9	-15	90	4	15	36	-73	-48	2	-15
27	-49	53	61	7	44	-32	40	-83	19	-80	35	-27	-88	36	-92	20	26	50	18	-71	92	14	8	9	13	95	42	-78	31	34	28	-98	-20	60	-55	-23	66	-69	-34	93	12	72	29	-32	-28	25	19	45	-5	-78	19	-91	-68	-55	-74	99	-29	69	49	53	13	16	28	-20	-67	-82	-71	27	60	58	-92	83	-27	-49	-88	-19	-70	-37	-27	-77	-28	44	69	11	55	-27	91	-22	82	8	-65	70	70	61	-28	53	-51	-55	70
-46	75	11	97	-44	-76	-74	47	-33	-56	-56	-73	61	-82	-68	-71	74	-86	-56	44	11	-80	5	31	54	-100	-31	53	33	-78	-33	-55	-95	-9	-89	43	-66	89	73	95	92	20	76	25	-40	-31	77	-22	-86	-67	16	65	82	-50	-52	-53	48	-72	90	-51	88	10	66	-96	37	-27	-82	64	67	-14	-67	-64	41	-87	57	-83	-26	-56	73	69	6	97	-28	-47	-18	-82	14	-86	52	-13	-77	71	-54	-88	-76	-66	-58	-95	-9	26
-75	-8	-52	72	80	43	100	6	-23	58	-22	-65	-68	8	81	39	16	41	74	13	98	-23	98	-37	77	-57	91	-9	76	-66	82	-18	77	25	65	41	87	99	4	-12	-47	-53	99	57	-43	-19	-38	69	-33	-36	-88	-69	18	-17	88	-15	-57	-87	-95	-30	88	4	23	-19	27	-22	-85	-81	1	-86	-86	31	-31	-48	-31	53	38	15	90	-3	46	39	-56	47	26	91	-88	-97	10	-28	-23	-17	95	67	99	87	71	-20	-6	-48
-60	94	-57	16	-18	-10	74	40	5	-71	-32	-43	-83	-91	-69	-27	4	-83	77	46	88	43	-81	-76	-10	-89	8	-93	-43	-45	-71	0	2	54	-26	92	19	83	-95	-58	43	3	17	-82	-51	93	-15	26	-87	31	93	42	-96	-42	56	-6	100	-75	80	-43	100	-14	-86	-24	65	0	-8	-29	-91	-66	-22	26	72	-94	-75	86	4	-90	-86	-74	39	17	-96	47	40	88	11	-43	38	-73	-85	-20	-81	-31	14	74	63	-37	-36	90
-79	-70	-7	-76	61	97	-97	-31	36	1	-30	79	93	-39	32	-89	-43	-94	-42	-35	60	57	90	37	-85	85	-98	57	-42	22	-47	-58	3	88	1	3	2	47	65	28	46	-63	20	2	-53	73	41	97	-1	62	-48	-73	-58	97	-67	-55	-43	62	4	52	-61	45	-82	-31	-85	0	-31	91	-87	-74	-49	48	84	-72	3	27	28	28	-2	80	-2	10	54	71	13	-66	-2	-51	6	-85	-2	56	-28	52	-58	90	-45	85	77	56
59	74	-21	58	-22	-4	-70	84	54	-99	-10	21	-62	61	48	41	99	-73	-20	-6	50	-65	59	-35	-52	57	25	51	91	-4	74	-10	-19	14	-27	-75	-84	-22	-52	-40	4	74	-72	-47	82	11	91	-60	-38	97	22	59	28	93	58	-60	-46	7	25	-85	-2	-79	48	88	-78	44	69	-68	-82	91	63	30	30	70	90	50	49	-21	-64	50	63	-44	-80	-47	9	-83	57	90	-71	82	-33	79	92	-23	79	32	-91	-26	14	-14
54	-70	67	-27	-61	-86	25	70	81	19	-84	-47	3	12	41	27	-2	-41	-44	-50	53	20	-26	41	81	-12	62	-99	-90	-5	-21	2	60	55	-36	-19	73	-34	-34	-87	6	69	-30	-50	-38	-55	-10	-94	97	-12	-7	-13	4	62	72	62	84	54	33	-84	-26	-18	-33	-37	11	-90	-63	-85	-96	-39	-100	-99	-35	25	5	24	99	60	37	38	68	65	49	35	65	-100	18	96	-92	-34	81	-50	-26	-61	19	30	60	17	79	39
-66	82	37	-72	-97	49	62	59	-50	-86	65	26	-21	-89	-85	31	78	-6	-97	40	-85	79	2	69	18	-46	-99	-32	-58	93	-23	-94	98	-87	-73	-40	69	24	-30	68	-93	-27	31	9	-35	-30	90	-27	99	-32	35	95	-23	16	62	30	19	-79	-95	10	-69	-54	-32	-71	34	71	32	73	5	3	3	-50	82	96	30	-93	-49	-50	78	-20	-23	61	53	-74	-56	31	50	11	8	-95	-85	-70	-1	-73	19	28	29	-64	-90	-62
-95	-40	81	12	-91	35	-23	-35	64	-81	-52	-26	-48	-38	76	16	89	-51	-83	-73	-18	41	79	-100	-70	-58	-54	-50	31	17	-48	-77	66	-32	-59	-73	80	-60	86	45	-74	19	-41	33	-71	-28	-27	72	74	-73	39	-3	1	32	98	-88	87	34	50	-38	-21	47	47	56	-22	-28	94	81	68	43	43	-88	-2	77	-32	-79	-69	-51	38	71	94	42	66	-66	-28	35	58	-87	63	25	58	31	42	-48	-49	-100	60	-34	-3	-72
33	-54	100	-65	-19	48	-6	9	-10	-50	90	-54	0	-29	-23	58	-29	-35	-43	73	13	5	-61	-39	-24	37	62	78	-89	92	-96	23	60	18	49	-28	-35	-59	17	35	-35	-7	74	-34	-48	59	-9	-39	19	-31	-55	-15	-70	19	59	-62	-84	-76	-9	-50	-99	-81	23	-80	-68	-20	49	80	-5	-37	-82	43	84	-80	78	86	-81	-76	78	-98	-10	-100	71	-20	49	70	30	-96	46	90	97	72	-26	62	32	22	-34	3	97	92
-2	-10	19	-62	41	8	-51	-95	30	98	-15	-39	95	-16	-26	-73	-6	-20	-83	40	-91	-77	-91	-74	48	-49	-89	-18	-18	60	85	35	78	81	-44	27	90	-80	-71	-18	-69	84	50	-67	-20	62	100	37	50	42	33	66	72	6	-46	42	80	11	-51	87	17	-76	0	48	62	-70	83	-18	-61	-48	66	91	-39	-79	12	-87	81	55	-3	-71	-39	-67	10	49	-57	29	40	-33	-6	82	-12	92	94	-83	15	-22	-84	-5	61	73
-48	82	27	69	-14	10	7	-60	55	75	-81	12	-98	-98	27	91	-87	-40	67	50	34	-17	-26	95	23	-56	56	23	-91	8	-81	45	66	-82	-20	-7	-59	29	53	-97	60	53	-28	-83	53	-21	80	-74	46	3	-60	-82	-40	31	27	23	-92	42	-2	-30	-26	-32	33	23	-81	-81	-52	-93	78	-41	98	-13	-99	-40	-31	77	64	-7	61	-38	30	6	45	83	-89	97	82	61	-5	-80	67	86	93	12	-12	-76	-59	37	-8	89
56	95	-91	3	-14	12	100	90	30	-100	58	-65	-47	-39	-78	52	82	98	-66	-59	-43	-11	-19	-60	-25	92	-35	-12	-9	-29	-41	78	-60	-30	-6	-35	-96	-4	3	-11	-37	22	-77	-5	83	57	-42	-29	65	88	-39	-47	56	16	31	-15	-39	-78	81	-8	-54	45	44	35	-79	89	19	-22	18	84	61	18	60	-2	-95	10	51	99	-35	69	8	-86	87	-53	-79	54	47	85	24	-85	11	-62	-39	61	84	77	51	-65	-43	85
83	-67	81	74	-57	-6	-70	97	-32	31	-86	-33	19	45	-17	-61	-79	65	-14	92	57	-23	71	9	85	90	-89	-3	-57	-67	62	-17	-8	-42	77	95	-7	-65	97	33	71	76	-33	64	10	42	34	-52	97	27	78	-79	53	33	-28	-77	-28	-98	96	-50	-17	-43	-34	-54	-43	47	-54	23	91	22	28	38	-50	82	-89	-47	-79	13	-71	33	44	16	-5	-90	73	-70	28	-64	-52	-75	33	-86	89	-30	68	67	25	35	48	71
-28	-54	59	-11	-77	-64	-28	-65	35	-56	-15	-34	100	-53	56	-94	33	89	21	-27	-77	-56	-26	7	31	-5	87	79	87	97	42	-74	31	65	-82	87	-80	-38	-50	11	-13	21	70	97	-93	47	72	41	18	-28	80	-96	85	-10	60	58	75	-64	25	-24	79	13	-7	-84	-81	49	73	-75	-24	86	95	98	-16	23	12	38	6	94	70	-43	71	-61	-41	-49	47	-92	1	10	19	-35	67	41	-26	68	-89	83	51	16	70	0
13	66	57	-88	-39	20	53	-99	43	46	-30	-1	33	-84	-40	-40	-5	71	-20	75	-98	95	17	-70	57	75	95	6	76	16	-27	5	38	-83	-76	-29	83	-11	-13	17	-69	-37	-52	-6	-11	100	-29	-28	-88	94	-83	77	2	16	-53	-99	44	-62	-35	-93	38	-73	73	0	-4	-82	67	-100	1	46	23	-53	45	31	35	-33	43	86	98	71	-84	-31	-15	47	40	-50	-24	79	32	11	88	-76	-17	37	37	29	-51	40	-26	-73
3	-74	100	-18	90	43	-24	-91	-19	-13	-13	-96	-19	-86	-70	34	93	52	-60	47	-55	78	92	29	-61	72	-27	17	-72	2	-2	47	-9	-98	-37	90	17	-1	-38	-49	-55	-64	56	19	-83	-80	21	95	-35	50	46	-19	-75	-89	-9	98	-56	-51	36	-56	72	32	78	-17	22	-98	68	3	-47	81	-66	29	-11	-47	-75	7	55	36	-68	-78	27	45	21	-18	-54	-84	5	-21	-31	26	17	68	-95	78	-72	37	8	47	-57	-68
-75	89	89	-18	-70	-78	65	-9	-15	49	37	29	45	-35	38	70	1	-46	87	30	-71	-62	37	42	-67	44	-43	71	-22	26	2	34	-47	78	48	78	-6	-71	63	-72	-82	60	-43	-36	-96	-7	54	51	9	59	80	-23	4	-53	90	49	-56	-71	3	-37	33	31	-61	22	-3	30	-71	43	28	-56	-79	72	95	56	-79	-70	92	-42	61	-31	-73	-85	-13	15	49	-90	54	-38	-17	-50	12	40	53	-81	-38	40	93	-76	10	30
78	24	-35	-18	62	44	-88	6	35	-96	43	13	83	-51	-51	50	-6	-21	-59	76	-88	-8	44	-1	40	29	-10	85	83	80	83	-33	-22	84	-93	62	43	21	-95	-1	33	1	90	36	-5	74	-87	-15	42	14	-86	91	-99	-92	-36	78	-81	-25	-19	-24	-99	-98	-10	-59	10	-37	-50	-14	-33	27	98	73	69	14	-40	-66	9	18	34	64	69	-37	-85	-73	-5	54	21	15	-44	-22	96	93	-69	-88	82	27	-52	52	-77	93
5	-19	-8	36	59	48	-38	63	-94	76	19	26	-28	-29	28	-8	-65	56	-76	76	-29	14	27	93	-25	-94	74	77	79	65	91	87	26	-86	-53	54	-14	-73	12	-39	83	34	86	-54	60	-9	-7	89	25	93	-59	-69	-61	-9	9	93	-47	-67	39	14	48	49	60	28	49	-66	50	-59	59	-23	67	50	-85	69	-73	8	-94	-8	-37	96	34	-3	-75	74	-16	-5	-80	57	45	61	92	-88	21	-1	-43	31	-10	-96	-23	-33
41	-39	63	-24	-9	-78	66	-30	-68	56	-26	-97	70	75	52	-74	-56	4	-21	-63	-98	-96	-2	-98	31	40	-47	-64	88	43	100	-80	25	-80	-16	6	-3	49	-96	29	80	-51	86	-58	-46	78	11	24	-5	-50	-34	90	77	4	31	82	-66	-68	-18	-72	38	31	46	56	86	21	16	-42	-91	82	25	-17	90	-80	10	93	33	-85	39	-22	15	-48	-70	-89	-99	-58	76	-32	10	-11	78	-48	90	74	75	-50	91	57	85	-53
-26	-67	-3	-37	-61	64	-30	58	99	-14	-100	-53	8	28	96	72	-5	98	-5	7	72	-48	-78	56	48	-51	60	23	95	-1	58	-60	30	-90	-89	90	7	7	-76	-14	-40	12	40	-48	79	-62	16	-100	-28	67	-15	80	-31	-41	-3	73	71	-93	-88	20	52	99	-3	-21	45	85	48	-55	29	16	-96	95	-46	-28	44	-70	-62	51	46	55	-39	-94	70	-22	18	64	40	95	13	62	72	39	-51	-56	73	8	68	-3	1	80
-83	27	-12	-33	30	-66	56	35	62	-94	65	-2	49	10	-24	-3	76	17	-44	-70	-26	-88	-93	17	-3	93	-6	-9	73	-20	-9	14	44	76	56	56	100	-87	4	39	-46	-47	23	90	59	32	-33	-50	-13	-42	72	28	80	-27	79	84	-95	13	0	38	39	80	-90	75	-26	17	90	-20	-35	-19	83	61	-85	-97	-34	-49	-15	54	45	76	60	-50	-68	81	-23	-7	60	41	25	50	-27	-76	-72	33	93	-41	80	11	16	-86
-25	-17	3	89	44	54	49	67	-95	49	-81	-16	-55	-72	-62	88	65	-98	40	-12	55	-53	6	-2	38	38	32	-21	70	-39	-77	76	-86	9	62	100	-92	34	-45	-32	68	95	5	27	5	-92	59	42	-76	50	-94	-93	90	-50	-36	72	-81	-61	-59	35	63	-31	-29	-84	68	-45	42	27	-9	-27	18	26	39	-60	-15	-26	-88	-75	-23	36	97	-31	34	-76	23	-31	-81	76	-91	-4	46	64	64	-61	-68	-60	64	-81	-89	-92
48	66	-85	27	56	-46	-42	-13	-87	65	0	-44	92	63	23	-7	-64	11	-15	-77	63	34	-30	-70	16	-94	-21	40	-47	71	-43	58	-5	94	-99	-12	94	-92	36	21	-63	-78	-30	2	-61	-36	-10	65	-46	-58	60	-66	-92	38	54	-1	69	45	-17	-67	18	2	13	-64	-17	55	51	-44	53	89	-25	-24	59	-41	-52	-85	46	89	-60	-91	-82	-1	52	35	55	0	26	-97	-22	48	93	93	25	45	-42	-36	99	-60	-28	-25
0	59	-6	27	43	-95	-64	-66	-35	-10	21	-72	42	77	9	91	73	-92	-18	79	91	68	-95	-32	75	-33	65	79	-3	-10	18	47	39	91	75	99	-13	-67	29	74	-46	98	-86	24	-96	44	-39	99	8	40	74	-51	-26	33	-68	33	-95	-11	-42	45	-72	44	-25	-33	65	17	-97	74	-46	-78	-30	-64	-32	-19	-81	55	73	57	-99	-62	40	-70	28	57	-85	-55	47	-66	-85	1	6	24	32	42	-56	91	-60	64	77	70
-32	-4	-94	-15	45	-22	52	-18	-73	-15	26	12	-96	-99	-13	-52	-4	47	-67	56	-74	15	73	-4	48	4	33	-12	32	37	39	8	45	11	-48	-44	-1	-26	100	-89	45	-59	18	-60	-12	-47	87	55	22	20	2	-42	96	-48	-91	94	93	55	-19	-82	-83	-4	21	-55	56	7	38	5	80	-89	17	6	29	45	-60	-1	24	-14	-77	-2	-9	-67	79	22	-66	99	-19	-54	97	-75	44	-89	78	-57	78	43	47	-96	81	30
-9	57	-94	-69	-45	-86	75	29	-63	59	-52	48	-50	86	15	87	-22	-32	-47	60	31	-66	-77	25	86	55	55	-99	35	78	-48	95	-51	88	45	2	-95	21	-63	71	11	74	100	-28	-85	-96	-77	-26	-94	13	69	88	85	100	-4	-8	43	27	-91	55	-69	-76	30	-81	29	-58	61	-51	76	27	58	34	39	-2	7	65	88	95	66	-21	-68	42	63	-84	-9	92	43	2	-97	-49	75	-88	-73	17	8	30	19	73	31	-13
97	5	46	-54	-98	-5	-25	77	36	72	97	-80	17	-73	54	75	-19	26	93	71	-32	34	47	99	-95	28	79	-24	-9	-78	85	-45	-36	-84	-47	28	77	-53	54	85	-99	-91	-78	-78	92	-31	-74	-46	-76	-49	-50	-34	58	-62	63	-76	4	-70	-51	12	-81	-73	-44	-81	5	61	23	-35	84	23	-35	-87	67	-10	77	22	-52	-64	83	-17	-49	-94	68	-39	-35	-35	95	51	7	-59	92	35	-33	82	-37	86	-90	-89	48	-19
-45	94	1	-70	-85	83	67	96	40	-26	93	-45	86	88	91	-20	4	-49	76	-11	88	62	91	22	21	34	-18	61	-44	-52	54	63	-100	41	15	79	2	-26	11	69	-76	-71	70	48	-54	58	57	-3	75	29	56	90	-39	-51	30	-51	-56	25	-44	-8	39	-37	33	17	-78	-35	-49	-23	-5	24	17	-91	3	-92	-99	-84	13	52	-64	99	10	9	-24	63	-51	100	48	-57	-45	-24	-87	60	-94	83	84	-25	24	25	85	-50
-8	10	-10	92	-93	83	66	-86	58	32	-41	-27	-87	44	-2	57	12	-48	4	-86	85	48	81	-41	-76	-19	-54	26	2	20	-20	79	-57	4	39	-89	-28	8	66	-80	8	12	66	-35	36	96	-6	-55	-57	-86	30	-71	14	88	34	91	-29	65	-96	18	64	-96	47	-76	99	89	-72	-94	-79	-48	16	40	-33	77	37	-84	-88	0	95	-76	-51	61	-45	-47	90	-80	-9	44	-68	10	-10	88	-32	-55	19	-57	17	-51	-77	-68
-81	39	37	100	-64	-86	71	-26	64	76	94	-90	-37	91	-94	0	59	-46	-62	-85	13	-46	73	-96	-75	-82	-84	-87	88	67	-7	54	-66	-77	-63	90	-78	-88	-88	-32	15	-56	21	-99	90	83	68	40	59	-62	-25	43	-45	-37	-3	31	-36	-89	37	80	-30	-56	-18	58	-96	60	85	69	41	99	13	-25	-90	10	-33	-47	-76	14	20	-73	62	77	69	-21	27	16	-63	-43	-70	52	75	10	-13	-27	-36	52	-57	52	-21	-49
-92	82	-89	-68	-95	-88	-60	-98	-83	-63	-67	-84	63	-11	-64	-78	-49	45	-17	27	30	-6	50	49	-35	40	-77	-94	-63	-1	21	53	27	100	-58	84	90	-33	97	-12	-18	-17	-56	-56	30	-83	-1	-74	93	-12	36	46	1	-24	43	-79	-9	-68	77	36	88	-58	81	71	63	-98	-76	77	33	26	-88	31	63	15	-6	-67	-23	-100	-49	81	-58	-22	-20	-5	-88	1	23	65	-72	48	-60	-66	-78	-21	-11	-87	-3	60	92	-71
-83	41	-50	98	83	59	-87	94	81	7	31	62	34	-95	-14	55	-68	-19	-19	18	78	52	-26	-100	14	4	-39	88	85	-72	80	38	-67	26	-19	45	-98	48	-43	67	-46	-53	11	-99	14	20	17	16	59	25	11	74	64	100	-65	80	-26	57	90	34	-78	10	-84	-24	48	92	-43	-19	-38	50	-85	-67	11	51	-5	-39	91	20	-2	58	45	-66	64	-93	-17	32	-85	5	50	-78	66	68	-96	9	75	-11	17	-13	-74	0
64	75	-81	-13	-87	81	92	-29	-60	26	6	-31	-22	-55	68	56	-24	64	-57	17	-77	36	-68	30	-92	33	-72	-47	-48	-10	65	7	-98	-11	-66	75	-76	54	75	-29	13	-17	-15	-80	-57	0	87	5	51	-54	79	12	-65	-70	-94	-78	1	67	-67	-78	-41	-32	-27	-25	63	-39	-34	-63	-58	28	-84	-50	93	-72	35	-3	-2	2	78	-40	-70	55	18	62	14	-14	-4	-74	69	-80	11	33	-81	95	43	32	82	12	62	28
-79	-37	16	-5	0	58	52	71	68	-80	-90	8	-40	-52	68	-59	15	-66	-65	-54	-75	8	74	37	-29	52	10	48	47	-54	-36	-19	32	34	-47	-7	-39	54	-87	-97	-32	16	-14	65	-57	21	30	-33	6	-26	44	62	81	-76	-43	-51	60	25	-98	67	10	-97	21	-66	46	-35	-17	-92	-27	0	61	86	-6	-89	51	-23	31	-92	14	2	-18	-25	-77	-71	2	-49	25	19	71	84	61	74	55	-51	39	81	-27	-21	52	-90
-7	12	-17	56	18	-66	-87	32	-82	-97	47	47	-61	-32	12	77	16	-67	57	45	-63	8	22	-47	72	-41	0	-64	-15	91	20	94	26	41	41	65	11	-74	61	15	-5	-91	-98	85	4	-38	-6	89	-10	-60	53	62	-48	67	-67	99	-81	98	5	85	-94	-28	68	65	-4	52	73	75	-93	43	-32	36	-13	76	-6	-87	21	60	5	-45	-62	-82	-47	-44	12	-75	-18	25	60	-94	-20	-99	-15	-9	90	-75	-43	92	-25	-34
-68	73	25	9	3	-90	56	-52	-44	56	98	88	-17	-55	-15	28	-83	9	42	93	28	-87	92	-37	-5	80	97	-71	-37	-49	30	-46	-31	45	53	-29	-63	-93	6	-86	61	19	80	-78	-49	-73	45	88	36	-99	-59	65	-93	-94	42	0	-59	-23	78	32	41	96	-21	70	-32	77	-63	-53	13	-56	23	-66	94	88	-5	35	33	41	-67	-47	21	-84	53	95	-24	-19	53	33	98	-60	-10	60	72	18	54	99	68	84	79	45
79	100	-47	33	-7	-61	-96	-51	-22	61	80	-5	48	-59	-90	0	18	92	9	-77	-46	-23	4	-14	63	0	25	53	79	-81	10	76	87	77	-13	6	4	17	91	-59	-37	7	57	52	-47	-54	54	44	-71	-70	-62	32	22	50	27	-28	33	42	-3	-1	40	-37	12	27	50	-54	-95	78	66	-55	82	94	88	-8	63	40	94	-28	79	88	-29	88	-62	-69	24	-12	-88	-54	75	-38	96	-7	63	70	0	-71	-96	-22	-43	8
-19	88	-54	-1	-23	-34	-60	46	97	5	72	47	-76	83	43	2	-73	77	-80	-71	89	-36	-12	-13	30	-81	28	45	-43	23	38	11	59	-42	-47	-60	-95	-61	56	22	-60	96	-51	53	57	-44	-4	16	-80	43	-63	-2	-62	0	-92	40	84	-16	48	47	14	3	-24	19	-42	-31	-87	-96	38	-36	89	97	16	18	37	73	69	86	32	7	-3	-41	-6	41	39	-45	-97	-63	37	-16	-26	-85	29	-77	-10	11	9	84	26	17
-18	-49	21	-6	-12	-29	-81	17	18	85	6	-79	-71	-76	23	-15	36	-31	24	-63	9	-44	-93	78	-71	-39	-14	-50	7	-35	30	1	-95	-51	-90	-40	-48	-92	-30	68	-35	-31	41	-44	56	-96	41	27	-22	-99	-99	-6	14	-94	34	70	98	46	83	-21	33	25	30	-31	-22	37	-45	-75	95	-56	-66	50	-93	78	-25	95	33	-14	13	-89	51	-89	71	-75	-69	-87	-16	0	9	-96	45	92	54	-41	-39	79	65	-97	-92	-69
-45	18	92	23	-42	5	-30	-96	-68	-13	5	7	-34	-23	-2	-25	8	15	98	93	-38	96	-31	62	-59	21	11	-73	-67	21	98	97	-58	85	30	91	69	-38	-56	7	34	-55	-38	-49	38	87	-8	7	-34	45	-36	41	4	-45	40	39	32	38	96	71	-48	97	21	1	69	77	-77	-34	45	-22	69	100	-92	-20	-35	-24	93	64	-92	12	64	97	37	81	1	66	-22	96	36	24	38	2	98	69	-24	-33	-92	-69	34	-84
-13	-7	-24	-2	96	-65	-47	-88	32	-75	31	68	-31	36	27	9	68	15	-100	25	52	-33	-27	74	31	31	92	-88	4	54	87	71	-52	-23	9	-54	-23	-35	51	88	92	-42	-97	84	-96	90	45	-53	24	50	31	38	34	-6	88	-90	-6	49	62	-31	-44	-79	-42	-64	-26	-76	-55	51	-27	-20	54	-87	-85	-41	-68	36	6	97	-3	-7	57	-39	91	54	100	63	-24	11	66	81	-18	67	-49	11	7	-1	87	-19	-95	-82
2	73	-84	-25	7	-98	-57	67	-8	-27	30	-57	50	2	-46	32	-31	-61	-4	34	31	28	-27	-75	3	67	-83	15	-83	92	21	-32	-52	-73	-55	45	96	45	92	-19	13	19	-34	13	75	53	28	-4	53	49	61	-26	-81	-42	86	75	-46	88	2	-19	85	-68	-67	-18	-84	37	46	-39	-88	-79	-61	-81	83	64	-86	-41	-70	80	46	-50	65	-53	-100	0	94	-28	23	-100	-91	99	-25	38	-87	96	59	-80	-8	52	44	46
90	-99	34	86	74	-90	-92	54	29	-78	-73	54	89	-30	-52	43	79	21	72	-65	49	-98	-22	38	14	-30	-73	-14	69	45	76	85	-89	-17	21	38	75	91	76	75	29	55	-29	-61	-80	62	7	-7	-15	-12	-36	-55	87	60	-86	65	87	-54	88	-24	-43	59	-90	-53	69	73	-5	26	-2	63	-1	-33	-31	-29	-50	-5	-83	12	-80	-85	56	17	80	-7	-23	50	20	44	-64	-73	43	20	75	-14	-10	-32	-46	-37	45	-42
15	-1	-65	-49	-99	-34	49	-72	-41	-75	-97	59	-54	38	-90	-43	47	3	81	51	-22	-8	8	-73	86	-32	-8	52	31	1	82	-19	10	-62	83	-14	8	47	56	87	-89	-78	-73	47	37	62	-85	71	-30	53	-7	50	85	-2	27	73	-8	47	32	-6	48	55	-3	30	42	60	96	91	-61	-65	1	94	-77	-29	-72	-75	71	9	-28	-21	54	-52	-56	22	1	97	81	19	-91	-80	-39	-74	-53	-42	-84	74	-89	-45	-18	54
46	-65	-71	94	31	42	86	-27	13	-26	91	-27	53	19	-47	-22	80	53	-11	-32	-95	23	-27	-97	-41	-87	-24	-96	-1	-48	-23	-8	99	50	-23	97	-50	-47	-89	-93	92	-24	-56	57	94	-68	60	-61	81	78	26	-24	83	-63	37	-20	-36	22	-4	39	-51	-57	-58	11	-78	-64	36	79	-33	-64	28	24	-60	79	75	41	-52	46	-65	-68	-25	-81	0	-54	5	-81	-33	-7	79	100	-4	49	17	36	-39	18	16	-24	-73	61
46	-34	-63	-71	-99	86	21	-22	-30	31	52	71	-38	51	21	53	-47	-87	82	-2	80	13	54	66	-13	-39	56	46	-73	25	53	19	-83	-28	-90	38	67	-13	64	-94	22	-60	-28	56	29	-7	19	-65	25	80	46	20	-88	20	38	46	-56	53	-40	95	9	83	15	-66	-93	30	32	-9	81	43	62	-85	17	71	0	51	74	-39	-63	16	47	4	-76	57	2	-83	34	12	93	32	-20	-92	86	20	-41	11	-93	-81	-55	-26
65	-45	76	12	-38	26	-54	-23	-21	-53	-11	-40	3	100	-49	-83	28	8	22	-78	-36	27	26	95	-16	35	22	-32	30	7	28	49	30	-91	-48	-42	-3	-55	-35	-69	90	-29	77	98	19	-93	-1	94	73	21	-99	-99	-45	39	-79	-87	47	-22	-77	29	-7	89	-66	13	47	69	32	-21	-65	50	24	63	46	-38	-53	71	-6	22	-93	14	-23	-90	84	10	34	-93	88	97	94	-86	-52	23	-45	-16	-59	96	-14	-16	77	35
-34	41	-62	85	-15	-87	-24	49	77	-45	-3	50	-76	-93	18	-84	-66	-41	5	-42	-14	15	85	-1	-2	-11	-6	39	-95	54	-45	54	-87	34	-16	-25	47	93	67	-81	85	-95	-73	29	99	47	-93	15	-26	-72	59	23	2	-25	37	-91	-8	-83	21	-47	-95	-63	-46	-57	54	79	-14	-83	65	-29	83	-46	-70	-50	17	-5	-81	74	46	-64	-1	17	-91	-42	-27	21	-70	3	-7	99	31	-32	-57	54	93	43	85	80	4	4
86	93	-39	29	51	43	89	-2	-63	-74	27	83	85	93	95	30	-21	63	-18	-27	21	80	-52	66	50	20	-90	90	46	8	-98	81	-91	59	-40	-89	-90	-52	86	-64	78	18	41	-51	-60	18	-91	11	98	-1	-15	-7	-1	-5	32	4	79	0	-60	98	59	-16	-75	89	65	-23	-22	-78	23	-68	48	-49	-87	20	-26	56	-48	5	73	61	68	50	2	-49	59	6	-71	24	15	-7	36	-47	-43	-63	75	-82	43	68	89	-21
55	-20	99	13	-32	-3	74	-12	56	-62	-91	-39	-33	88	-43	77	40	-14	-97	9	-49	-8	92	-54	-49	-57	-33	-62	-48	44	38	10	3	-74	78	-9	71	-22	73	-42	-26	-32	-76	31	-64	72	17	-60	63	28	-57	-16	37	64	-2	-74	51	38	6	-33	-60	95	-32	42	22	-57	5	16	-13	-29	72	92	47	-82	15	61	39	55	-3	-30	83	91	-36	-74	-57	-52	25	-80	-28	-56	26	64	58	-4	99	-26	39	-39	22	-80
98	22	55	14	-94	-60	-66	100	87	-100	57	-31	-26	-73	-69	-36	55	-86	-29	68	-65	31	40	45	-65	1	-37	-31	59	40	15	-39	-38	-87	38	-93	24	-88	4	99	60	12	-89	13	60	73	-70	-79	77	84	9	49	-40	-74	-3	-59	-34	10	-80	49	-27	-35	-14	46	15	18	-86	67	-74	71	28	-56	-74	-93	71	16	-97	-88	-81	22	67	-100	97	-55	-98	-46	-59	-48	-90	-73	-4	81	68	24	60	9	22	77	-6	-60
66	64	66	-4	-26	30	-27	69	-68	-78	87	78	66	-1	-10	-27	-62	-54	62	-73	-7	-48	66	99	-4	28	64	-40	16	64	-33	0	96	7	90	-53	26	100	35	13	-49	50	-59	-80	42	4	-3	-91	63	1	56	85	82	2	3	79	81	-34	84	16	10	-33	59	60	98	-92	-89	-11	54	67	-46	17	83	61	-64	10	-34	73	6	67	48	88	-63	15	-19	-18	33	-40	-1	-89	-58	-63	46	-53	4	7	-46	20	-51	-11
-90	66	-31	-85	51	-19	78	90	39	-81	-14	65	-23	43	53	-26	-89	12	29	-32	72	99	19	5	-53	40	98	0	-1	-18	84	15	-69	1	-21	-18	69	62	13	51	-99	-52	-28	-30	66	-37	-59	-24	91	-52	51	99	-86	-72	-73	22	-3	-73	-62	60	-77	48	-88	95	93	19	-31	99	30	16	54	-58	-43	-71	10	47	64	97	-96	-3	16	-84	-7	-60	9	-84	-76	15	-91	11	79	49	94	-12	-97	-10	95	-87	94	-53
-45	42	40	-93	40	-9	-93	73	-27	43	-16	53	-77	-83	-19	12	37	32	-79	-46	-76	16	55	-100	-20	-72	-35	52	-15	-27	-95	-50	-45	-53	-26	-61	-79	-12	-9	-90	-31	15	59	23	66	12	56	-51	80	-75	70	-71	-90	54	-9	83	-85	37	51	37	0	85	-29	-81	-55	84	-19	-71	-7	-93	-56	72	-99	-33	-39	-24	90	-88	-71	-74	-91	80	-75	60	27	83	-67	-46	5	-99	13	-31	12	-96	26	13	90	90	5	-31
