-33	-27	19	-32	-27	17	-21	-88	21	30	86	91	19	-39	52	34	-22	5	99	8	22	36	96	79	58	-40	6	-72	-100	-100	93	-99	88	-85	28	-39	-26	6	37	-19	42	-17	55	53	-29	20	-85	-54	-96	-41	69	45	34	35	-97	-12	21	-27	8	43	47	-27	70	-11	-51	34	59	-41	-34	26	65	77	40	-85	41	31	-10	-69	-33	-81	57	60	-56	47	66	-20	-46	37	57	-69	62	-92	70	60	-65	46	-95	92	16	-47
38	14	-70	11	-19	68	-88	-55	10	12	-81	-11	23	-67	56	-9	-53	-88	91	73	98	91	-47	44	-82	-24	31	-43	-32	-95	100	-59	-69	36	82	43	50	90	94	-88	-78	56	-10	71	77	-61	-14	-48	-78	8	-28	12	-93	-40	81	73	-41	74	14	-49	6	-73	29	43	13	-88	-13	-63	-78	-78	-8	0	-24	-96	97	-34	-99	82	-50	-25	24	-82	-41	19	-23	-66	71	8	-69	-91	-70	42	-33	-95	75	4	45	52	42	-70
-70	32	-9	-62	-8	46	15	-85	-58	40	12	34	61	5	-76	-60	-61	21	-80	-44	39	-31	93	-21	1	49	68	20	60	79	-99	64	-2	4	-66	-48	32	25	28	-43	-63	-36	-31	38	27	26	6	-79	5	31	-73	90	84	-72	-66	-76	29	66	48	19	18	-48	-92	21	94	-6	-85	91	-41	96	70	-99	0	50	-57	-30	-40	52	57	-46	2	-81	-50	80	-95	62	-39	-94	11	1	51	38	32	-23	48	9	-9	-71	-51	-50
-7	-6	-39	-63	12	-26	-66	65	46	-77	-6	14	7	-2	-41	-49	-95	-57	-25	3	-62	88	-100	-23	56	-33	-26	-62	-21	4	-85	-73	-97	-83	88	41	1	-62	72	-58	-11	-36	86	-25	87	-28	3	1	74	-30	64	-13	-60	-83	-15	75	-60	-50	50	23	-58	-15	87	73	8	-57	88	-88	46	69	58	-23	-99	-55	99	-64	10	-64	59	11	87	85	-65	18	-70	-81	-28	-82	-69	99	-21	-54	61	-71	-86	59	-34	27	85	-77
78	-89	25	-67	-88	-13	-12	71	64	-18	31	-88	43	82	-5	-4	98	-56	36	66	81	-42	32	-98	-17	85	24	22	-20	16	-46	33	-59	11	-95	12	17	28	4	-66	81	-90	78	8	-55	-86	61	-33	83	74	15	38	1	28	-31	-89	-97	66	-25	86	-81	81	40	53	13	0	-83	-6	-41	-46	-93	57	-35	-35	64	-78	-83	80	-64	-38	5	79	21	72	70	-89	-99	45	31	-91	-44	-7	60	95	30	94	95	19	-45	-66
-70	19	20	-10	17	-88	21	95	76	-7	-61	66	52	-28	-96	-43	15	68	-42	-58	-2	-91	-32	-26	19	-100	-65	91	59	-55	-84	-91	54	-55	2	-77	-33	84	-50	-66	-89	-11	8	-23	14	51	-66	-48	-37	-47	76	94	-20	-51	-53	-15	-38	79	-82	-33	-90	40	28	8	38	74	15	15	25	46	-76	-70	72	-49	-32	3	83	46	14	-78	21	-64	-61	-70	96	5	-24	92	79	92	34	-16	-63	-28	43	-8	-88	-18	-76	3
-66	88	-65	72	-35	85	-61	39	49	69	-93	54	68	-15	50	-28	73	-87	-92	-100	59	-12	-8	23	74	-40	80	-3	-28	87	-24	58	-66	-52	73	54	78	36	-42	-43	26	-70	64	17	-30	-69	73	-65	-7	-23	-64	29	-4	-41	-5	10	54	81	59	-78	-28	49	-38	-45	-62	-64	-32	28	-21	20	-2	33	54	45	-51	73	-86	87	-43	-84	0	75	60	-94	38	60	-88	-63	-72	8	19	-95	42	-7	-90	-71	-96	-2	89	-8
76	17	-57	81	-85	-100	-23	64	-87	20	64	47	-97	90	-85	93	-37	34	-100	-50	-73	-60	78	-47	-34	25	34	86	95	-49	-43	96	-64	-95	37	-71	90	-25	71	23	12	56	-4	-39	-25	68	10	11	-82	28	-14	45	54	-69	-83	-25	74	41	78	-99	-46	-8	-17	-53	-6	-14	50	72	-40	-99	-85	-50	41	-81	-81	45	-23	60	96	-37	45	64	29	20	-46	60	33	86	-29	-16	-20	-10	-6	-9	-85	39	66	29	-41	-9
15	-26	71	-41	63	50	100	60	47	-13	99	45	99	-95	74	-46	92	34	12	-12	-4	50	66	-16	53	67	-46	76	-60	-23	52	-56	-31	-40	76	49	-35	-39	5	27	95	-20	-1	-54	-70	-41	-92	-15	28	76	-54	-23	80	-46	18	42	-18	-7	-94	-70	24	1	20	-13	89	-72	63	61	-54	7	-51	11	-46	21	-26	-79	99	-78	26	53	56	-88	61	-58	-94	13	34	62	9	-89	40	1	46	-48	-32	84	-95	-92	51	40
-49	19	-95	-97	28	47	82	62	-62	-9	-10	-83	13	93	23	-52	64	4	-30	-75	-24	-83	25	-38	29	83	-78	-21	96	63	60	-20	65	-17	-22	81	82	37	-59	-1	-90	73	21	-81	89	40	-56	95	12	-60	-75	-88	-3	-79	-77	-88	-58	45	-79	-16	-60	19	-64	-46	50	84	59	-47	14	20	20	53	26	88	100	39	-81	43	64	73	73	5	-23	-84	-23	69	-89	57	99	25	-62	87	-89	-79	-93	-78	44	-81	-57	64
18	82	-80	85	-23	65	100	-63	-77	51	-8	60	2	-50	85	32	-90	4	95	98	-93	-97	90	45	-92	-66	-82	-1	-48	-24	-40	13	51	100	24	57	-21	60	21	33	94	76	38	-80	-92	-44	-6	-46	-80	-30	88	-2	70	88	-96	-6	-93	25	-3	58	27	-40	-79	88	63	37	-97	-58	-50	-1	-16	-96	67	85	-36	-23	51	-16	-91	46	45	60	15	-34	-96	79	-20	52	-64	-67	-57	83	26	7	31	40	-83	-100	81	-34
-15	-100	61	31	-79	6	7	1	-57	24	-96	95	-98	90	-45	-23	28	76	37	-85	50	-82	-5	20	-81	25	-45	5	67	88	-64	-56	26	-20	-84	9	-84	-84	100	-85	60	-5	-72	-80	-100	60	-51	81	-25	49	16	-91	81	49	-19	-71	-68	-1	-99	-27	-54	-49	90	-8	85	73	67	80	0	-71	-11	42	70	50	23	67	-34	-37	-8	78	-77	79	30	-97	8	-36	61	99	27	-55	58	84	83	33	71	51	-5	42	34	-31
30	67	87	20	-34	44	66	-50	31	78	-77	92	-88	98	-69	75	53	1	23	43	-58	49	-3	3	-97	-39	18	-51	-29	-53	-57	48	-72	-76	-94	-35	76	94	-4	86	-2	91	79	-23	-15	-37	56	83	-23	8	-6	16	14	-56	-56	-52	13	-69	-65	-2	29	-100	-96	100	31	22	97	-30	2	-10	52	23	-76	44	-42	96	-90	27	44	50	-18	75	-94	97	-100	-1	-86	95	-86	22	69	-93	0	12	-87	12	-64	-94	-54	-32
-60	-21	-39	60	-75	20	-63	-62	-80	-99	-57	84	59	9	-34	23	-77	97	34	16	-32	17	-79	53	-93	-82	16	-88	50	-10	-82	-81	-82	-2	62	93	28	-44	63	-90	-75	19	-99	-49	-99	68	-15	-83	35	-59	9	-31	-84	56	-69	29	-2	-31	-25	-13	28	55	34	-51	65	40	-9	-64	-49	-51	82	-100	-12	-98	-1	10	39	-31	-95	58	31	9	-40	74	95	-18	26	57	-55	-10	-30	43	-13	-30	97	3	-15	-41	73	30
-11	-12	-69	-32	86	-21	-93	-73	80	-3	34	82	-79	-25	45	36	76	-65	-82	-99	25	34	70	98	-23	99	3	69	-35	-59	82	1	-47	-33	-22	-7	-51	35	-81	1	-26	-72	-12	-42	41	60	40	-84	16	-21	-26	-23	50	-48	-4	58	-6	3	97	-60	44	97	-16	-64	18	-89	17	40	-58	63	21	-18	17	68	-12	-54	-80	38	20	-32	-64	-85	43	32	88	86	-41	-17	3	59	-4	-58	44	7	4	73	7	23	26	-32
10	93	23	-44	39	-46	-62	100	-83	57	42	-95	16	57	-85	98	-81	-95	29	-64	81	23	-91	73	51	-76	80	-23	12	-72	34	-11	-22	-53	12	-92	70	47	94	71	-10	-9	-33	-76	-41	95	86	-50	67	-46	-59	-19	-64	-6	-3	-4	-42	12	-94	-3	-19	-8	-70	-37	97	-4	83	-76	42	27	71	70	-68	21	90	-3	-19	88	98	-74	85	-47	-62	47	14	-62	3	71	-15	-69	63	70	92	-72	-41	77	84	-25	-67	27
-91	-1	-80	-92	81	0	-71	23	80	-5	-25	70	-42	-34	-90	91	35	72	58	56	4	-75	95	-93	32	-69	-81	19	50	-11	-30	-20	62	86	-94	85	67	-78	30	10	75	-73	48	18	-4	75	92	10	-13	31	-15	44	1	-24	-28	32	-33	28	75	-36	-57	57	-38	11	-84	-66	-56	-27	23	72	-36	17	8	67	-44	-73	17	73	96	96	-49	-82	-84	90	47	72	-2	46	-73	99	-88	71	-21	-77	77	-73	35	-32	-78	10
-62	43	91	16	99	78	-84	-27	98	16	26	52	-13	-12	-32	33	-43	-77	-9	-21	-89	-22	-100	-58	-39	33	0	28	33	35	-4	35	28	-92	15	-40	83	-9	9	99	19	54	-1	38	51	4	46	-27	72	62	-41	89	89	3	-67	32	-56	-31	-34	67	-92	-36	-26	48	14	13	-29	-10	53	64	-98	-13	-71	46	-18	-85	90	-93	43	8	14	100	4	43	-59	84	-11	-38	25	53	-94	37	-91	-77	19	31	-59	-24	-36	-14
60	26	-94	73	-85	61	34	-68	5	35	-16	47	-99	1	18	97	76	-21	79	4	-44	26	-57	-89	66	-80	-17	-59	53	-52	-26	-76	-95	5	-66	0	44	59	-49	-76	-37	-24	65	-63	-10	5	-78	-69	20	-78	9	-87	-25	94	33	-13	-36	6	36	96	69	94	46	18	-3	44	-59	-17	48	50	53	-92	24	-53	-5	49	-49	65	-71	-87	23	-19	-60	83	37	17	96	-7	93	88	-95	-20	-44	-58	-54	-59	-57	-74	58	0
-30	-83	-12	-76	28	31	82	73	3	20	-96	25	87	-96	8	49	91	-31	36	61	46	67	-78	-60	66	43	41	14	66	83	-88	-59	58	-97	28	-6	33	-80	-59	-78	70	6	19	52	-50	-59	94	29	-83	98	66	24	75	-97	13	-37	22	26	-81	51	-1	-56	86	-40	86	-75	-19	33	-56	-30	-71	-50	39	-36	-69	-90	22	52	45	-82	-11	-24	40	70	88	-40	-93	-63	-99	-37	-85	-89	58	-41	-94	-50	61	-43	57	-84
19	59	95	63	-10	33	-8	54	-7	94	-98	-21	86	-69	91	33	-81	18	76	22	-89	79	-58	-28	-28	14	54	-16	40	40	35	-32	35	-41	53	-68	55	-98	-13	-8	-79	-68	-88	-77	52	-61	98	-92	56	-80	-9	80	-55	92	82	-46	38	37	-47	-92	-27	-87	44	-77	-38	-41	61	-89	-43	-19	79	44	-82	-13	-95	-14	-2	76	36	-44	-86	-2	23	-75	60	39	84	44	0	38	19	-77	87	-79	86	26	46	52	-28	94
84	10	-70	-13	-1	54	-39	46	34	-16	-14	-49	-25	-77	65	78	-10	-81	-46	-41	64	-30	36	89	-79	-41	30	37	54	-58	68	52	-10	54	83	-85	-77	-57	96	-14	82	-63	-24	45	-81	62	62	-2	20	-70	25	-74	85	-3	-91	-14	50	-72	-20	-82	-29	-60	-25	-6	-41	-3	9	81	80	69	-64	98	-92	12	-55	26	-65	-30	11	68	85	-68	-62	0	-46	-68	2	71	-64	-21	-18	72	-74	-67	50	93	59	42	63	-90
-12	35	33	-42	92	48	-22	-23	0	-24	-33	-98	27	-84	-69	88	84	68	42	88	-27	-8	-34	-19	11	0	-64	-48	56	-99	-2	65	44	50	-31	97	-99	-48	26	72	100	47	-60	1	96	30	-86	94	22	-94	-15	49	-88	-66	-80	72	-59	5	-5	96	-79	66	-29	52	17	48	74	-55	-98	-94	-33	-24	5	-38	49	79	-91	-54	-91	-81	-81	-75	68	48	-77	11	-63	-63	-82	52	-40	50	80	0	-35	47	-16	36	-51	90
22	36	-83	-91	46	-14	72	-49	-3	23	-1	39	19	67	-29	-74	36	-11	49	-10	38	-76	65	38	14	-48	-97	-87	-10	-22	-23	46	41	-71	35	39	85	-40	-70	20	24	-93	97	-56	25	74	-5	-89	49	79	-12	52	90	28	-49	90	97	23	78	-86	99	30	3	-9	6	-1	18	-78	-85	80	50	28	77	-90	-48	-89	11	-73	88	0	-20	-62	-54	-33	-34	57	50	57	58	-38	52	87	19	99	45	-88	-22	-66	7	22
-14	27	12	53	52	-55	-97	-71	24	30	29	87	3	47	19	56	-23	-100	-69	92	78	75	-65	-33	26	90	13	-29	-13	61	66	-86	68	44	76	-34	31	-68	-71	44	-4	8	20	14	100	-77	78	-56	-56	-86	30	12	49	-46	71	-71	-8	66	-35	77	23	50	-87	-93	-36	-84	-5	2	69	-87	57	-95	-11	49	94	-19	-2	-64	-86	-89	46	56	31	-21	-61	94	-47	-29	-34	-24	-20	19	91	56	-69	-69	8	-62	85	-32
85	8	-77	34	-17	4	51	66	74	99	30	95	1	60	-8	-22	72	-37	31	91	-63	11	-46	-53	-31	73	53	62	-99	56	-63	100	-3	5	54	100	53	-8	-5	65	-53	-37	61	-3	88	-87	-17	-34	-95	-41	66	-96	6	-92	70	-38	-19	96	33	-25	73	100	71	-47	96	29	69	-47	99	70	83	-100	76	-87	53	-26	-89	40	5	-32	-78	76	-82	-41	46	5	-7	74	-63	86	-93	-34	-23	-31	-100	-43	31	13	75	-74
7	-31	-15	-74	-90	4	4	25	74	35	-53	-14	15	46	46	-15	-74	92	-70	9	96	21	-97	57	70	88	64	45	-43	-52	-95	-82	-24	54	91	-57	69	86	57	95	49	86	19	-93	-19	-37	-81	68	-13	83	51	76	53	-99	65	35	40	22	26	35	77	-18	-77	6	-53	82	-17	97	-39	60	22	-76	87	-44	28	38	93	-26	66	-17	94	-7	-17	85	-9	-46	6	95	-88	-68	-93	-82	8	-16	-40	-27	-46	77	-67	-84
37	-15	-33	-36	-84	87	1	19	-13	-59	-95	-33	89	65	-11	67	-92	-8	-89	43	-44	94	51	-91	38	-42	-1	-48	-79	23	21	94	-67	-67	9	49	-90	-82	-75	30	-42	-23	-78	-39	-80	-7	-46	-33	5	19	-46	-68	89	32	31	-55	-8	66	-96	44	-3	-32	-58	14	-62	100	87	78	-97	-89	-83	-14	12	-30	78	76	59	-58	-64	-57	-46	53	14	-88	88	16	5	1	14	42	-34	6	-85	-35	14	86	-4	-45	27	99
-76	-21	66	-37	75	24	44	62	27	5	-97	-46	-84	84	-51	16	-9	-13	-27	-54	39	38	28	-26	-76	-23	72	49	-76	62	-23	-95	-38	-90	81	-16	79	38	-93	26	86	81	-44	4	-57	37	88	43	78	-25	-52	28	74	67	-99	4	14	54	85	33	-9	20	10	26	-61	86	82	-20	37	27	-26	33	-41	-36	19	-62	43	40	-31	33	-73	18	-45	99	-96	11	34	71	-3	-72	45	-66	-51	6	-96	-18	-52	2	-14	-41
-39	60	81	86	-45	-18	-84	27	-53	-24	-61	2	96	-7	-34	42	63	-48	43	13	9	-71	-9	62	71	-32	98	-11	1	-40	22	34	-66	-74	-95	4	-45	-56	23	83	28	-15	91	-20	-77	3	95	-55	26	79	-42	25	-82	42	-70	-22	-67	68	-18	63	-42	-67	-11	-92	72	82	47	33	71	33	-16	51	91	14	30	81	56	9	43	-93	-3	85	33	-98	-94	-38	-53	-97	-21	59	-64	-84	62	-27	47	-15	86	-30	71	-44
55	75	99	-51	-34	28	31	0	86	27	92	98	70	34	18	6	-68	-15	72	53	-97	73	44	86	96	92	-55	-29	70	-23	16	-61	17	-22	5	5	-63	-7	38	93	41	-41	-99	30	93	-27	96	-14	67	-73	-92	-14	42	-21	-83	94	26	64	65	54	-63	77	4	-14	11	-100	-46	-52	9	-25	-52	-99	-65	2	15	8	12	10	-18	-89	-81	-23	-93	-44	25	-90	23	37	99	61	85	-90	-44	59	17	-66	-13	-83	81	16
-36	52	-6	38	-88	-32	-14	-96	33	-8	-27	51	-8	82	29	-11	-59	-50	-78	18	-91	76	-15	-97	-45	73	-81	-81	-11	24	-94	43	76	50	9	21	-89	23	13	-93	-99	2	35	0	-42	72	100	44	-21	-50	-40	33	-31	-78	-3	91	1	40	2	66	26	95	78	-82	-79	-99	42	-68	-26	-40	-14	59	41	35	-34	-71	97	-3	100	-58	14	-58	-54	38	14	-71	-13	44	91	32	-7	4	1	94	99	94	79	98	22	15
-71	37	-73	-64	-47	-29	30	-64	-65	-20	0	69	-62	18	70	-82	-71	23	4	85	-66	-12	67	-31	96	-48	-5	63	69	8	48	-61	-34	-60	-31	25	2	-73	-10	-83	7	-32	-88	-20	61	87	-74	-74	-20	89	-63	-41	-82	69	-11	85	39	64	-75	-34	21	35	-87	-24	-78	-69	-4	-63	28	-33	13	5	79	-96	81	-13	-100	99	13	76	-63	-35	-43	-95	-33	-6	58	42	-64	75	-65	-31	-70	-46	-32	-47	99	-90	-93	30
-14	-58	-63	-12	-98	82	37	81	-6	-29	-1	59	54	-53	6	-99	93	-21	-4	-51	73	21	47	-99	72	-67	-12	-9	82	84	11	41	78	13	-38	13	77	-67	3	51	-21	-63	-51	43	-61	61	-12	-81	62	-39	-50	17	64	2	5	87	-26	32	60	1	-65	16	41	-73	-31	-86	47	-51	-82	-36	27	-45	25	6	24	52	-75	68	-28	-73	90	82	-90	-20	-7	-100	-96	57	-32	36	-84	56	21	37	-39	6	51	18	24	-82
60	-28	-11	81	-88	64	-96	37	17	-77	70	-11	36	35	-70	29	95	-25	-15	89	22	-55	-56	94	89	-4	-56	35	2	-76	83	-29	97	92	-46	-91	-2	-61	48	-15	90	-29	-3	4	46	-70	-64	30	32	-69	-60	3	-97	-32	48	-35	97	53	-85	82	62	-83	-92	66	-43	65	-46	-82	92	43	-66	-48	-20	-23	85	-14	-93	88	82	-4	-79	-20	0	-84	-85	-91	-12	75	31	1	41	91	-58	-24	-86	86	-35	90	-29	-29
-70	-55	15	-20	39	84	-8	-60	48	69	-57	-10	40	8	-1	46	-14	65	26	-18	-42	73	59	-90	51	67	23	8	-49	45	26	35	30	82	42	-87	2	-3	-28	79	40	-24	-47	19	-86	97	7	-5	-14	93	39	-50	-11	62	-64	-14	54	-68	70	-74	-25	50	-69	36	-25	16	-82	-52	-71	-81	-35	-26	-19	59	46	58	-18	53	93	-96	80	87	0	19	-74	57	-82	-61	-44	-52	-59	72	-56	-32	-46	-18	-95	77	-1	-21
87	-100	-67	-51	43	35	-49	-48	92	-6	-89	93	44	36	-100	-97	76	-42	0	66	-15	-78	-50	-51	-98	-91	-24	-66	-83	-23	85	-24	26	-10	26	-17	9	83	-66	-30	-55	8	-5	-22	27	61	-17	-98	-100	66	-73	64	11	-61	37	-68	86	-22	44	47	65	69	-78	42	-55	34	-8	-58	46	78	-46	77	4	-34	37	-19	37	74	-53	12	-67	54	-26	24	99	-25	-14	-40	95	66	-59	-15	29	-25	2	-61	-34	-100	58	-21
-73	-11	-30	51	30	-25	45	97	23	57	-59	30	44	71	-48	9	97	68	-91	98	35	-64	-35	24	-42	54	54	44	-5	-65	79	-87	85	-55	90	24	-85	-41	97	59	-38	-79	65	-6	-87	-66	6	-33	45	57	79	66	44	-8	-18	-40	-52	-92	-44	-8	21	38	-53	14	16	98	92	10	28	60	-99	70	73	48	47	30	67	-82	28	-42	-55	-59	-7	-85	-18	85	-17	-18	52	-86	93	74	39	-81	7	45	-7	76	-90	26
31	31	-15	-20	-17	-65	28	58	67	5	-94	49	18	11	-38	-13	18	70	22	52	-46	9	-31	-79	-67	-34	-17	42	-83	62	32	-27	38	-5	-84	-44	93	-54	-51	16	-72	42	39	-17	91	49	-24	-9	-49	-52	-4	-27	-16	12	-17	-16	-81	-23	92	-20	-9	40	32	-24	58	56	-62	41	75	-16	-53	72	-71	82	24	-79	11	20	34	47	92	33	11	43	-44	-12	51	17	95	86	72	48	13	6	91	-48	93	-60	53	-47
55	-38	-31	49	-39	33	47	40	12	60	0	-48	-59	59	-51	-17	24	91	12	20	-55	46	59	43	-72	-67	-40	66	5	-100	-63	-66	86	43	-70	33	-41	-60	14	-17	-82	-97	12	67	-43	-9	-80	11	-91	-80	-86	-16	-2	0	-100	10	95	-27	-67	-9	14	-18	-68	-61	-14	-12	-43	-27	52	-88	77	22	14	-47	12	77	-85	37	59	-93	-45	-61	84	53	82	11	-35	85	-56	99	-27	6	-24	-93	-96	-48	31	-79	27	-30
99	88	39	-29	-48	-62	83	61	-17	-24	-11	8	49	2	30	58	-49	95	-11	21	-84	44	67	-88	20	-32	99	83	-73	-58	98	-26	-88	-73	75	3	-97	-98	-65	-36	-59	67	-9	-35	57	61	18	-50	-45	93	55	-78	-28	-65	-27	-46	43	-75	36	66	60	97	-65	33	-95	-8	-38	3	78	21	43	55	-86	42	-83	99	75	-6	6	-68	-91	32	28	-73	-100	47	16	-65	-5	85	-50	-97	-46	-10	93	96	-94	94	-83	96
-75	-22	79	76	-33	84	6	48	-76	55	-64	-14	56	15	-50	49	16	4	60	82	-85	-55	20	-70	-99	84	-86	-89	32	80	100	76	75	21	53	-1	-45	-80	1	-47	-18	24	90	98	-18	16	-14	-26	-56	40	12	9	3	-33	-13	-43	-86	-38	78	89	89	22	24	-52	59	-89	78	-67	-100	6	36	-90	11	56	3	81	-70	72	32	66	14	-30	-6	-82	-40	-32	-24	14	-20	43	-94	-38	-20	-38	45	-32	-47	-78	20	-57
-30	2	50	-64	38	-47	-98	1	32	-61	-11	64	-18	33	-16	95	-72	-53	16	-64	16	-10	-35	-96	-22	-64	-78	22	-65	87	43	18	2	-29	86	-95	-85	86	36	9	-44	-65	-73	80	-28	-61	49	-60	-65	-42	54	-63	52	62	80	-13	59	-16	-72	-13	71	35	-37	-21	57	-27	-53	-79	-26	54	18	12	-63	-37	-45	39	-24	-23	88	80	93	84	-11	-29	3	31	-36	-9	94	39	90	-54	5	10	81	-67	-47	-82	60	7
-40	-11	64	-10	-53	47	27	-32	2	-59	70	55	-38	40	65	50	-43	-4	97	-81	-78	-27	-91	78	29	-23	-71	53	-2	62	15	-29	64	-3	1	-41	90	53	63	-3	21	-94	44	-50	-42	72	-8	86	-2	32	90	-9	-40	90	-76	-48	100	-34	-16	58	44	27	-41	96	17	-70	-13	-77	86	-91	62	-33	-77	26	73	-25	-86	95	-4	-34	-65	-7	18	-28	-69	-82	62	70	-73	-48	92	-48	50	-82	-8	70	-55	45	2	-43
-2	-84	-81	-29	-70	45	38	48	-22	-96	-7	-57	-87	31	91	-33	-29	-52	17	-5	14	69	-70	78	-22	2	64	8	-9	26	21	-76	96	-12	-54	31	-80	98	-36	100	-58	-25	-47	26	26	13	-77	61	72	-28	-17	-87	6	71	25	99	-59	31	-44	-76	56	-62	83	18	5	82	-79	-34	14	28	-8	74	26	24	-10	100	-53	72	60	-42	56	-62	52	92	-78	81	73	53	-25	43	20	59	70	9	-78	-70	-53	66	81	-95
45	-78	-39	-63	60	-66	-88	-1	-41	-37	-36	75	7	-39	38	27	-13	-5	5	76	78	-78	-89	-41	-13	69	63	63	-1	68	-60	88	20	91	-69	77	-46	-38	6	51	60	31	-3	-60	86	56	11	-33	79	-68	-89	60	27	35	68	-48	-36	-80	20	-98	32	-47	-99	88	81	33	-91	-32	-19	54	-56	10	56	-53	-25	-82	50	-7	-80	-14	-44	62	83	-76	25	67	61	39	-19	-55	-28	76	-42	-66	66	-76	-11	-94	-4	-56
-4	48	42	3	0	-40	-77	54	96	31	98	-90	60	-84	-23	-43	-52	19	61	75	-49	-94	1	-30	-24	-67	42	-74	79	81	-36	-100	75	91	0	80	-56	52	98	-26	-49	83	-33	58	8	95	7	75	90	-83	-88	41	-68	-6	12	15	67	80	80	14	-64	63	91	66	-12	-59	0	75	-26	-71	-92	-50	-20	-40	-97	76	29	16	-74	22	96	-21	-48	-61	-36	-65	72	41	6	-98	38	41	-66	14	-5	-22	-29	44	36	31
-49	17	6	-2	-14	-9	10	-47	-55	-52	61	-16	7	-21	74	63	-88	54	-43	11	65	54	29	87	-80	33	76	84	-99	62	-3	98	-44	-12	-51	16	45	36	33	-17	-13	-65	-54	-5	-7	-82	-100	-9	24	-99	-35	98	93	-42	22	27	-25	14	7	-75	-8	62	-74	15	56	-15	9	29	-80	-40	43	58	60	0	-6	-57	-43	-24	-67	50	89	-56	100	15	68	46	78	-64	49	98	17	66	63	81	63	82	86	-41	-99	48
13	61	7	57	-20	74	37	45	45	38	-58	-13	81	-14	61	-37	74	91	50	-68	-42	77	-41	5	10	43	-80	23	-4	-95	7	76	11	17	40	-54	91	-64	-68	-27	-94	-21	-41	-65	-72	-86	-79	-85	-26	42	-96	49	68	28	-49	-63	-45	-78	-32	32	28	47	-28	85	-52	81	58	-71	24	30	-65	-18	-54	-27	57	7	-56	-22	-7	-5	-16	-47	33	-5	53	-11	54	-78	13	75	62	-93	-32	80	-52	18	-15	22	55	65
-99	-99	42	41	38	-49	30	68	88	-85	-18	70	-44	4	17	-1	-88	-3	13	16	-11	-26	-62	26	12	84	45	-18	-7	-51	-42	-93	20	49	11	81	0	-79	-40	-65	84	37	65	59	83	15	38	-100	-37	-21	63	-100	74	63	9	-11	-91	-54	-52	-32	-86	55	-74	93	70	74	87	2	57	-75	-41	-52	7	60	33	-73	2	77	-64	-80	-54	37	12	-39	-78	60	40	14	-90	2	32	-97	84	-81	-36	65	36	-40	24	-90
-86	91	-17	69	-25	-77	19	-52	-13	25	-76	-65	57	75	66	-38	46	-79	22	-52	-45	5	70	89	60	-99	-65	40	-84	13	-79	90	43	34	96	-70	76	-25	30	-54	-5	-35	31	22	39	100	-48	42	35	11	21	-31	-80	-68	-48	57	-58	12	96	98	-71	47	-2	100	71	26	44	64	86	-46	-73	25	73	68	-3	-81	-32	54	2	-30	-96	14	-95	-9	60	61	-86	0	-94	72	-50	-25	-69	-9	-81	16	-42	63	68	98
-16	3	60	-39	-27	92	7	-38	93	18	7	34	20	3	-23	99	-30	70	17	65	-74	-63	-3	-17	-25	12	78	-73	8	-66	22	-73	52	38	-12	33	-55	0	-27	5	85	56	-92	-47	-91	63	23	49	-23	99	-44	-23	-88	10	59	-26	-34	-75	-69	18	41	4	30	23	29	81	-66	56	21	12	-82	-46	-27	-81	63	99	-4	55	-78	84	64	-70	-97	57	-52	69	0	30	-71	82	-88	7	-47	-31	-27	46	79	86	8	-4
32	72	76	-28	23	74	-50	-41	-71	-15	-87	-21	-54	5	-86	74	-21	7	75	-81	-46	-69	69	-70	-58	37	93	9	32	-12	-31	80	67	20	-79	-59	63	58	20	84	-50	-44	-3	-1	-28	-65	75	-31	51	98	-14	90	21	-86	-15	-4	78	-74	91	26	67	2	-21	-11	59	74	-72	-85	94	-75	-57	-31	71	75	74	86	46	87	36	42	99	-84	82	89	65	-25	-18	58	77	51	62	-14	67	-68	53	1	62	61	56	-47
87	-54	35	-51	46	-57	-87	35	44	-24	-84	-32	-59	-21	99	-3	17	94	12	65	-74	74	40	-16	68	-49	-30	-1	19	3	-15	-30	-61	44	-38	-88	-54	12	-15	-69	27	88	-50	3	-31	98	-8	69	-90	89	12	-66	4	-10	98	-70	95	98	11	84	30	97	80	-85	55	0	-60	86	-89	94	-44	-43	78	-34	7	-69	-36	35	-1	74	35	-99	88	-31	84	-94	74	-83	84	-2	28	28	-14	-71	-69	-8	36	94	-92	32
-23	83	6	-6	-87	-50	66	-12	97	-11	16	22	-28	12	-36	-5	53	73	-1	6	-19	61	-65	68	-86	55	-67	64	-56	-9	-67	50	26	44	-8	-16	22	-92	45	-3	6	-84	64	85	31	-73	47	28	50	96	-71	-55	-44	33	100	96	-63	-86	-47	-22	37	4	34	38	-74	-6	-28	20	-95	58	-23	6	14	38	-37	41	45	90	-22	-89	8	69	-26	-84	78	-13	-40	-65	-73	17	52	46	-95	25	-68	-76	7	-50	23	-30
-31	77	-33	9	48	20	61	65	-1	87	52	16	44	16	-69	64	-69	-39	-4	-11	-29	4	-54	6	64	79	-85	43	-55	83	43	-93	0	-22	42	-96	100	-21	-28	64	29	-25	-82	-68	55	-40	31	-79	-58	33	-29	-76	68	82	48	68	55	-32	-76	72	63	-83	-81	31	25	-94	62	-99	-6	-62	33	65	67	78	-98	-45	21	-44	-10	-18	57	-33	-94	-45	-97	62	-63	84	-3	-77	38	69	91	-3	62	-1	-47	-16	-25	50
-31	-72	-11	20	93	-50	15	53	90	-59	-53	77	93	-68	30	30	94	-34	32	43	-73	-28	-13	-99	78	-59	-98	49	-59	-73	-21	-100	-12	64	34	-8	6	-68	-10	-48	-91	72	70	-35	-51	-3	92	79	-99	33	-44	-23	-76	-25	84	-3	72	1	46	-15	-87	99	-50	-54	56	-26	98	63	-59	23	-33	-51	-6	-47	40	-49	-51	42	94	-20	17	95	-99	48	10	-2	-34	69	-27	-68	-91	67	29	32	74	20	77	35	52	28
-43	34	65	65	-46	-54	85	-53	71	92	-14	-21	42	-78	88	67	-77	-38	-20	-62	62	-89	19	-8	-99	18	-77	90	-81	-3	-35	72	-5	38	-32	-17	26	-60	1	-54	65	5	-23	-54	-33	-41	-86	-92	5	-45	17	85	4	12	25	-43	-58	78	74	66	-89	27	-49	-89	-55	81	62	43	52	98	-72	2	72	-26	-98	-54	-82	-95	46	-55	-71	-78	62	42	-67	87	-15	9	-11	72	-38	36	92	-78	-21	99	-23	75	-39	34
-16	80	33	55	-28	7	6	15	-4	43	-87	-40	6	-14	-49	-75	6	-41	-38	26	-50	85	6	99	-1	14	78	-98	-64	-39	89	42	-43	70	92	-74	57	-5	29	-6	84	54	-57	-63	-49	-65	-55	-92	56	-17	-90	-70	15	81	54	68	99	97	65	-34	-2	11	-19	-66	58	67	-73	-85	-70	54	-32	17	22	3	-93	32	45	-73	-97	-98	94	38	28	-84	75	73	-17	44	-32	-36	61	-71	-75	-16	-3	7	-11	-61	44	60
-52	26	-35	0	22	-25	-45	-40	-22	-14	-20	74	-54	-15	-15	-56	-19	59	68	-62	47	-38	11	74	0	16	91	98	-90	-76	6	81	-45	9	-86	-12	-42	77	-88	-56	-52	-97	46	15	10	46	45	1	-47	-5	59	3	-50	-45	16	82	32	24	-2	-26	-33	56	98	25	79	33	-19	37	3	46	-22	45	-44	26	42	-83	-80	-56	33	-71	-98	-7	11	23	-90	53	67	20	-7	1	-63	-94	-82	-62	46	-64	-87	38	-88	10
-67	74	-24	29	-54	-32	88	-23	9	49	-41	-12	-34	-64	17	94	57	51	91	7	-50	-69	-92	-45	-83	3	32	-69	41	19	-41	-65	41	100	70	-89	13	85	-8	45	-12	43	61	-38	30	-61	-11	43	31	-25	57	34	76	-74	23	-45	67	83	-63	14	91	-24	42	-47	-2	-37	7	-48	-50	18	-7	31	-42	43	-86	28	-17	-35	-78	-86	36	76	0	-64	-58	-22	-60	60	48	-76	80	-9	-95	28	-51	38	-47	-76	96	-11
-75	29	-93	35	63	93	-43	-9	48	60	93	40	-65	18	-8	-59	-32	-19	-2	95	-61	-11	2	-82	12	-31	28	-77	58	41	34	-97	-67	78	-26	42	7	-39	-3	52	-43	-92	39	74	37	50	-36	-46	-80	-7	91	-67	19	18	49	67	-94	-91	99	-31	30	-64	53	-53	32	-75	-50	-34	-73	-84	73	-30	87	97	-72	-40	14	-53	-13	71	-23	-52	-47	16	59	-10	-60	-28	16	-28	-98	-91	-31	-22	-37	-39	-13	-73	22	28
8	-18	32	90	-57	-92	37	54	-62	-62	-60	-21	-36	-5	-5	44	36	65	-97	-61	1	-15	-67	-8	-69	-6	-1	89	-94	75	97	92	73	-49	-8	64	-66	40	-100	100	67	-4	84	-49	-39	85	-66	-21	-2	100	18	-5	36	-32	-86	72	60	36	-72	70	-2	46	54	-65	-27	-23	64	32	53	81	54	49	-1	1	100	55	67	99	87	15	-5	-27	32	77	59	-4	-82	-15	-76	9	-44	53	-37	-21	-6	-2	61	-17	63	-44
39	27	90	-90	81	-89	-15	23	-99	96	81	41	-18	-51	-98	3	-62	-86	-63	-82	-31	-42	-36	-43	-76	10	-80	77	-50	78	48	83	-57	56	-78	53	-34	74	-60	60	-16	56	-24	79	72	21	94	-54	-82	59	-19	77	-58	55	74	15	26	-61	-79	-59	31	25	-44	-7	-14	-51	78	-67	-30	-98	18	83	-17	-34	26	-7	95	55	61	39	-45	58	57	-30	65	18	70	16	40	26	19	-88	5	23	-11	83	51	-92	28	-98
29	-2	90	-25	-48	83	-39	-91	8	1	-41	-37	84	-62	-69	67	44	65	-41	-85	72	-66	46	69	85	-21	99	80	-29	-81	96	19	-33	59	-92	-96	22	-83	-83	-11	-15	97	45	99	50	47	48	-46	23	-57	-80	77	76	-47	-66	-43	19	-12	-74	71	-17	-71	-30	60	-81	84	-27	28	22	73	-28	-59	-92	-14	-97	-66	-90	85	11	-53	-66	-98	41	68	55	-55	-97	59	-35	-22	-74	95	39	58	77	57	-43	-20	-99	59
83	23	21	75	-76	79	56	85	96	-95	59	65	-78	-51	48	-26	-11	-64	-6	13	-59	32	-61	75	80	60	10	-46	-11	39	33	-19	-48	-51	-27	-98	-44	-16	-17	50	71	61	-35	60	72	-44	-81	64	82	-84	-95	-48	72	-6	-62	2	-62	-86	57	57	88	-45	-38	-11	-37	92	-75	50	-73	-32	83	83	-47	58	82	74	60	-47	12	-53	70	25	-87	59	-54	89	-33	-70	-81	23	-57	-100	-35	58	70	-87	26	100	3	15
-32	98	12	43	65	-62	31	25	15	45	-14	12	95	-61	54	71	39	-93	23	68	-61	39	64	-82	26	36	-11	64	-99	94	17	-65	17	56	-3	-75	67	-35	-48	-49	-41	63	81	55	-13	-24	98	27	14	-97	58	-64	67	76	85	60	-44	-16	71	43	-28	31	-23	-47	40	-60	-31	66	19	88	-11	58	51	-99	-6	-48	-8	11	25	11	86	99	-31	62	-39	-39	3	-78	-58	45	92	60	-53	-44	-81	-76	62	100	90	-41
96	24	-1	-17	-2	35	74	-25	44	-91	5	65	58	85	-91	-72	24	-72	-85	-73	50	42	-25	-82	50	-61	17	-3	68	2	-50	3	67	-92	92	92	11	-58	32	14	-68	91	13	30	-66	88	-51	23	-43	-94	-18	77	-46	80	41	-13	43	63	74	74	8	41	-98	97	38	85	48	-28	-98	-68	0	-82	-4	-73	28	75	78	-11	89	26	6	12	51	38	48	87	96	64	-99	-48	-51	-97	57	37	-26	-7	-57	45	-45	66
-71	-49	-98	6	4	-11	-41	-97	99	22	68	87	-13	-79	51	4	42	46	-45	-91	-40	-22	31	58	80	-11	-22	61	-88	77	-16	-1	-39	13	-92	-1	-88	99	-99	56	56	8	29	29	-14	-88	-90	-16	-44	85	31	79	11	-80	53	42	52	-34	-49	12	46	-21	66	-63	82	60	-60	-96	49	5	-94	38	-58	-5	-26	45	96	-88	54	-82	37	-52	100	91	-22	85	42	60	-67	-55	35	-86	-64	41	70	-75	77	-28	11	-80
42	55	40	-9	-67	94	-97	9	77	41	58	91	-36	51	66	-27	57	16	-72	-9	-26	-50	8	-30	27	81	-70	32	66	76	51	-15	30	-72	87	18	65	79	88	9	91	86	91	57	40	-2	17	-68	-54	75	-94	-38	-74	14	0	-23	-87	-59	-60	-87	2	28	-62	26	-73	21	-57	68	-96	72	92	91	-3	59	-99	14	-81	-18	46	96	51	-63	-20	37	-2	-100	97	-30	-54	-3	-11	27	-94	-58	59	-34	-85	-36	-75	13
93	-8	-27	-65	-62	-65	-42	-26	48	28	36	68	-55	35	-16	-74	-38	21	12	-10	9	-77	-22	-12	-1	-15	-55	-31	40	-23	86	78	23	-85	-20	80	52	-1	50	-68	85	-3	73	-35	15	-94	36	68	77	-24	-98	-53	38	85	-68	36	35	-18	12	4	55	-15	19	-9	-57	-68	-97	89	71	-52	-76	-4	-57	37	-27	-80	96	27	-51	82	74	95	0	71	-29	34	4	4	-5	-35	-9	24	57	-62	-76	11	-29	16	-7	-94
89	-5	22	-65	-69	-16	3	-46	51	-75	36	-63	-58	-64	-6	-82	-28	-90	-82	-93	81	-63	-55	-57	-21	-31	64	66	-42	-84	11	-39	-16	-36	5	-81	7	86	-37	14	9	-30	23	2	-76	-3	13	55	73	-5	63	25	65	2	-93	45	94	-59	77	-95	16	96	78	-70	-52	-86	15	97	32	-90	84	-49	-72	24	-82	90	71	22	-68	-80	72	57	20	-45	70	72	53	-80	23	-93	-70	22	79	1	24	27	81	-38	-70	-48
-50	-87	51	97	2	-97	74	38	-55	40	76	80	40	-64	42	-18	98	-76	-57	37	76	-19	-35	49	85	33	51	40	56	80	18	11	25	96	55	-16	51	-92	41	-93	90	-53	-14	-79	2	-42	-39	-31	-79	-54	26	69	2	20	-22	-79	-79	-44	-94	-19	-23	14	-14	-60	-70	19	81	-17	67	-12	-74	-44	83	13	-31	-34	27	14	68	-22	61	-15	-45	59	-100	48	-95	-55	93	12	22	-26	40	-89	-93	-43	-45	74	-66	-13
13	60	-25	42	-84	-73	-14	-75	-31	-48	-31	0	-88	23	-62	26	-8	59	-35	1	36	17	50	59	53	-68	-6	-12	11	50	-16	-24	91	17	-60	-23	-15	-82	63	-52	-72	-59	15	68	-7	-30	23	-84	-76	-75	-2	28	22	-69	100	-21	-51	100	70	84	63	53	-41	90	6	89	35	7	-40	-20	11	-82	60	88	-16	-66	61	49	-17	45	23	65	72	-13	-54	-24	-42	-91	-55	-17	-18	88	36	82	11	-41	-92	-87	41	-28
-76	14	-55	51	-99	-87	-60	92	-88	-81	0	-29	-21	86	59	86	-58	100	-25	-6	37	85	-64	48	-96	-70	13	88	10	20	65	57	-21	-1	-42	0	36	4	63	50	53	-70	-36	-35	-46	29	2	78	97	-41	-36	-20	35	91	-91	-68	-10	-47	-5	-18	-18	25	97	79	-98	-86	-54	-73	97	29	17	22	92	-85	19	20	58	-94	-58	-51	48	4	28	-8	16	28	65	21	-38	-44	-15	75	34	-26	99	-68	32	1	58	-59
95	42	86	-35	-79	-49	19	-38	-67	-54	85	-40	-95	93	-23	-38	53	-5	57	-64	69	4	80	-5	-72	93	20	-48	-39	-47	57	-93	40	100	19	31	46	-32	84	83	80	-78	-98	90	-25	36	-59	-51	-20	-14	-50	36	-81	-30	23	-43	-39	-43	-25	85	29	-82	82	-51	33	83	94	14	-34	-10	-82	58	77	96	-75	46	69	-34	-11	-57	-98	87	33	-1	-20	-56	44	-92	72	75	12	82	-24	100	25	100	-33	11	40	-94
2	59	45	78	56	98	18	-3	46	8	54	-56	-9	35	-7	76	-17	-32	17	89	19	99	13	-12	32	-20	-27	-25	96	-61	62	-28	-42	-13	-68	48	-31	6	-28	79	-47	-19	66	46	-80	14	-6	57	-50	36	91	92	-9	71	-93	79	-59	-89	71	-69	27	43	99	16	42	51	96	46	23	-77	95	55	-38	81	-10	41	-60	-38	-75	92	-9	62	41	45	-64	-16	-80	-64	86	-36	-83	18	-28	-18	60	-19	-86	26	48	-14
-57	98	-72	-58	8	-14	-19	90	-55	-28	-78	-72	-50	-38	53	-98	5	-32	76	44	-73	-88	-10	-93	-39	31	-99	42	38	18	-36	21	-67	51	8	64	-34	68	-55	83	43	-83	40	-52	60	27	-1	-21	-96	84	-40	-82	-68	39	29	-44	-30	-34	-52	-31	4	-47	-2	-15	11	79	68	-95	-38	-3	87	26	-30	33	40	3	27	8	84	11	93	-9	95	-67	-78	71	-14	-11	-72	-30	-18	9	-94	-40	25	87	95	-11	-72	71
-19	-17	71	-37	-93	27	28	-79	-32	-62	98	41	-56	-50	65	-78	-54	71	31	-15	67	39	-80	99	1	74	-7	-35	-7	-55	-32	9	-25	22	76	50	-51	-38	-55	86	-19	63	70	87	-20	30	75	81	60	-19	51	-64	-71	-7	-63	14	-70	82	-27	-14	26	-92	26	-94	55	9	-75	10	-35	98	-83	-43	-71	21	-51	66	-48	65	-60	-4	-100	-66	-81	-7	-7	-28	-32	-78	6	-17	-35	91	0	20	-30	-85	0	63	70	-33
-94	23	68	55	-32	56	-93	33	-56	13	67	69	95	-49	51	28	71	16	72	-29	-1	19	80	24	-2	11	-58	-31	38	17	-18	-67	-5	-11	52	56	-59	40	11	-70	87	-47	-31	9	-83	-61	-27	-98	0	2	60	-65	-85	-53	-28	-65	-80	-73	-22	13	29	13	-98	-15	-13	-86	2	-91	-19	6	88	77	-47	-25	95	92	50	19	-80	64	-45	80	94	72	96	-98	-79	76	-62	-13	0	80	-35	79	15	-16	71	-68	-39	3
-96	-70	-83	23	-52	-64	79	-16	-40	86	-66	-54	-67	64	9	7	6	57	52	97	-13	-42	-62	-37	32	-19	27	79	-13	87	12	75	-96	99	60	-56	-33	5	-67	94	-86	-97	39	78	-73	62	-10	59	-23	-35	21	81	-19	49	33	-56	-95	-39	-84	43	72	31	-99	5	49	68	-91	66	62	-28	-10	-57	41	38	73	-7	-56	98	-99	-40	-31	17	-25	83	-5	43	-97	25	-8	-89	-6	-66	61	-81	-59	-29	48	-45	32	-4
-53	-5	-24	-86	81	-84	-44	48	41	-72	47	26	-53	-91	-66	97	11	-51	57	-18	66	45	88	15	-47	-52	-4	81	-99	-67	34	-77	-95	17	-4	-33	-45	-19	-82	34	-93	60	98	-43	-77	-62	-1	-80	-75	65	-29	45	12	98	66	31	-80	-92	66	5	5	60	-74	3	-80	-64	72	60	-93	50	75	-32	45	-40	-8	82	49	-77	-81	-60	-86	-42	-14	3	50	-3	34	-84	-71	73	20	-83	-46	27	65	-13	19	29	34	100
27	-87	70	13	-46	-95	-10	38	100	-29	-17	83	-16	37	6	96	-98	-11	-28	-17	-57	-38	-74	-84	-4	42	53	81	-18	33	9	69	78	-12	79	-79	-52	-97	-68	39	-65	-7	-49	-66	46	-62	-36	74	-76	-43	-25	75	85	-27	-22	29	-31	-16	-65	23	-45	-14	94	30	-62	-58	-16	-40	-52	-66	-68	-16	-56	34	1	3	-15	-29	41	-18	-66	-3	35	66	42	91	46	-46	64	-59	14	35	-3	-62	-45	-67	-19	-6	-55	-62
33	-55	-58	22	64	1	41	-81	-87	-35	-88	-80	70	61	9	-60	-76	-17	-67	-16	-88	85	95	-20	-64	-46	-84	63	20	58	61	-58	83	77	32	-62	-11	-83	-3	-59	64	89	-71	-69	-60	83	-70	-15	5	-72	83	-3	64	40	82	2	2	53	-99	-53	45	-83	-91	40	-42	-7	47	-22	4	87	-90	98	-44	-48	24	-48	-15	-70	-86	-25	-48	-50	62	72	-15	-20	-51	-79	-59	-18	3	-4	83	-100	48	-23	58	25	15	-59
81	-18	70	18	67	47	74	3	-89	-80	-15	-84	54	-96	-2	79	-54	77	91	8	48	84	3	57	77	-26	36	-7	13	60	61	49	-60	-89	-24	-63	-90	30	74	49	-5	16	24	-34	94	-34	44	-99	98	68	58	-69	25	7	30	-78	-100	-94	64	-75	59	78	29	-57	-17	-94	-12	-45	24	3	29	-93	-100	31	-65	-41	-3	-76	37	81	45	-52	-10	91	-33	-95	-67	-67	-1	-58	70	92	39	-53	-53	6	31	80	91	75
-15	-34	-84	-64	-17	86	-1	5	-33	69	65	43	6	-41	-84	35	82	-39	94	77	-100	67	75	-71	6	21	52	-33	-29	22	59	-71	-35	2	-94	-54	80	15	16	-17	84	6	-93	-18	-10	24	-43	-85	17	87	-39	-30	36	-13	27	78	50	71	-10	-82	-42	-32	81	13	52	92	-1	-9	84	5	85	86	82	-1	6	3	-51	67	-5	-14	26	-77	-54	100	15	-89	-91	30	-57	-82	-18	-81	51	26	-32	62	-48	-14	-70	-69
-50	71	74	-36	41	-83	-70	-76	-21	-61	72	-50	-20	13	-39	5	-43	-38	49	40	88	66	54	29	33	26	-71	12	-86	90	98	-29	35	-95	-87	-28	-56	55	-27	-87	-95	-69	-8	100	-87	88	-100	-41	-50	48	21	-93	60	79	-6	33	81	-6	-43	-92	79	-80	27	65	-10	-15	-16	-7	75	-86	-45	-74	2	1	79	100	-34	-99	-64	-34	-67	-32	-30	-26	100	10	31	-67	5	94	72	-34	3	-21	-96	-92	-85	-46	-33	80
-52	-9	44	2	-52	-2	19	26	68	32	-38	39	23	0	-89	8	33	-4	15	-54	89	29	3	-36	-65	-32	-87	-45	-44	-63	6	-49	7	94	-98	3	-17	-93	-47	-46	-63	-75	-59	-31	-33	-64	91	-14	39	98	43	-93	-24	-76	-34	-1	51	-2	1	-63	-86	17	-68	-7	37	-36	-81	77	9	-37	7	-93	-18	100	73	76	77	57	-64	73	95	43	73	79	-53	74	-50	-30	13	-25	84	90	-68	24	2	-76	-73	66	-28	61
-47	59	60	-59	2	-66	-99	-76	-22	-25	-89	25	100	80	86	5	-5	88	-47	-77	-18	-68	39	-62	85	80	-95	97	21	-56	50	-41	-79	-27	2	100	-99	94	36	52	39	-72	-46	-84	84	-69	92	13	-1	-3	36	51	88	-85	-50	-15	-92	85	34	-48	-72	-24	26	-45	40	-99	87	96	-20	29	64	17	12	-3	-5	-44	-15	50	-91	-17	8	-4	54	43	14	34	-34	66	-40	-65	-23	51	43	-81	-44	-68	74	-20	-1	30
69	61	3	-18	58	72	31	-59	-47	-70	19	-15	55	12	-19	16	35	38	-35	38	34	-85	-6	-59	86	-37	47	94	80	-63	73	-27	30	27	-54	-31	10	7	-61	26	83	37	-63	71	45	-51	43	41	-41	1	5	-34	40	16	-100	40	-67	-26	-40	-73	66	4	-28	-91	66	-7	4	50	50	97	65	39	-54	24	64	33	40	-97	3	-68	82	36	96	-6	-100	-2	-21	-41	-41	3	-59	-64	-20	-30	-34	57	19	96	-62	-36
-59	53	81	-46	-1	36	-92	86	2	70	-65	-65	-58	92	60	-5	61	50	-95	49	46	80	52	49	71	46	-71	-22	-68	-30	-11	-6	57	-96	-99	-40	78	-74	63	-89	-83	98	-55	-59	-5	77	15	-41	45	-11	-32	-57	4	-87	-96	15	-22	41	-70	72	-30	80	97	-5	-69	-45	-84	73	31	22	94	-29	65	86	-33	6	46	-27	-50	-78	-76	-17	-55	16	-41	43	-27	61	21	-32	-26	96	-82	-1	-56	25	64	-97	-63	-77
74	-58	-79	66	87	-36	-19	86	-39	6	11	-70	66	23	-83	-84	-12	-78	-51	80	-91	82	29	48	-43	-86	-51	62	52	78	42	17	0	-42	-23	93	88	-57	-56	-53	96	-21	-76	-92	-34	15	-5	-54	95	-81	-66	-59	-12	-70	-12	26	-36	-58	88	86	10	-47	62	-36	-63	-17	56	33	-19	-85	-29	67	-85	-68	-25	-86	-42	-43	-8	77	-46	-51	-69	46	-65	1	-76	-93	-25	-84	25	-76	-91	44	-97	-22	-50	84	89	80
43	-94	52	4	24	100	94	-21	-57	94	-5	10	44	-59	-76	-32	-6	88	52	36	29	4	73	15	61	73	25	-24	16	31	-64	-67	-83	-10	18	-27	-76	26	-30	12	15	-93	-51	80	45	-88	-85	35	61	-21	70	-46	89	-82	22	70	-15	3	9	-80	97	-80	-64	22	37	20	43	-17	19	-57	78	-81	25	-22	-2	-10	-78	-7	22	79	15	14	-8	98	75	-87	28	-63	-27	31	-3	86	85	-79	-27	7	67	-8	94	-43
91	16	38	59	86	-26	-76	26	-47	43	46	-98	-11	0	85	72	-75	-40	-36	-68	20	88	-99	31	-28	-94	64	37	76	-61	65	-27	98	-89	96	33	14	-43	-28	28	-33	57	-78	8	-3	28	-47	75	62	-27	-42	-4	-20	-84	-46	43	76	-86	-60	-75	-42	13	-84	21	-12	95	-9	-94	-48	61	2	63	34	-30	82	38	97	9	-84	35	64	-75	-90	-35	-91	59	-79	-88	46	-97	-86	49	-41	23	70	-80	-79	-35	61	29
-22	-12	-97	-23	-21	60	34	-57	-61	27	-59	-51	69	62	-100	-79	34	16	-13	-79	-17	21	-22	-48	27	23	20	-6	68	55	57	86	-91	30	22	-81	-96	-69	54	-54	36	6	-48	-48	-42	43	-47	44	100	-3	-35	-22	-25	81	71	67	84	91	26	-98	40	45	76	15	-78	7	-24	-7	-3	47	15	-91	8	22	-55	4	69	24	-87	-97	79	-29	0	-47	10	-74	45	99	91	20	-12	-18	35	83	66	-88	-70	-73	34	-89
27	-33	-78	5	34	-73	-58	-11	76	-32	12	-45	-82	-91	90	53	-38	36	-7	47	5	17	-60	-30	-25	-18	-49	-90	-56	-57	-7	72	100	-35	97	13	-45	-29	-16	-93	66	73	54	-67	-22	17	-25	-19	63	-53	93	-17	-27	41	-93	19	64	7	-14	40	36	9	-22	-27	44	63	-18	-19	63	-30	-63	-63	99	29	11	47	64	-78	-42	-55	47	-25	-45	11	-62	9	20	71	13	-78	-73	22	-2	-24	62	-63	-90	36	97	-9
67	-97	34	-94	0	47	64	100	-76	1	91	1	-16	-62	-20	-44	-25	-69	21	84	5	-62	-25	2	-31	-80	-50	27	70	-27	26	-36	40	-92	-9	-30	14	-41	20	-73	68	84	-75	-26	41	-50	97	21	-50	-19	42	-40	94	-95	76	-48	71	6	-25	-7	21	18	3	84	34	-34	26	98	21	-91	24	95	-50	-18	-57	-39	-12	55	5	93	-74	49	-94	45	56	93	-38	-21	26	-15	-52	33	28	-21	-76	26	-5	-10	60	-53
47	9	-67	33	44	-3	-29	-65	64	-89	-31	55	-38	-53	-80	-9	-12	-27	-24	-8	70	54	96	-69	-91	66	-96	56	30	-89	12	16	-4	-4	85	-93	30	57	-90	99	49	-80	-18	85	-16	66	-24	52	-35	-83	-44	3	-52	1	44	14	60	-96	-69	-6	-71	63	-60	-50	-18	-70	-96	-47	-88	-82	-49	-10	81	-57	79	65	60	-89	19	-67	79	62	-52	-81	93	-20	-60	-65	27	-59	-45	69	16	10	62	-81	-35	-38	89	-54
70	98	15	26	9	-72	-14	-7	-6	-80	-54	84	11	12	-46	60	0	-74	1	24	0	-11	-97	97	79	-26	98	-82	-22	-57	23	8	75	-24	35	56	25	-59	-52	51	16	-83	37	94	58	12	40	-83	-96	-55	-59	-1	-1	-11	11	-75	45	22	-71	68	-75	69	71	-45	10	-51	-86	-29	-77	-83	34	82	-95	-51	-20	0	-71	-80	-79	82	53	55	-92	69	-77	8	58	-97	-8	-58	-56	-23	74	70	-47	-75	10	39	-50	1
-72	-84	-94	-95	100	-89	-69	-22	45	-34	42	-83	-8	-89	9	19	-62	-41	7	-17	-4	30	16	-37	-61	67	34	16	-65	3	-83	73	-64	23	72	35	8	-67	-69	100	36	41	71	-29	-87	-99	-17	-94	-35	-83	-4	-79	78	-92	-33	53	-29	67	-35	79	-40	92	-90	-46	42	94	85	-79	36	98	-21	-89	40	-10	84	33	21	94	-90	95	-9	84	17	52	64	25	99	-69	-81	-15	98	90	-31	-21	26	38	39	-81	18	59
