-45	52	28	14	17	-41	-1	-16	61	-34	-61	-81	-79	-85	12	98	55	-89	93	26	-53	36	89	-23	80	-15	64	87	-52	17	-23	-28	-34	-85	-34	94	-51	2	-79	-73	49	-82	96	16	81	17	9	78	-26	-57	56	29	69	-36	-33	16	-6	80	72	-100	-80	-26	-39	-3	39	-97	33	-49	32	-41	-98	-94	-6	-9	89	-11	-58	-72	40	12	48	-77	42	-57	-54	-80	-43	25	9	5	52	37	18	50	-29	-30	-77	-27	-40	82
3	-79	-2	94	-55	-82	13	58	-27	45	-44	-100	-92	-36	-34	48	-82	-9	-56	89	-16	62	43	-79	-61	-81	-70	22	-56	4	-51	-73	-87	65	59	86	17	-46	14	88	-27	3	2	-24	48	-52	-83	95	-40	-65	12	-77	6	52	-55	78	-53	-73	88	-86	-81	-20	67	-84	-2	-9	67	56	89	-53	-3	24	-13	-67	97	95	-39	-36	-20	-93	-61	56	27	-51	31	88	50	-50	25	-34	-48	65	17	14	-58	51	21	6	2	28
88	5	-72	48	-75	-92	7	58	25	77	89	22	-25	45	-48	10	-11	-61	84	23	-83	-7	54	-63	17	-14	-62	-81	-3	48	-71	76	-41	-8	81	17	75	26	55	74	-73	-71	97	-99	-25	-53	-93	57	49	35	-32	100	-63	14	-43	54	78	-96	-11	40	-98	-72	28	-53	74	51	-21	-82	27	14	33	29	-96	34	-57	74	-52	22	49	-75	-82	-33	72	-47	5	33	92	97	28	2	-1	8	-26	71	-61	97	10	93	56	89
-34	-77	-69	-54	-49	22	-14	-15	30	-49	-71	-20	-25	30	-16	-25	52	92	-18	-36	-76	-22	73	-19	13	38	32	-59	61	73	-55	-26	-13	-47	-80	37	53	95	-68	-28	9	33	-75	49	-90	-87	76	-67	-49	-90	-11	37	86	40	-59	16	49	-70	-69	-34	-43	-51	-23	17	15	-45	-74	72	21	-75	-49	10	-88	-36	97	46	-73	68	-16	-8	58	-11	-70	-46	-14	-55	95	23	-90	17	-26	-70	22	80	80	-63	58	24	-36	24
50	50	68	64	-69	-31	-8	71	31	79	-63	93	62	-11	9	37	74	-25	-13	-35	-86	-30	100	-8	-20	-98	8	74	84	42	-55	-40	-24	14	-53	15	-73	-88	86	12	-44	-52	-66	92	56	59	-67	31	-59	68	36	-20	49	2	7	77	-48	57	-16	26	41	-47	-54	-34	98	-39	0	75	86	-37	79	5	69	26	50	-56	70	79	9	-9	55	-90	-57	55	17	-90	-54	-93	-2	-59	-2	-92	-43	16	88	-41	99	-73	15	-53
3	-72	13	-40	-80	-78	-94	16	-30	-55	-38	12	31	35	-51	29	59	64	-97	-8	53	72	51	-18	43	-7	-90	15	73	-67	30	-40	-96	49	82	43	-48	-2	69	-44	0	32	43	39	-98	-10	20	-81	-41	-8	-94	-57	-32	20	61	-65	-14	-42	-13	76	55	-21	-69	81	-52	45	56	96	34	-59	-77	11	73	21	-27	-5	-9	-57	-68	71	-73	-44	-19	-71	5	-82	71	48	-56	-73	-3	15	26	76	64	15	66	69	97	-27
94	8	0	72	73	14	34	27	-42	-10	46	-40	-38	-43	-86	-78	100	-91	84	-59	19	58	-51	-89	31	-29	2	-52	7	-33	-6	30	-59	87	-22	-9	-69	100	-1	-58	49	76	-54	-76	12	21	-95	-25	-80	-78	93	-74	-77	-23	71	-31	-56	36	58	-24	3	51	-87	-86	-60	-80	-57	-81	48	-48	43	-100	44	44	39	-27	-97	35	87	44	-13	-31	42	35	33	44	59	57	-6	32	-30	15	11	92	81	27	-3	-38	-84	53
68	-11	-34	36	20	-83	-79	5	-2	16	95	-13	85	-11	64	18	-52	43	-68	-84	-76	19	-23	41	11	14	-48	-11	-33	-66	-38	5	91	41	81	20	-28	-22	98	80	-51	38	28	33	-10	55	7	85	-27	30	-100	-95	35	-86	75	-66	15	-88	16	20	86	-37	-69	-84	-7	-18	-18	85	-11	-3	-77	-32	89	-31	46	-96	74	-78	-100	-68	-97	-94	46	-80	-58	-6	-56	21	-26	93	-100	-46	-17	-10	-18	49	-85	-46	69	61
74	-45	60	-47	-19	5	0	78	16	2	33	-50	85	-17	35	-48	35	81	-40	-73	71	96	69	-20	98	88	52	-66	94	16	-17	-32	-14	-53	37	54	27	50	12	-18	-77	-32	-91	-16	15	-93	41	-37	74	-59	-79	98	47	10	42	85	82	-39	-36	24	-35	16	55	-99	-67	40	-61	32	-6	50	-38	91	-93	-74	-56	-12	-20	-56	-65	-43	1	-23	-83	-48	-48	-33	74	85	51	77	54	-3	1	0	-55	-54	-89	56	90	-48
-53	34	95	-79	-98	30	-72	-23	31	15	85	-62	-44	-77	14	-9	-78	38	77	-22	69	35	7	64	-23	-63	-63	-70	-26	-44	54	-84	-4	-18	-27	-55	-31	-10	35	54	81	48	-31	-89	-64	-69	-33	16	78	59	43	26	99	-64	-40	14	-80	72	26	-84	-83	80	-88	-64	-14	88	-79	-37	-4	80	49	-99	-33	12	-40	27	-92	99	49	-76	46	94	-7	-19	-56	93	-72	-64	19	98	18	36	-16	-19	-72	31	71	-10	79	-27
35	20	37	17	-90	21	-56	2	23	-87	-76	2	21	-17	-97	-26	46	99	-43	-39	-17	-66	-45	-25	55	-54	-56	-50	-98	-72	-39	91	-91	-26	26	95	-56	-69	50	70	-2	-77	-83	-57	-81	87	41	28	80	52	27	12	69	47	-34	-57	40	-99	22	-78	-43	47	92	-61	48	42	-32	-92	84	-56	78	-66	71	-2	-8	-36	67	57	-34	17	43	8	9	-81	18	-15	-46	56	87	-55	-29	12	-89	6	-55	-5	85	-91	63	2
-19	90	-17	-36	-71	11	-6	6	73	-70	-82	-32	-32	-70	-33	40	-2	36	-95	100	-79	9	-44	-65	-33	29	30	-18	87	-52	85	61	42	-71	-58	48	-100	-57	-84	98	95	-2	52	30	-21	26	-70	-25	10	-94	46	8	65	71	81	93	61	87	79	-47	85	48	-86	-21	25	-36	-43	-85	57	34	-86	83	-88	-27	4	3	-76	71	86	68	10	-43	99	-57	28	76	60	10	-15	24	-41	-42	53	77	-43	37	18	-78	16	-81
67	99	-68	24	21	21	-31	49	8	72	-84	52	-44	-20	-72	87	-97	-97	-66	-21	96	4	100	-74	86	89	35	65	4	41	-32	20	-24	19	-15	-15	71	14	23	-67	3	-96	-21	-9	-8	3	7	28	7	25	29	17	-80	-65	-16	-53	-30	-25	14	10	-25	-44	-10	-87	-40	-62	53	-44	100	15	-15	99	98	-6	36	-81	-58	0	69	-70	-2	-11	-53	88	-38	29	12	25	-99	-29	-97	62	94	-25	-45	-61	21	-35	-3	46
-91	39	-47	-52	-13	17	22	-1	-19	-80	-44	68	82	15	-5	-30	90	-75	-23	-68	-16	84	67	10	95	22	-24	4	-40	21	78	81	-17	51	89	-30	-16	61	24	64	-60	71	-4	-72	-8	-11	-46	9	-50	-30	8	37	89	3	78	-70	64	-65	-81	-74	-84	45	-75	27	-36	24	-86	-8	60	45	-34	40	94	66	79	-56	89	-74	-15	25	-36	96	47	95	16	-57	4	-15	35	-53	-72	37	-61	53	55	-44	11	-20	74	-8
67	25	73	-68	-45	-80	-87	93	-95	-96	67	-88	66	75	19	-33	-26	36	33	-47	62	11	-3	8	-92	19	18	-83	31	-23	92	87	73	3	98	12	-53	-84	-4	89	-13	-27	-39	19	-19	-35	-4	-38	-60	-99	-80	-56	29	90	20	-61	-59	8	71	56	98	-21	-26	-73	-87	-44	-71	-86	-17	94	5	-88	-56	-29	80	43	-18	79	64	-35	-75	13	-33	-30	-66	-87	7	93	-76	-66	77	-64	-15	71	-23	-14	-10	68	31	59
-34	2	16	-28	-64	-45	100	18	0	9	82	84	-94	81	3	-11	-97	40	43	30	51	88	10	62	-66	-80	40	94	97	-41	39	58	59	3	11	13	90	50	23	52	-45	13	-76	56	52	92	76	-60	23	-14	47	-53	18	1	75	-45	-54	6	-7	-94	84	4	-26	-64	-93	-59	100	-100	45	3	79	-13	81	0	-35	33	-66	-92	20	-5	24	73	56	-46	18	-10	98	-80	74	-4	-21	97	13	12	46	-12	85	79	-72	-57
-42	-10	32	46	-74	-80	92	59	21	-17	-79	-51	-28	-59	0	0	-69	-62	-24	-41	-55	-62	16	-15	10	47	-88	3	-83	83	29	-26	30	45	18	95	2	72	-9	95	88	-34	31	-18	-90	-16	-85	-53	-5	71	46	-87	58	70	-74	-63	85	-29	76	68	98	37	97	29	42	59	96	40	50	83	-67	-73	11	83	-42	95	-23	47	-76	-59	-70	-49	8	40	-52	-80	29	16	71	-96	-49	-65	72	22	-68	-90	-13	53	-96	40
-87	84	80	27	79	35	5	-65	52	49	72	56	25	53	-55	82	-35	59	90	11	14	-43	15	54	-28	5	76	-13	0	-43	90	58	-12	-94	63	98	75	-21	-55	50	33	-67	35	81	-50	59	15	24	26	-76	-41	-53	-5	77	-54	-32	-64	-75	-11	-75	97	16	15	-4	4	-19	36	56	27	-19	16	-33	-69	-46	-66	23	-75	98	-100	-81	94	-92	-75	-26	37	86	-77	-67	-63	24	-54	48	95	46	-53	38	19	-43	-72	-97
49	98	5	76	57	41	-79	49	10	33	42	34	1	23	49	56	-8	41	-32	-6	6	11	-38	85	38	-85	78	41	75	85	-50	79	73	-11	56	-51	50	39	-72	-84	-46	-39	100	-29	40	40	89	-25	43	37	62	66	65	-11	21	-82	21	-47	66	28	30	54	57	46	-98	-66	-83	-32	33	0	36	-64	88	0	33	86	83	55	45	-61	-52	45	-78	-58	-66	35	-21	22	96	5	-67	2	78	-11	41	7	-11	-44	37	2
-7	96	-100	-16	-26	96	-91	-28	0	-1	31	-44	-25	-91	-4	-19	-27	-78	61	67	14	40	6	-33	-38	-96	-47	-97	96	-30	-62	64	-30	100	3	-52	-74	-51	-69	-67	58	-52	65	-87	40	85	78	40	10	41	100	73	1	-19	29	-2	-5	82	-95	-20	56	94	-80	10	-98	-43	43	-23	-68	-44	-23	27	63	69	68	-88	-18	83	86	-38	-16	50	12	22	96	4	-2	-94	-45	92	-19	-39	-14	-55	-76	-45	49	-32	11	42
74	-35	100	-10	51	-29	58	-74	-28	89	97	25	55	-57	-22	7	21	88	21	35	-75	-13	53	48	-95	27	-22	-35	-46	99	-40	-70	97	-4	53	13	-90	-56	-88	-76	-72	9	-59	-14	63	32	-50	-42	25	-22	21	-35	25	-38	50	-93	-79	-14	-37	-95	97	25	85	15	-90	98	-55	-21	44	-81	64	45	9	25	-11	71	71	-70	92	55	-38	72	18	-72	75	-92	-56	25	-64	62	43	26	-91	-21	-38	38	-35	-90	-26	-4
-43	-90	-63	-77	-5	-78	58	52	38	-73	27	18	-58	-43	88	39	72	-19	-13	27	-57	-8	44	3	92	61	87	46	-12	-68	-43	95	-31	-67	89	58	4	-46	65	52	-58	50	41	70	-14	79	28	-95	-4	48	-53	-94	40	52	10	21	-62	19	44	-37	-8	-18	47	-68	-95	44	54	19	58	16	73	-29	19	-4	-50	23	42	10	-57	-1	-90	-68	94	94	-20	-85	-98	-72	-66	-73	-62	41	1	-95	92	14	-46	-51	-50	89
68	23	-82	33	34	-7	-37	-39	-64	-65	64	17	-6	-66	-32	48	6	18	-8	-54	-68	83	74	-83	2	-13	86	-41	22	51	48	-69	0	5	-28	9	-34	15	-93	-100	-5	-11	10	69	-87	2	14	-100	-21	-64	70	90	16	40	6	45	37	-49	-22	-63	26	-91	91	68	-88	-67	-66	82	-28	-97	-24	97	-69	-85	-36	30	-96	29	-7	11	-49	76	-86	-40	17	-51	13	-99	-59	28	43	98	-63	-78	-37	-62	93	-12	55	-30
83	-5	-53	92	-69	1	-26	-26	-89	-58	-99	-68	29	50	-98	24	-14	39	44	77	-63	-50	-77	-42	99	-35	-36	78	-63	85	-45	-98	-94	-76	-32	-20	-39	16	-91	-93	60	-53	86	3	61	-60	38	-82	-59	64	-90	-20	65	-12	-3	-26	64	-38	51	-55	-22	-34	-3	-2	21	84	-54	-94	49	-50	87	95	47	-86	-29	18	-9	-41	17	-5	70	-31	-60	7	-73	76	-95	58	-30	-57	19	-34	-45	44	-16	-51	-30	-60	2	-3
-35	3	83	1	65	81	-54	67	-60	-77	-6	-41	71	-73	-70	-13	8	64	-15	45	-22	-85	-39	25	-45	14	-88	-81	-35	-95	-99	20	-70	94	-27	-6	74	7	-50	-67	56	85	-23	94	-11	-54	75	-6	53	46	30	61	27	-67	65	-82	-11	-21	82	42	-10	93	25	-17	47	32	77	91	-100	75	92	87	37	55	1	46	51	23	59	10	-55	-97	-32	-52	73	88	-85	70	-33	-76	61	18	-43	-53	-50	45	97	6	-72	43
-50	36	93	10	40	-26	-36	83	25	53	-16	2	-5	-79	91	-27	11	-70	-77	-97	-3	-66	94	44	88	44	-47	44	77	-51	-55	86	44	97	38	21	-28	24	8	64	81	3	-18	42	84	-9	17	37	-53	87	-73	-73	-70	-64	46	76	-5	88	67	-16	-91	-1	-11	73	-90	49	87	14	75	86	-6	-91	-70	-48	-47	-62	-5	41	-71	44	85	24	2	-64	-51	-84	-5	-47	72	-54	-45	79	29	80	-46	29	9	-3	4	-22
-1	55	11	89	-22	-1	-7	96	59	-35	79	-61	-89	-40	18	84	21	-17	-46	16	-24	80	75	-59	50	78	48	45	-22	32	42	52	14	62	70	-42	11	37	-11	74	52	34	90	97	-91	36	25	-90	41	37	16	53	15	64	47	-74	-82	-99	22	78	16	-98	-35	66	-46	-46	15	76	-9	96	-72	-27	44	-31	52	-5	-20	-25	-76	-64	69	26	31	5	68	81	0	63	68	87	-93	41	-31	43	9	35	-6	78	-16	32
-88	-42	82	94	-17	36	84	38	90	35	-60	13	1	-82	-55	-29	85	78	-95	77	12	32	-70	-21	9	-45	20	-74	-34	-57	-61	-12	28	-60	-6	-5	96	-12	26	-90	13	92	-31	-20	-66	56	-76	27	-95	-34	75	-7	-42	-65	-10	17	31	-81	-64	-18	-4	-86	33	34	-66	-9	71	-18	77	1	1	-21	-48	-62	24	-32	94	-6	-3	-59	9	48	-48	36	-5	93	-94	40	-25	23	86	-50	4	49	48	58	-78	-84	10	-73
-23	-100	-8	67	-18	-26	100	-9	-38	-94	-27	65	-54	-8	-42	63	-69	-54	-46	-52	-71	73	-27	-60	-4	-82	86	86	-39	65	-47	61	-84	91	51	-38	80	-16	19	44	0	-23	-90	26	-82	-68	4	-62	31	57	1	10	-23	21	86	-56	-62	70	-46	12	-44	-92	68	51	-52	99	-7	-19	53	-33	-4	-2	-18	-40	35	-45	98	-98	-85	-84	-56	56	86	-23	-65	-46	-43	-70	54	79	-62	43	99	86	77	-86	-4	-77	-30	69
59	100	-87	-19	-31	-9	-45	18	33	-84	83	-41	-69	-90	-24	85	-42	-53	-50	24	-41	-82	61	20	99	-93	66	-86	-36	-48	17	-34	46	80	27	38	-83	-63	-70	19	-59	5	-2	-53	-72	-29	94	-47	-79	39	93	-52	49	55	83	-34	37	52	40	19	-43	65	45	-69	14	38	-35	-58	-54	-68	77	1	53	-39	-82	-39	62	11	-4	-60	-92	-2	29	-31	-46	99	84	58	-77	67	-49	-19	12	92	-70	-37	61	-26	-45	-77
44	-44	-56	78	55	-63	85	-38	81	69	81	81	-100	-93	41	77	44	24	70	97	66	-12	-70	66	83	-5	-74	41	-81	-50	59	-39	60	26	45	69	93	32	-8	-54	56	-44	-13	-59	-31	19	11	63	-74	-64	-19	5	19	-19	-66	4	82	-34	52	-97	-7	2	4	-34	-100	-74	3	64	-59	98	5	78	30	-52	18	32	-60	49	-89	-1	45	9	14	91	-40	78	-37	60	-51	69	-49	88	74	-74	-99	40	79	-54	99	98
-69	86	-10	-50	91	25	2	58	24	-93	92	7	-78	-85	-99	-100	15	-18	59	-79	7	-16	-27	92	52	4	-35	19	94	36	74	62	60	50	17	-55	45	53	-92	-55	-25	-72	96	43	10	-59	-4	-83	-47	84	56	-80	50	-53	93	-42	-20	-13	-86	55	61	83	-57	-48	-90	-3	83	69	-79	99	-59	-36	-77	53	-77	13	-81	17	12	-65	26	-45	33	34	-28	-41	-90	-1	-80	-20	90	47	-28	-78	7	-45	-26	23	5	100
-82	-77	-88	-19	-2	12	6	28	-96	-17	-3	-35	-88	-44	-44	58	89	-97	90	-10	43	84	-23	1	12	-5	-28	-96	40	39	-65	-47	89	85	-51	-84	62	47	80	-12	72	-98	-53	93	-92	-11	-47	-57	-42	12	-46	79	-4	-83	-28	-6	96	-65	52	-72	66	-34	42	-94	-59	30	-74	99	-25	4	86	-13	-64	38	88	72	65	-7	13	86	77	-5	84	8	-95	-20	30	99	-94	63	-14	-77	20	-7	48	54	46	-84	98	-44
-6	18	75	-5	58	-71	-83	-65	-32	-47	-98	-26	-28	-20	-2	69	-66	16	-9	-31	40	30	46	91	99	19	52	20	-78	54	-77	78	63	96	78	69	92	-11	56	82	14	-2	100	-89	-10	-55	82	3	-60	22	-75	87	-98	82	-96	-100	-75	96	-62	7	54	59	98	-92	15	-28	-58	-30	0	70	-48	74	-47	93	56	65	-16	-24	76	41	-25	-44	15	99	74	-31	38	-73	7	21	-89	35	-82	-94	24	89	-84	6	-31	54
-73	61	-50	-98	-94	-77	31	94	-32	-75	-94	58	47	71	-95	7	54	43	-90	-15	-22	-31	94	-37	64	-64	53	-39	-95	-74	33	-89	66	-93	46	-76	-54	59	-37	81	69	-11	26	98	5	-30	-96	-93	-62	35	72	26	-27	-59	51	-10	-86	12	-21	3	-46	62	-14	8	-62	-31	99	42	-55	-60	-54	56	-87	30	-25	3	-89	4	23	-27	-5	-97	-43	87	-7	-30	-48	-70	91	-10	16	-79	76	51	-1	-37	16	-61	-11	-46
-50	-60	19	13	64	-85	3	15	72	-22	5	86	-27	-52	0	-62	-91	57	29	93	-29	81	-23	-62	-18	-96	78	-86	22	8	78	-74	90	83	22	-10	-83	-97	-26	-28	6	-5	7	28	80	77	43	-43	38	9	100	42	-51	-53	22	51	-87	8	37	73	-64	62	-54	-89	-56	92	65	-39	48	-15	4	77	44	-62	-97	-75	24	16	67	94	-6	95	-35	1	-45	-6	74	6	17	-14	-21	-54	53	96	-76	-16	-42	43	97	75
5	31	1	-60	81	17	-82	15	-57	-65	-8	95	-24	-70	-27	-11	-17	94	67	-59	69	-85	-48	96	-85	-82	-36	85	15	-35	10	-57	27	-100	-46	-21	12	-43	24	-89	-96	49	-1	-43	-97	93	-32	24	-56	33	26	93	76	-24	-14	69	3	-91	65	34	-93	33	10	36	-96	-20	-57	31	-9	64	-75	79	-34	72	69	70	-4	6	80	-71	13	-53	-83	77	-98	-39	6	-34	-59	-35	-34	70	81	-22	84	7	-35	-70	56	30
-73	59	-18	-55	90	-99	33	34	23	-68	-31	14	-37	0	33	-60	-11	70	19	-63	40	49	29	5	7	71	-96	50	39	50	96	19	-5	36	95	-73	-17	-76	96	56	-26	66	76	-88	-31	30	11	25	58	-23	92	-32	31	-91	94	95	32	44	-29	50	-58	-99	33	-97	-58	59	59	-36	-54	-53	-91	61	-100	43	-12	-16	62	31	-10	61	6	-68	18	13	80	-67	87	20	7	86	30	-96	-92	20	4	-78	13	41	94	-5
62	19	-26	-59	4	-67	-40	-24	11	-58	80	-66	88	-60	-16	-3	41	88	-27	-95	51	100	16	-4	-71	97	-36	-27	-26	-95	91	-79	41	86	-90	21	-7	69	50	35	74	23	-99	-94	78	1	-71	70	-31	-45	63	-78	-29	-36	78	62	-50	10	-62	-73	71	-45	22	-26	86	44	66	75	-82	69	-2	-3	-35	21	91	15	-29	49	27	9	-17	-32	41	-95	-61	-82	-68	-92	-50	23	45	-72	-99	63	81	-15	-17	66	69	-53
44	95	-36	56	75	80	69	-95	-42	67	-81	-97	-97	-82	48	46	29	-75	21	-30	-67	-23	40	-79	79	-42	-4	-4	-58	9	10	-38	98	-91	44	30	81	-92	-9	93	-63	93	-76	93	-46	-12	-84	-9	82	-6	47	-4	-65	-52	3	-57	-76	18	-85	-68	-91	83	-11	-83	-8	78	-69	89	11	64	-97	51	54	-59	41	-59	81	-64	-65	-8	1	82	76	12	-51	-15	63	-11	40	-47	34	-13	67	2	60	60	-16	-28	53	-17
4	-96	-17	77	17	-88	67	33	-26	-78	8	-82	35	57	-80	12	-7	-93	6	77	82	87	4	40	92	16	-6	-11	-92	62	-56	-18	-13	-87	88	-4	50	-20	70	100	-19	-6	77	81	4	-67	-97	-48	52	19	17	17	26	-43	-14	-89	100	-81	-27	94	-59	93	-60	-15	17	-68	-17	31	-23	-23	-49	28	-57	-21	37	-31	-11	-64	42	-90	-21	-21	-63	-99	51	-24	6	-30	18	-32	32	-68	87	-79	72	-59	57	-65	92	90
-87	56	-2	19	62	81	54	73	89	41	24	-13	-27	-66	83	77	-40	-22	-12	-13	-69	-99	-46	69	-82	12	-73	55	-19	99	-12	-1	48	38	-67	-24	-32	3	47	92	-60	-92	66	35	8	-64	-29	30	-98	-41	50	-47	-8	-100	-60	29	-12	-60	50	-45	-91	38	18	58	-99	-45	93	-23	-20	-3	40	-87	53	94	-50	-27	-71	-61	-49	23	-24	67	62	13	-100	42	-35	-86	38	60	-43	85	98	-88	41	39	-66	27	36	-12
48	46	67	-56	-23	24	35	87	-80	-82	20	-66	-53	-64	47	-18	-44	-22	98	-74	-14	-39	-93	13	48	-36	-33	-91	-72	92	78	58	80	-89	64	-14	-24	-24	51	-47	15	11	-18	36	-59	18	-88	-29	23	85	92	-98	-54	-6	-88	-24	-7	-55	20	-63	-39	-64	-16	-71	-21	4	-95	4	2	52	60	-42	75	-20	81	-31	-2	-51	23	-24	7	-2	-49	57	57	-93	-76	-44	-33	19	-34	55	-19	-63	95	-26	-47	-51	-21	-14
-99	8	-44	88	70	17	80	-37	95	-94	80	-35	-59	-58	-52	61	94	27	32	-46	-22	14	73	-57	-31	36	-40	4	-100	-2	40	-99	-29	-84	-33	61	-17	83	-78	83	-62	27	3	89	-1	-21	66	36	-21	-18	-41	-15	-77	54	17	65	-69	5	-80	-66	-33	-46	-74	-50	10	54	64	19	48	-63	-61	28	-73	-81	6	-79	-54	-41	25	-91	-78	-65	25	51	25	21	89	63	-11	47	-45	14	-33	82	-27	42	35	43	-91	40
-75	-58	-69	-47	89	-12	-80	-64	-10	-52	-65	64	-71	-27	76	-62	45	-75	-28	14	30	85	66	-70	-29	-79	-62	28	90	11	52	-92	-64	-73	77	0	41	-32	-59	32	44	-32	94	-92	75	64	89	90	50	30	-32	21	-100	-52	60	-13	-70	-99	-57	-70	34	90	-36	-6	20	-6	-69	36	-40	49	60	-23	90	-59	-9	56	-96	-88	-74	-73	-27	-94	-50	-22	-3	-68	-87	15	41	73	-4	-72	8	74	28	-76	6	33	94	73
12	8	32	-65	6	-29	-15	-71	28	-52	-80	-15	-15	87	-79	-71	49	-16	46	63	-79	66	9	-84	85	86	50	-54	-55	57	99	-15	65	-85	-50	65	7	5	-22	-68	5	-94	-37	25	19	53	62	-74	52	-69	-46	44	-43	38	44	-62	43	-35	23	53	-33	79	76	54	42	-5	-99	-79	89	49	49	-81	-53	23	-30	-63	90	-33	6	93	-16	-74	-91	54	-22	-44	-99	-99	-70	77	-18	26	-83	72	96	-90	-47	-77	75	58
-18	41	34	94	13	96	-1	35	-13	-12	-47	79	25	-70	-88	-57	-81	77	-3	37	7	98	-11	17	-25	-51	85	-42	74	-19	0	63	42	-9	-83	-36	17	-6	9	83	55	-78	-21	65	83	-82	-46	-2	-82	2	31	53	35	-2	-13	-66	-99	86	59	-35	20	-47	100	91	48	-58	-15	92	-3	-66	77	12	-95	92	80	-60	-48	41	29	-85	70	82	-40	60	52	15	57	30	29	-65	57	-94	-22	99	22	39	-12	3	-34	-4
30	67	29	88	95	-13	3	-15	-33	-48	58	-12	27	75	-11	10	-8	-33	-32	-78	-35	94	3	-18	57	-38	97	-47	56	77	-97	33	1	0	-58	-54	-29	96	15	3	3	-47	-30	-69	-43	-72	-8	68	69	-15	56	11	-99	-25	75	66	-26	9	-81	-65	-56	-93	18	81	-99	30	24	31	41	79	28	34	62	50	-81	8	-46	-31	-81	-20	45	-90	-68	93	1	-3	33	14	-79	2	100	-14	44	-13	88	-72	-35	-7	97	-80
16	-59	42	-67	9	12	-22	0	25	37	-85	-50	-95	-4	28	-57	64	37	-78	4	-68	13	10	74	31	-58	-99	-3	94	-91	-7	-90	-92	-97	-59	37	-14	71	-41	92	-34	9	43	4	94	-30	81	-39	88	24	10	-9	21	49	-50	95	-69	4	-30	-99	30	51	93	-78	-84	100	9	-94	-83	22	52	17	32	98	-68	59	-31	59	-99	19	47	27	14	-77	78	59	37	-30	93	21	-6	58	-3	-29	50	-61	89	78	20	76
-33	-43	12	-73	2	-65	90	59	91	-65	23	-94	5	-72	12	14	59	-5	-81	82	30	-9	5	19	12	55	88	84	-88	-20	-18	31	58	74	93	20	5	-63	-19	-45	95	90	35	47	26	-76	-27	52	81	-100	80	6	6	-79	94	26	89	11	-50	-80	8	-1	-24	75	31	-27	-28	-64	55	-11	-94	-48	-18	-13	-79	99	-59	27	45	15	-3	-92	57	-26	29	61	-50	-18	86	90	84	72	-21	-59	-21	-31	-38	50	-5	19
-39	-54	3	8	-2	68	-27	-60	-55	-50	-16	-23	59	-95	81	-11	-33	96	95	93	8	-90	15	1	77	-85	-95	-44	55	98	58	-14	67	48	-54	-74	-46	75	-7	-32	43	-77	62	-58	62	-17	99	-44	-24	-52	80	93	-99	68	-93	-19	-82	-57	14	-11	39	-33	36	-24	-98	94	-22	7	58	-63	-11	11	-19	-38	-15	-20	94	98	-100	-98	46	-70	35	60	-62	13	-52	-97	-22	2	-3	-72	-18	-56	-42	-42	-50	-68	58	10
52	82	-81	49	89	-93	-42	-48	-98	42	-98	-27	29	62	41	-56	-97	-31	68	-29	88	-95	60	-35	6	-71	38	-12	-100	9	28	14	-77	26	-84	-92	77	72	-19	31	18	71	93	13	77	-17	10	-21	-6	-28	-24	-24	87	-34	-98	32	-29	-79	-28	7	-88	56	-64	76	-32	-85	62	4	-39	41	-91	95	-9	36	25	-64	-79	-41	39	96	-28	88	-6	-48	-3	-87	-50	-85	-67	-56	26	84	90	-7	-19	-58	-97	31	60	-66
-84	-13	96	-57	70	-61	-48	50	-74	-29	-32	57	92	57	81	-52	20	-40	-69	16	-23	-56	37	-73	-58	60	-5	41	61	-19	-70	87	55	46	-53	66	91	-66	-37	-95	85	-33	-97	45	-21	-50	-71	-37	51	-19	15	67	-41	36	76	82	54	82	36	-11	-83	-56	19	4	93	64	-16	-54	85	83	-100	-54	-27	66	39	-9	25	45	5	-30	90	-60	-25	14	28	-22	8	57	-53	35	-28	57	49	-69	86	60	0	-75	100	92
98	72	-37	68	53	58	60	-3	59	-100	31	-3	-35	-68	-65	54	53	56	-36	59	37	78	1	-74	18	-72	36	46	54	15	31	-10	73	97	66	-4	5	19	52	48	-9	-95	-30	-30	85	-66	64	44	-66	-44	91	16	-12	-82	67	5	96	-17	-10	76	39	-94	29	-72	-10	-10	-50	29	50	21	53	-79	-44	89	1	-10	-28	20	-92	-21	90	-94	53	33	74	-46	96	48	-58	-77	10	22	77	88	65	-81	-4	65	60	-69
-80	52	-64	-63	34	54	43	-51	66	-50	93	73	-84	-92	49	20	-56	-31	46	91	-11	36	-57	79	-79	86	-87	-81	-82	4	19	62	-88	36	58	22	41	-15	100	70	18	65	-11	71	-67	-17	-50	-83	31	11	-16	-40	97	-51	19	79	54	77	-23	45	28	97	-100	-38	-72	27	30	63	32	19	-14	-85	-46	46	-61	34	34	81	100	41	54	80	-29	40	-16	28	36	29	-86	-53	-36	85	-60	92	-82	-67	82	-62	48	12
0	-32	-92	48	22	38	38	27	-33	60	-85	18	83	-43	-1	97	-87	17	-37	72	-93	54	-89	-48	27	86	-68	97	-47	46	-92	100	84	-26	-30	95	2	-85	40	-35	-18	-100	18	-11	-32	42	58	-81	-20	-22	75	8	-91	-62	93	-42	87	-96	-11	-54	-51	27	56	42	100	-57	79	-52	73	97	-50	30	-35	42	26	-95	86	17	-21	-99	38	80	-34	12	86	91	24	37	74	15	-51	1	31	90	78	55	83	-34	-13	4
-53	-57	-98	68	12	24	51	86	12	-66	-19	0	-60	64	-4	15	45	29	85	-7	60	63	-79	-57	28	85	-66	-37	-18	71	-57	-78	47	-62	-93	77	-63	94	-52	-35	-75	-60	-81	77	95	38	-62	26	84	60	-80	-21	49	21	-89	22	-14	95	68	-27	-83	-64	8	-28	98	54	-52	-36	11	-87	-96	31	16	14	86	-34	98	27	-80	37	53	-28	39	-29	-26	-42	-26	96	30	-59	-41	-8	43	27	-86	-71	5	-43	52	-57
-60	35	-68	-79	-85	35	16	-6	2	94	-73	64	18	78	-79	14	-79	94	-26	-32	-8	76	-35	32	14	-14	44	67	-75	91	47	14	51	-53	4	-28	31	-31	26	92	-54	-36	-35	-28	94	63	-57	10	46	77	-41	98	18	-90	54	-45	75	31	-33	13	-63	10	-2	-12	1	-48	43	-41	-33	-25	54	-32	29	4	30	84	-77	51	-94	96	47	-85	-52	-30	-4	14	97	14	-13	23	-81	-8	-71	55	16	81	-47	97	27	86
13	-2	-5	-17	75	14	13	30	-5	-8	94	-53	41	17	69	-91	84	28	-9	50	12	-31	-69	-75	88	41	-87	-86	-100	74	-91	71	-81	54	38	-5	13	84	6	39	14	88	-26	-38	-61	-80	-14	90	23	16	-38	-71	79	-24	-46	11	83	37	74	24	-76	-56	-61	2	27	-62	48	-66	80	-91	-4	-80	-81	89	97	29	82	-25	46	-51	18	55	-93	-48	22	65	76	68	71	-73	13	53	-77	65	-82	-48	-92	-30	-25	-58
-14	-27	98	-56	91	-9	-14	-65	-47	-84	43	63	-96	-41	79	14	-39	75	98	73	92	82	74	80	16	78	60	71	87	34	22	-81	-94	-96	38	-95	-34	-35	65	76	-76	56	-81	67	100	-49	-84	-60	-84	73	-65	42	-47	-15	-30	35	-11	82	29	48	-99	-100	-59	10	74	-25	-97	-47	75	-42	-70	6	18	17	26	46	-25	-32	-19	5	-47	68	70	-6	-85	95	41	-63	61	60	-85	-26	0	48	-78	-34	88	47	-85	-89
7	58	-51	98	96	21	45	53	-86	43	0	24	-57	-63	-75	8	95	-43	51	48	73	-69	-14	86	-6	28	-100	34	53	-87	-13	-29	-64	20	-21	-80	28	53	58	83	70	-4	33	89	3	82	-46	-71	58	18	-22	-47	-38	-8	-37	-83	-73	65	-54	-95	-74	-8	0	49	-91	85	-24	32	47	-10	49	13	2	-8	63	39	91	86	60	45	-62	80	-78	-85	-47	-35	-95	-23	96	73	68	5	46	-56	-7	41	-37	46	-97	99
-71	-1	-32	15	-42	85	9	-33	-97	47	88	-49	-42	-40	91	84	22	99	-96	76	-46	-89	-58	20	-30	-50	-95	71	70	-39	-52	65	83	44	-29	-14	-29	-45	34	75	18	-31	85	10	63	-18	-36	56	64	-69	-44	-9	39	-51	89	58	66	-40	-73	11	-52	-93	96	-80	-69	98	49	18	82	-17	27	53	32	-79	-25	91	43	-14	98	98	-60	-27	-20	-94	63	39	87	66	-27	48	-22	-22	33	0	-53	-27	53	-41	1	41
-35	-67	-3	39	17	-67	-2	9	0	26	-54	-95	-55	37	42	-81	-57	93	-31	91	50	55	83	34	78	-15	27	-54	30	15	-97	42	-18	-24	-62	55	-51	0	32	-94	-89	98	20	-11	-51	88	-73	34	40	-70	-63	97	-65	28	79	-1	14	38	73	21	-47	-66	-32	17	-10	46	61	10	-85	-18	-56	7	-31	94	10	-23	-11	85	53	6	-41	-62	-2	33	48	23	-85	5	-98	-82	-8	-28	69	-48	88	-67	-50	-64	58	-47
87	-98	-19	40	80	99	-27	53	-67	-17	-74	-4	-7	-89	-82	4	-77	-57	82	73	-37	68	-60	-72	9	0	79	44	-75	15	56	-11	51	84	21	53	-37	46	81	29	3	-52	-23	-88	-30	-5	79	-58	65	51	-37	34	40	-17	-55	-35	8	78	86	-3	-9	40	-51	-89	12	10	-2	-95	14	32	55	-87	80	60	62	18	-41	-15	11	-91	-92	-35	56	25	8	51	99	68	-41	-47	-95	50	0	-33	-15	94	-81	-47	29	30
100	25	30	-1	-76	29	-39	-19	-53	-10	-17	55	-12	12	16	-94	-29	22	-89	-42	1	-30	58	-80	80	-80	47	15	-30	61	42	21	81	22	72	76	17	94	-89	-92	-38	16	93	62	-55	44	42	-45	-31	54	-33	-43	51	90	73	15	-58	68	-81	-13	26	67	-78	-34	-30	23	-78	-84	64	38	-1	-51	53	-71	-94	68	14	17	-71	92	32	89	-45	-90	82	63	-62	-49	9	45	51	-1	78	59	36	-10	-24	41	-96	3
59	27	-82	3	90	77	-38	-16	52	61	-63	56	-17	5	84	-44	-10	-64	89	10	-86	4	17	-8	93	94	-15	-83	0	48	-9	7	8	98	66	-69	43	-7	39	94	-16	-51	14	10	-54	97	46	30	-92	8	70	-55	-97	-61	-100	-19	54	-73	-40	-98	-70	52	-74	69	22	82	-58	17	-69	-88	-34	32	77	0	68	28	-96	10	80	-87	-34	61	-72	89	16	-65	67	-37	84	7	45	-13	95	55	86	-52	27	-12	66	59
55	-3	-17	9	-59	-40	19	-60	73	6	-100	0	12	-59	-59	-50	66	9	-57	-69	-40	-76	95	-65	76	-8	51	-63	12	-81	-89	-44	54	13	-58	21	-95	79	-77	67	21	-90	-80	74	41	-86	-54	-64	100	-18	57	-77	50	30	90	-70	-95	-79	65	-32	34	-44	84	18	-81	66	39	26	55	-20	19	-20	33	37	-26	83	-1	-65	71	-93	22	-85	69	-43	-42	18	-20	64	-76	43	51	-91	-63	76	37	-56	-52	19	-33	88
47	-7	15	58	57	-10	88	1	-7	-79	0	55	-88	91	-84	1	35	-41	-20	-8	38	-97	-98	-78	-47	-74	80	60	-25	87	57	25	58	-21	87	-13	-92	-99	-73	-75	-6	-81	57	-32	-56	10	96	-26	-58	77	-21	-68	27	28	75	-79	-7	40	48	-73	73	-46	-11	60	-50	51	69	-75	35	37	50	80	90	-4	-51	94	62	-58	-16	-3	-27	-100	25	-61	15	90	-21	-72	58	-40	71	90	-8	52	-79	-45	-46	96	80	49
-26	-97	-51	13	25	-44	61	-40	-64	67	-34	-50	79	-40	82	-99	-99	69	-65	-21	-82	42	53	-37	-24	-74	-9	-34	-38	10	-67	5	-42	41	-59	51	-32	60	40	-77	-45	-25	45	43	-55	28	-11	11	-34	60	-18	95	-14	-6	42	65	87	-16	-54	46	-34	36	-33	-36	-46	-62	-58	-87	-15	-10	5	45	55	-73	-79	-54	-76	86	72	30	-51	95	4	-10	-27	70	30	-84	79	-10	-36	95	82	4	60	25	-90	43	-33	-6
60	-69	-63	50	-34	-42	26	87	-51	-90	-65	-1	26	-18	47	84	-100	22	-63	-90	52	-36	-49	-3	98	-61	74	40	-95	27	23	39	50	9	9	-89	12	-95	10	-31	17	-5	59	-82	29	40	99	25	63	54	-8	43	-27	10	21	91	95	25	23	8	-55	-80	23	87	-45	60	53	6	83	-70	-9	20	0	-48	64	18	4	90	-58	98	-5	-69	-67	25	-13	97	-88	-39	-7	-70	49	-26	-32	-69	-28	61	71	6	-29	90
-5	61	-10	-28	-83	52	27	56	-91	93	-78	6	50	-13	-92	-41	87	-28	-43	47	44	-4	55	17	16	-58	-32	-25	44	-14	54	24	57	-33	55	19	-84	76	-99	-52	57	-69	-88	-19	-87	-74	-20	19	50	-66	73	75	-96	72	45	-4	-96	30	-53	-71	-37	-30	-68	65	76	-79	81	69	49	99	-33	17	42	-5	-2	65	78	-88	-86	25	0	86	38	43	59	15	-43	-20	-3	25	78	-75	71	-26	63	-93	-69	-4	24	-92
-45	-36	51	-69	-47	-59	61	57	-99	66	6	-91	-43	24	21	42	71	-11	-74	-89	-80	-63	-61	-72	-71	100	-80	-72	53	-27	-43	60	96	-95	-61	-63	52	29	63	91	31	75	98	6	-70	21	-46	-78	77	68	-46	81	-50	-58	-59	-38	37	78	-69	-9	96	17	-14	18	78	12	-85	-16	-19	-15	-35	94	53	-6	81	-43	-86	-60	-14	4	-19	-34	-47	-11	74	15	-91	49	95	-19	44	-5	-59	36	-76	69	33	50	41	19
98	-96	-9	52	-76	7	-99	-15	92	-20	99	97	6	41	42	-49	92	98	42	-55	-3	-52	-98	-50	67	75	-7	70	36	79	-48	90	-13	-10	-66	-30	33	-36	19	75	76	63	35	-47	-18	37	-94	18	-73	-16	-33	-53	-23	41	-35	27	-11	-35	89	100	68	-68	61	-38	-89	-47	-57	-70	47	53	39	-80	-13	95	95	-1	20	92	-43	28	80	76	-27	-96	75	12	-81	-20	42	80	-8	89	73	19	60	75	60	91	85	-94
-58	24	-82	30	34	-51	-43	-64	-36	-18	68	-26	97	-47	82	37	-93	65	98	-11	-55	-98	-83	-14	75	-76	-97	-94	-93	39	85	15	-55	-84	89	14	-93	84	-58	-16	17	-52	25	-71	0	-24	-99	7	-59	24	9	-59	-82	89	98	52	-59	-54	-50	13	-88	-92	-60	-4	-68	9	8	-41	-8	28	-88	-28	-69	-2	-22	88	-18	43	31	12	29	-30	2	2	-57	26	-63	88	75	-26	-6	31	-18	-45	-40	-46	-85	-26	46	35
-53	-37	-7	81	2	12	42	59	-5	-30	-11	76	26	-89	70	85	14	64	-2	72	-47	83	-55	-20	-68	17	-81	-86	45	46	-27	32	-38	44	53	27	-31	71	-46	-82	-28	-87	-55	-97	-65	82	31	-86	-40	-13	30	-22	-72	-7	-56	-46	-98	15	-25	-55	73	-26	84	-38	81	-47	26	3	-11	-63	43	-52	-38	-74	67	-21	-43	93	26	40	-2	-60	38	59	10	-78	82	83	-24	-63	-18	62	70	13	-83	92	-92	29	82	3
2	-3	-78	-41	-86	-22	-26	81	-19	-11	71	33	-41	78	48	-62	33	-32	-76	31	8	-80	-60	-69	-30	59	99	-38	47	-34	-63	-80	-3	37	-60	68	-47	-45	-12	72	14	-75	-17	25	-48	-63	84	-95	15	76	-41	-73	6	89	35	67	-26	19	-5	64	55	-97	51	72	31	69	-49	-24	-57	-96	-39	-27	77	-1	92	-49	-79	-58	-26	81	61	-68	3	48	-66	-97	-24	21	61	25	-63	-52	11	-67	-85	91	-83	-55	69	56
-57	11	42	-57	-31	41	32	18	-9	8	-40	-61	-53	-83	72	47	-94	44	88	-74	76	-80	-68	-89	31	-80	-94	-98	78	-73	-52	84	25	-55	-27	-22	10	-73	-97	43	12	-22	-74	38	80	60	-30	84	22	60	-35	-27	32	-70	78	-48	99	-3	5	-36	-97	-35	-53	-14	-64	-78	11	6	-31	71	46	-78	98	-57	-73	-6	90	-75	-68	-39	88	-44	-9	47	-67	94	-3	-25	51	39	93	94	-18	-5	4	60	62	-12	0	-84
18	-58	76	-52	23	-85	-30	-59	-59	-100	-50	-2	-3	77	-59	-92	94	-5	-49	-13	59	44	83	15	74	-37	46	66	36	27	-15	-84	31	23	-67	-88	55	-85	-24	-42	69	0	-66	-99	75	-92	50	-75	-36	30	99	-18	-44	36	42	-92	73	21	-45	-41	96	-32	-89	36	1	38	-86	83	25	-69	-57	79	-38	95	29	-60	15	12	-30	-90	-46	-6	-76	79	16	73	-50	-77	85	-53	-59	-13	-20	87	34	-75	-87	6	-93	44
-31	-22	-99	-45	82	-4	-4	-75	18	84	99	-80	-30	-99	-67	-55	-76	38	50	79	6	-62	29	8	-22	1	-59	-30	-69	-60	97	7	97	-38	-7	-54	40	71	-73	99	35	-10	-96	67	-49	-27	78	81	15	-91	-39	9	-50	-87	96	7	56	-69	-99	96	-37	-100	-16	-11	-41	78	-44	-77	-98	29	71	-16	100	35	-18	93	-12	55	-76	49	-51	62	97	-72	26	-65	1	-25	30	22	9	-26	-97	14	-74	-10	-24	-5	-11	-47
76	4	-31	-60	1	-54	-18	-98	-84	8	24	-90	66	-94	22	14	65	-57	-67	-41	-21	78	-63	36	-29	-42	92	60	62	91	-28	97	-39	-53	42	-2	-31	17	-81	39	-66	5	-49	97	-27	-53	74	-87	88	-87	-53	66	3	-60	62	16	52	-63	45	45	-61	19	98	-8	-44	-79	11	-51	-31	0	53	-51	56	64	-12	11	99	-45	-12	-100	-63	70	-99	73	-14	17	-18	-57	-39	72	-100	29	-27	93	73	-77	30	72	-59	-41
19	-94	-74	-17	94	99	-98	-86	-25	-84	76	92	-54	-5	37	87	91	25	88	-60	66	92	47	-43	-75	89	68	55	34	-16	7	70	-47	20	-6	-95	48	-52	-23	-54	10	-5	18	35	-96	15	-47	-3	10	32	80	80	35	97	83	-77	-93	49	-39	-28	61	-72	-11	-97	-79	-44	-4	13	-27	97	89	-60	46	74	-89	44	93	-10	36	6	77	-47	-24	20	-5	39	-30	-15	-46	74	-28	86	-59	-93	-88	52	92	41	47	-29
5	-14	23	100	-95	18	66	80	-80	45	-10	96	26	-6	20	90	-85	-67	8	-25	18	2	-25	-32	70	-38	-72	93	84	-81	62	-58	-18	44	-33	98	84	-44	22	-51	62	-81	-42	-23	-99	-62	-100	71	91	99	-9	57	94	-99	-6	20	-86	-20	-62	-46	-92	75	-91	51	-99	24	-28	-34	-21	-27	75	87	12	45	21	54	-82	73	-26	-20	-29	66	62	23	46	40	-92	-52	-93	99	-84	-42	-16	41	-75	44	-69	-59	34	-33
46	-88	15	-74	64	19	-12	-91	43	61	-39	-10	-82	-53	-60	-59	-26	-32	26	63	7	-25	-79	-22	-34	34	93	85	-44	-47	44	-80	-53	-67	88	85	-1	20	-84	60	-88	67	-82	-64	-22	76	41	-30	-1	-15	-64	19	32	82	59	58	16	87	-78	-18	-40	41	65	2	3	99	-24	-22	-11	-77	76	98	32	89	-37	-70	40	-54	83	12	-7	-38	-54	67	53	70	37	-88	75	1	-11	-39	-40	79	25	-84	-93	6	46	66
52	99	89	-76	75	-38	-32	-30	30	79	-36	16	26	-86	-22	-67	35	8	83	46	22	-17	-9	-69	-18	5	-45	-96	-52	-44	-81	-2	-25	-38	51	-28	-9	-42	-41	-2	91	29	-99	42	-22	-93	-63	63	-23	-86	10	-57	59	-83	94	-34	-45	30	-4	29	-82	-32	34	83	-66	81	14	11	-42	58	78	70	80	61	-3	-71	-70	-83	-93	44	14	-17	98	18	73	34	-100	-14	-25	44	-47	42	-90	-56	4	-87	-91	-100	9	-63
86	27	15	-47	59	-55	14	-51	17	-1	96	-60	44	-89	64	-45	-35	-72	69	-1	77	-44	-72	73	-79	55	71	100	5	-33	-85	-19	30	26	-56	9	-94	65	-91	76	-54	50	89	-70	-22	59	97	79	-60	98	-91	-57	50	-98	-74	-17	19	51	-18	-95	1	75	-61	26	-23	-16	22	35	-98	-29	-71	38	-20	67	-63	-47	96	88	-31	51	69	83	-25	56	-29	-40	53	30	9	11	-79	45	-9	-7	44	-94	-45	17	-3	-37
17	-61	-48	-44	-89	-33	47	28	79	86	-60	91	-30	-82	64	-70	30	-94	47	97	44	8	4	55	-10	-55	-73	-65	33	78	8	-98	43	-3	-73	-56	99	36	3	-97	-23	75	-15	4	-83	-18	-85	-40	-72	28	33	-60	72	39	46	-92	-40	-32	53	95	-100	99	62	40	-18	-99	-59	76	-1	-46	39	34	-71	-26	-54	88	29	-45	75	-8	11	-55	-79	-59	-3	-62	-6	43	-10	-2	-39	87	72	-3	31	-65	-72	13	-97	-50
24	-4	87	19	-46	51	-64	93	-53	52	-88	-100	76	9	-87	72	-16	-25	-47	-8	51	100	71	12	-8	42	-40	-22	58	-96	-19	-39	7	-9	-14	-99	-41	81	25	-70	35	21	55	22	86	86	25	-44	26	91	-41	67	-65	-28	71	-22	-56	86	-67	-77	98	-92	72	57	78	40	-27	75	32	-51	-16	-10	-49	92	-13	-64	-42	37	58	30	-35	-9	-94	-21	70	14	54	-62	100	69	89	-97	-13	-18	19	7	89	34	-4	-56
-27	-67	95	-88	-99	98	51	-89	81	-48	12	2	-10	-45	-43	98	-11	70	33	-36	38	-56	-38	-2	-94	-68	-46	-92	-31	-98	-53	-93	99	-100	67	-46	98	95	-11	0	91	45	-43	11	-88	-28	-4	-76	93	-99	87	-79	80	61	65	-82	-71	-39	-58	44	-74	-71	-63	-16	43	-94	-85	-11	-79	85	91	67	60	-68	-74	-35	58	42	-94	-55	-72	-21	-100	-19	-13	-89	54	46	12	-53	90	-23	-100	-64	9	-97	26	-12	-8	36
31	98	55	77	-91	-76	85	75	79	43	-48	55	-22	-83	7	44	-22	3	-43	-70	-78	7	-38	71	53	60	-93	-53	62	39	81	41	7	-3	98	-87	-69	-46	73	14	11	-58	32	0	88	-26	-69	-80	-76	90	-92	-34	46	30	-87	87	-34	72	46	-83	7	21	40	-29	-57	-31	49	-61	91	77	67	37	23	-20	-58	-71	-96	-30	-94	-44	-44	38	-99	-31	-41	-29	-63	74	-38	-77	-20	-85	99	-51	-64	34	-16	-16	-17	32
15	-15	-18	-41	60	39	73	-85	-64	-4	15	-53	-37	66	-34	58	74	-52	-41	-88	-3	-16	77	5	-77	-63	17	55	45	-54	87	29	-92	-19	-36	-11	29	18	-34	35	24	-92	70	-63	-39	87	47	25	4	80	-84	-23	10	98	-76	-99	-15	-36	-30	-47	47	-55	-88	77	55	-38	-28	-73	-5	14	-63	-79	66	95	-59	-60	-8	35	-14	-67	62	-75	81	11	75	-56	-29	80	24	-33	-99	0	-98	28	-97	66	-100	75	20	-62
45	-30	52	-63	54	71	-94	13	62	36	-43	21	-50	-65	-5	-52	1	61	-72	-34	-11	-99	61	20	-4	-72	28	22	-29	-66	-43	-74	78	27	-47	-40	43	46	-93	74	-97	-92	-56	-31	11	-20	-70	90	-71	15	-32	-74	98	-41	-71	25	-48	63	-3	-1	7	48	-83	7	68	16	6	-65	-9	-72	-21	75	-8	-9	22	5	72	79	94	25	-94	82	-3	17	16	93	-24	-1	-12	-96	-29	-92	-13	-8	48	33	-90	-41	-80	18
83	-56	-91	-75	93	91	-34	67	-88	-34	32	51	89	25	-23	-7	92	-97	-28	54	-18	-37	-34	89	-62	-11	-82	52	25	-11	-7	15	-52	-36	84	-96	75	-70	50	27	-70	62	-50	-82	33	60	-51	35	-88	42	7	22	82	65	-61	-1	-78	47	97	11	-2	4	-35	-41	44	-90	-74	-100	-23	72	-94	1	-47	-75	-24	24	-4	-21	70	-27	-65	15	-67	-95	14	-17	74	8	89	22	60	9	43	87	-37	57	52	-73	-58	92
-36	-16	22	0	-78	12	38	96	16	-73	15	5	-67	92	46	36	40	0	-1	96	30	-33	34	55	37	13	-89	71	-78	-62	-60	-88	-96	84	38	89	78	19	15	-100	75	64	9	-45	-27	46	75	56	-61	39	-5	83	55	-73	-82	-43	-31	-14	-86	72	-52	-54	-85	65	-82	-85	18	-10	32	-2	43	88	21	-94	5	30	0	-95	-55	43	-2	-9	84	4	79	8	4	84	-83	73	80	22	-94	-99	9	-69	-52	-61	-98	15
73	-73	-22	6	-99	91	-4	26	11	-8	28	-5	28	71	-15	-59	-80	-13	8	45	-48	-65	96	5	75	-40	-95	38	-16	-93	12	-43	-39	93	19	4	-68	0	-44	6	98	-69	95	-31	20	-95	62	30	-78	-10	41	-83	66	100	49	-60	-52	-50	55	-23	-14	-13	3	31	-58	82	62	15	19	38	-63	-60	-68	-4	-78	-1	70	-86	-70	95	23	91	-21	57	91	-23	87	10	10	-26	-58	-3	67	-57	-8	-83	-84	-19	6	77
-27	74	75	66	-34	99	6	-88	86	-7	77	-99	2	-71	87	13	-8	-91	8	-17	65	42	-6	13	26	-25	-90	83	-21	28	-70	-99	-68	-49	-83	60	-94	-5	-69	-17	84	19	-49	-5	-48	58	7	-13	21	15	-3	65	5	-43	-50	-5	59	-94	-10	-10	18	-18	47	-96	-41	-93	17	-97	-6	26	43	-17	99	57	18	3	-28	61	-36	-55	67	-94	-5	-23	58	51	-89	40	-26	16	-75	-8	37	92	-21	-65	75	-36	-66	35
-58	-53	-8	53	-49	-14	29	77	-24	14	12	-56	-64	-41	57	72	-67	87	-66	-65	-16	7	-58	-89	-13	-30	-82	-81	-97	90	-59	-74	60	-65	42	-14	-27	30	-72	-82	-40	-47	66	4	-64	-85	13	73	-75	95	-99	-75	-1	-50	-47	60	1	21	-100	-19	-30	5	16	-28	-13	63	98	94	82	58	-30	-97	-55	-63	8	-32	-27	-3	24	-23	-54	-55	26	41	-50	61	59	-23	-84	59	-73	-38	41	25	47	83	76	-45	75	-8
-79	74	-64	84	-24	7	-89	-83	13	74	-5	-69	68	-20	26	29	53	67	-29	29	-100	92	75	-17	22	88	66	-29	96	13	-94	14	-100	-49	-25	92	15	-61	-59	63	-38	-76	60	-48	-72	29	-55	-61	16	46	-17	-98	28	-42	36	-16	-18	-22	-39	-84	-12	-52	26	-83	95	-18	-100	80	39	-70	-82	50	64	-82	-59	-77	-56	3	96	85	43	-24	89	-9	25	26	32	81	100	-42	-52	8	-9	-35	-88	87	91	34	-27	85
34	84	50	21	59	17	-36	-57	-21	-31	36	7	5	55	-55	-100	60	-73	86	18	57	94	-44	-58	-37	89	75	-42	72	-3	79	77	17	-41	27	-62	85	68	4	-45	-85	98	-75	-54	-52	90	18	37	68	93	79	-33	18	47	-55	84	-28	-82	-32	-24	-32	24	-85	-29	73	-59	96	-80	-6	98	-35	-70	-39	-43	-38	-71	-80	-70	22	-3	-4	-69	82	72	82	-24	23	-25	-21	-78	-9	72	90	-97	-46	33	-33	-57	-35	-29
-19	-82	-39	-58	9	-16	91	-11	41	4	-31	39	-76	3	-25	17	99	-64	-66	72	-38	-9	76	77	-68	-27	9	-18	-37	-56	70	-69	-57	-92	43	-26	-62	-53	70	38	-18	70	-71	-24	-11	-64	-33	-51	-94	-31	67	-8	37	-100	69	-83	13	-31	-79	-41	-3	-33	-60	-17	46	94	-9	45	2	19	21	49	21	11	-54	-43	20	-44	-94	-58	-15	45	62	-85	5	39	42	-36	-95	81	-1	-64	-31	-85	-59	-85	-57	-52	54	52
-32	-61	-68	-1	27	91	-42	-71	-49	-82	-28	61	-4	54	-82	63	-71	79	-34	-97	-61	87	-78	-15	-89	-51	78	70	-56	89	18	-84	-31	63	37	-79	-75	54	79	-58	85	-71	52	-87	-48	75	86	-64	80	-37	-29	91	-28	-21	23	-69	50	-95	29	-27	77	-38	49	-56	66	-30	5	-21	-86	-87	-26	-80	59	-42	-63	81	83	78	-66	-9	-35	77	-2	90	-17	55	1	47	57	82	-33	-26	-95	36	8	15	-100	47	59	65
