-8	-83	-62	-51	47	77	83	-67	88	58	7	86	-30	74	-81	-74	-75	-33	-9	-18	-22	-5	90	-23	-49	26	32	26	27	-45	30	91	-58	79	28	-43	79	18	-38	9	-82	99	-56	-87	-74	50	-84	-2	-3	28	-10	20	-22	29	34	86	-41	-94	-83	45	55	-23	-44	67	11	-10	100	79	-93	-8	-24	6	-18	39	-34	-30	-68	49	98	-41	-46	-33	6	66	86	-33	48	-100	28	90	-76	61	86	-92	65	26	10	26	58	73
-72	96	91	-8	-86	82	13	-63	85	95	-53	88	-84	-48	51	-75	-17	26	98	-75	-90	-22	98	78	-73	-12	17	7	-41	-56	-30	4	58	-35	-41	70	-90	-65	21	69	-56	77	-6	-63	-33	92	-32	38	-18	51	84	-59	-15	-9	-13	7	-96	-57	26	-23	-46	34	12	41	73	38	-32	-79	-7	-42	51	-40	84	-96	9	10	3	12	-4	-89	-27	86	-73	-44	39	-99	-57	66	29	73	-65	-99	17	-93	25	86	-69	-83	-64	-74
-84	81	47	-51	-79	-50	2	48	56	-27	-11	-48	-49	-56	-56	-34	99	64	52	-15	24	-91	-88	5	-82	76	-89	36	36	-45	66	31	7	29	39	37	-54	21	42	-45	-45	1	-88	-43	-6	24	15	35	-95	10	99	-26	-83	-15	11	-43	-9	53	-11	21	-7	-99	-21	80	-57	24	75	88	32	-91	42	-46	4	-89	77	-31	-19	67	60	65	-58	-80	8	-39	-23	-41	-78	-23	15	96	-39	-68	89	-32	-97	-75	-70	67	-47	50
-43	-21	72	78	31	-67	55	-64	53	34	31	76	9	-94	-61	-89	-44	-2	93	12	-74	-30	-41	-85	-36	1	-75	-99	7	-11	37	-19	12	28	25	89	42	-46	88	-15	45	44	-77	71	7	43	-80	-34	-39	57	-61	30	13	74	-30	12	71	20	47	-33	87	71	-48	36	75	88	-56	-20	-99	87	-73	-84	-1	83	7	-38	-9	7	-60	69	-78	0	31	0	81	-45	91	1	24	-67	-51	32	6	1	90	81	-75	24	-46	-53
39	-37	54	61	21	-4	-59	-5	22	99	-53	-33	-85	13	-71	77	63	-57	78	99	-90	-30	100	84	50	19	-49	-62	61	16	-68	-53	13	-2	-24	2	-20	39	57	77	46	-8	52	76	60	-73	-57	14	55	-64	56	-59	1	42	-89	-56	-37	32	89	-99	-40	80	25	-90	-44	60	56	20	-18	-80	3	23	-14	-11	63	-33	23	79	27	-95	-26	-78	71	42	73	80	-54	-24	48	-81	72	-67	90	15	-21	-91	-39	91	7	95
-31	-57	-90	58	72	72	86	65	60	-100	1	72	-89	39	7	59	48	6	77	49	38	91	-18	-80	99	75	40	-68	-61	9	45	-44	-9	-78	-48	-62	-68	-85	14	-92	92	56	53	-84	1	56	73	-52	22	-91	-43	40	-56	-91	43	-13	-52	-60	-18	-98	8	-70	8	-56	-62	5	-73	-49	-100	4	65	17	-88	-94	15	14	-60	5	-61	-16	56	13	-18	95	-66	-91	45	81	4	-70	82	98	22	36	-61	9	45	-92	57	85
76	-48	-69	-48	30	50	45	-73	-23	-46	93	-51	46	-27	90	21	-51	-2	-27	-5	-78	-20	-55	43	74	-23	17	45	-78	40	-46	-48	-42	20	90	-15	-39	-6	90	-49	-28	57	48	-50	-8	21	-25	-97	-90	-8	66	-42	20	94	73	-25	19	59	50	27	-66	21	10	67	39	-10	-57	-14	-89	-92	21	-59	-86	-33	-7	-26	-46	-26	69	27	36	21	-13	-19	69	-49	-1	16	95	22	-1	-86	29	92	69	28	-17	60	-60	18
-62	68	86	-20	100	78	-16	94	34	57	89	-21	-6	68	-28	-38	56	-65	60	-53	-39	-13	81	-95	-12	-45	-89	-41	22	-45	-82	-20	-79	47	-69	-29	-52	-33	-4	53	26	76	79	98	33	38	-6	40	42	12	17	-26	-95	-5	10	74	29	91	-26	-85	15	-33	12	86	-2	19	-75	47	-65	-47	95	59	-5	29	-44	47	71	-47	-62	3	-81	-5	-65	96	-9	-32	90	-75	-47	-19	-2	28	76	26	-67	-63	20	-70	-34	14
70	19	35	-93	72	-37	-17	8	95	-94	-6	-88	47	21	84	23	-9	10	95	-35	-61	-39	90	90	54	94	84	-29	21	-65	-33	-46	66	-79	86	-57	38	-90	-33	41	-6	72	-9	78	-77	-8	16	16	35	5	-21	-61	-23	16	-78	51	16	88	30	50	45	-71	-80	-16	-78	25	88	-4	22	1	-39	14	-1	19	-71	92	-63	3	-66	88	3	-75	-16	92	-38	-94	24	-66	-59	-64	-31	-67	-11	4	-79	13	29	-70	54	-84
26	82	-34	-35	82	63	0	-32	-21	23	77	84	-84	-24	-19	-91	90	-90	-45	53	16	-6	12	45	-15	-91	44	-99	-65	72	73	-100	10	-89	100	-68	-5	-8	-74	-71	-51	-94	-80	65	-48	-70	-73	-29	8	52	-19	81	-21	48	-54	89	43	68	53	56	-78	49	-97	-44	17	-40	-4	50	-31	99	-85	-48	47	84	45	-16	-1	-76	-99	-24	-26	65	-73	24	35	-93	46	95	26	30	-90	-39	-89	-95	47	-72	-24	-48	-83	99
69	94	86	65	100	7	-21	-36	72	52	95	55	91	-32	49	-2	29	76	4	-63	-85	-45	-73	-66	-13	-16	-1	97	-99	69	-62	-48	-42	-83	-44	20	47	99	61	61	-88	17	-21	-47	59	-6	-29	6	72	-3	-52	48	-1	20	57	35	-99	73	-47	-68	-45	-30	10	-33	49	-1	-91	10	100	-54	-89	17	-61	18	63	-21	93	-44	-98	-72	91	31	73	93	4	-26	-21	-15	30	1	25	0	-9	-63	-52	-31	55	-18	69	-91
13	44	77	-10	-27	-19	-64	95	-29	-63	-17	-21	-84	61	94	-93	-40	73	-26	79	71	30	-9	13	58	19	72	-44	63	99	-3	-34	-98	84	52	-41	5	-96	48	26	55	74	-92	9	-15	-32	55	-79	-35	-39	61	-76	38	-78	-11	-32	85	44	31	65	22	-38	5	-70	16	86	64	83	64	-58	-47	-24	-2	-59	92	40	-8	-33	13	-90	-14	-83	-25	36	39	-28	-46	-97	40	14	-48	82	52	-42	-58	-38	89	10	84	-34
-46	77	-42	82	78	-61	-63	92	-59	-9	51	51	57	52	78	-44	-12	-59	38	-33	64	-61	94	-50	92	65	38	88	37	33	-34	-70	-8	-57	45	72	-45	6	-2	99	92	80	66	-88	-35	-23	-46	-90	27	21	-88	59	1	-31	-45	-28	-21	-68	-91	-56	-58	-60	52	-22	60	20	83	35	-48	77	-28	-35	-22	55	42	-43	-38	-82	90	57	68	-1	-71	-37	-95	54	-58	100	-47	-47	98	86	49	-29	28	4	-59	-29	-16	-25
32	36	-22	-85	61	24	10	33	98	-17	46	37	-64	-23	81	28	47	-26	-19	-71	-22	98	59	-80	-78	-12	-53	-45	34	42	20	-7	52	-18	29	1	-27	40	-7	77	49	59	51	-15	-50	-4	-12	-23	-19	-44	-28	72	-77	7	-97	-13	84	-23	49	42	-100	48	-14	70	54	-90	70	53	7	5	-78	32	65	98	86	92	-94	-76	57	-36	-24	25	40	82	38	-7	-27	28	-37	-5	66	-77	-30	-44	45	33	-57	-59	9	-31
64	91	-13	-46	66	72	81	15	-10	4	-40	69	29	68	-47	85	57	50	-58	-52	15	-55	36	56	-51	-46	59	71	67	11	-97	-61	-13	58	19	6	42	-87	-38	-74	-19	-26	73	68	-22	77	72	-53	-23	-55	-61	0	41	44	-77	-56	-11	-94	-21	33	-8	83	-13	59	43	42	-8	30	1	-48	-7	41	99	-27	70	-70	95	-8	85	88	-38	85	-12	100	92	16	70	87	-48	40	-38	53	17	15	23	-79	-92	-53	56	90
41	26	-92	-98	21	-65	8	28	99	-41	-76	6	-44	-52	-63	-27	13	-15	11	46	-78	-40	48	-39	-72	-13	-18	41	82	58	35	-100	-35	-39	19	86	-100	-97	98	11	-92	-75	-58	83	-17	-91	-69	-34	9	26	-89	42	76	-22	-57	44	9	49	-12	-87	-54	54	-72	-31	50	27	12	1	99	-32	-36	28	-36	-37	94	-92	59	-10	-52	1	-90	28	-1	28	-23	20	-65	3	100	80	-54	-88	-23	80	61	96	-91	-2	68	77
3	81	-76	19	-55	-57	-11	-54	2	7	19	-28	-20	89	-38	-77	-55	44	6	54	-60	-50	1	-98	96	-22	16	58	-4	-61	-71	-26	-73	89	-94	98	37	-8	36	-8	-52	-68	-76	-80	88	55	-27	82	78	91	30	-56	-54	41	91	2	-29	42	77	-67	93	91	-52	-66	-55	-37	-81	-67	-32	13	-61	-11	-69	-84	-75	-95	27	99	48	64	17	45	23	27	19	-82	-100	-49	68	-81	-55	-96	100	-65	4	81	53	-18	8	-58
31	93	-76	70	4	-94	14	-79	-78	-43	12	92	-32	85	93	-24	76	23	-64	37	31	-30	-76	42	34	65	-2	69	59	-4	-2	-42	-3	-8	-1	57	-28	18	-31	-37	77	-49	58	-77	28	6	-12	84	-86	13	74	71	100	-51	-66	95	36	-1	81	-84	11	-9	12	11	23	7	-44	53	58	75	4	-19	87	0	-59	74	33	-48	-77	-30	-68	-10	28	-61	92	36	78	80	-100	-2	-7	-75	-14	-14	-81	-48	66	1	77	77
-33	-41	70	17	-8	90	53	-96	19	-76	79	-94	-71	-33	61	60	-12	4	5	94	51	78	-89	3	24	-53	-22	76	-52	-70	53	62	82	-1	-7	21	-55	52	-24	-31	-58	-67	39	-8	-39	8	-26	-99	-57	84	-4	-72	-23	5	-36	-53	-95	-91	96	60	77	-38	73	-60	87	-84	-71	44	-17	1	-51	91	-30	54	4	12	61	-16	79	25	40	66	47	76	-11	84	68	54	50	-41	58	-7	46	47	-50	-23	38	69	-84	10
-43	-12	84	42	-41	-6	-81	-99	98	-75	47	54	4	-28	31	26	54	8	-25	43	44	-67	29	-84	-80	-9	-37	-51	-48	-33	81	20	100	74	87	81	-42	58	-95	5	46	-85	20	-86	77	57	67	39	10	-62	-87	96	51	-38	-69	-77	91	-44	82	-12	-62	25	-40	47	96	-13	-19	-64	83	-23	89	73	1	50	21	-29	-9	58	93	-28	75	32	42	30	100	-26	71	-41	-100	-7	21	87	-61	15	-22	-3	-43	-75	78	1
-77	-10	55	61	-3	-18	94	43	-73	84	-89	-43	52	-30	-73	-19	67	-98	31	-85	94	-85	-70	61	-58	63	-94	-24	-47	9	2	81	52	-83	99	-70	-71	11	88	45	48	-33	-11	19	47	35	-39	-4	-43	23	-59	-5	83	49	-84	80	5	96	7	35	77	-40	-83	65	8	-92	100	100	-65	-84	56	73	-16	75	-10	-76	18	-32	-52	-54	-39	-20	-78	-37	9	89	-3	-19	34	31	-83	-36	25	98	56	37	96	80	92	-63
62	61	-57	8	93	16	-12	-28	63	-61	17	-71	81	66	99	-42	-2	67	99	0	-35	-3	-29	5	-6	-61	97	89	-47	-7	-81	-71	-13	36	-54	20	-93	59	68	-4	-6	95	-31	80	56	-37	-48	49	-96	-81	-93	1	48	-33	20	49	-64	-21	25	61	-29	-69	26	-10	-24	45	-3	57	31	-94	81	-16	-44	-17	-68	18	-7	7	-54	-55	8	-78	-17	9	30	57	67	89	-2	-91	-19	15	66	-35	70	-66	-59	-2	-56	37
37	-18	15	-3	-88	-36	41	-51	-74	-14	-68	-13	3	-68	-84	-33	-13	-34	61	77	-24	-25	-81	-52	58	-61	27	88	-94	92	-48	85	-70	54	61	8	-13	-69	1	-83	18	-53	46	-51	30	41	86	-59	-86	46	-31	-97	-59	-60	-25	75	-45	41	-87	-2	-19	2	1	41	36	64	-16	-5	-44	86	62	87	1	40	-100	-57	49	-37	58	-8	35	-60	69	71	99	12	70	-89	-2	24	35	-54	-76	25	38	-66	28	42	-44	-30
3	4	-4	-60	-45	3	66	92	85	62	90	-22	11	-76	-93	-81	-12	-13	55	-71	47	90	-27	82	-51	-53	59	-68	-62	28	-95	2	49	-61	-85	-2	79	-76	34	-14	61	44	35	-20	65	-37	13	57	56	23	38	-63	-62	-8	-63	-38	81	-12	56	27	-50	-75	6	-75	79	-79	-8	-52	95	57	-6	55	99	65	-44	88	-47	-87	-90	-59	87	90	2	10	-29	-94	28	-76	-99	64	-3	19	-2	-21	-62	-93	-66	65	-73	-31
92	-89	78	90	32	-90	26	-45	56	83	-98	-91	52	15	-62	-36	-22	-98	-57	-61	91	100	85	-93	65	64	-37	12	-76	8	-78	74	62	-16	-86	61	-47	31	-64	66	-90	-12	-78	-8	-73	-93	-96	84	-78	-71	19	-7	76	-13	31	-93	65	51	-34	15	69	89	-14	-60	-45	-97	77	36	-29	-100	51	68	40	-7	45	88	48	-90	-16	-2	-44	-94	31	-9	-33	-35	-37	-12	-13	76	67	94	-61	5	-26	10	-56	87	11	82
-43	-26	-41	61	4	-25	-71	-71	76	-52	-42	39	-6	-54	41	-63	-67	70	-31	-21	-85	48	60	-30	-40	53	-87	28	-81	-96	18	-59	50	-49	-37	-35	-46	-49	-74	79	-68	42	-32	-62	99	-2	-9	91	62	72	20	-73	56	97	72	-85	64	-1	28	-62	-72	72	-4	-7	57	-80	43	10	98	-53	-32	69	15	67	-20	-12	-23	-49	-5	-7	-30	95	15	-31	47	-62	95	75	88	16	-23	5	-50	87	-59	-50	-30	100	-31	-74
-61	-76	-35	73	-58	-64	-79	-74	-28	1	-78	1	-73	15	-42	10	-76	36	-49	-31	-95	27	78	60	-52	39	64	36	-18	20	-57	42	34	60	-28	60	-17	-54	70	71	66	3	28	93	-26	68	51	-33	-9	91	-45	-19	80	1	-7	-3	-47	56	19	1	53	35	8	30	80	5	-86	-66	-63	-38	44	43	37	96	-12	-77	-4	-3	17	43	47	89	-39	49	-40	29	-67	13	-61	-41	-10	39	-19	-53	14	-29	43	19	15	53
-6	46	-73	28	11	-29	99	71	-46	-94	-2	-95	-16	-55	-95	28	36	53	21	-72	-100	-67	37	50	-92	91	94	16	87	39	-22	-98	-51	-88	25	100	62	38	97	99	-47	-40	19	41	48	-14	-99	36	-66	67	73	19	78	58	15	75	-71	-73	15	30	47	88	-48	-3	-50	-92	-87	-50	13	44	-66	19	8	-91	39	82	-60	-8	-77	-83	-10	-94	37	49	-67	-93	40	-74	-38	100	36	-18	-75	-45	-33	-13	20	63	-24	54
-13	-95	-60	-15	48	60	99	94	-84	-45	62	83	8	-1	73	79	-23	-90	66	40	-51	48	40	-67	74	90	-53	61	-63	5	-50	-63	20	68	72	-16	-9	-100	75	-22	-38	79	-74	100	-100	32	-79	-85	5	98	-47	53	72	-24	-9	-56	-41	3	-17	4	70	53	-12	73	-98	-29	-93	-14	40	-71	-56	-81	-52	49	-30	-8	-19	87	-71	10	-29	-66	-75	-59	-26	-88	-29	-70	48	41	40	85	21	-22	-13	85	99	5	-64	30
66	78	-23	55	86	-60	-36	-46	31	-47	33	-21	-88	-26	58	-24	79	36	49	17	-5	-5	29	-69	100	-98	96	12	99	-86	-72	-55	-84	97	-26	-29	-79	58	-85	88	31	96	-35	46	-97	-63	30	-58	50	9	23	28	-4	-2	51	-33	2	72	45	-18	-41	90	-66	-9	-25	83	22	82	13	55	-5	68	-9	32	-84	44	-22	27	70	5	64	42	49	-45	-85	-32	-11	9	-37	78	73	92	-25	65	23	65	0	20	-47	-80
10	-78	-65	30	22	-62	23	87	-36	-41	92	-72	66	-92	80	12	55	-69	-33	89	4	-5	-65	-71	30	-66	-87	-52	-48	-51	96	-26	-13	89	-28	80	64	82	-26	26	-1	-47	12	-87	49	-53	66	42	-45	45	-9	-42	-50	-26	-10	86	-3	-29	7	35	32	21	74	72	-91	-75	-80	-6	-18	-64	67	68	30	62	-57	-20	-62	-3	-67	-33	-43	68	-50	75	-88	63	-5	-59	30	99	-71	63	73	-53	-97	12	63	-2	49	3
-58	-43	-95	25	28	-53	-9	19	66	-23	-58	-87	62	-40	36	-63	-76	-85	81	-30	21	8	-66	-43	1	72	76	22	68	-23	-6	-80	71	-14	-51	30	-93	12	-9	-38	-75	-48	-17	24	-73	30	86	-90	16	93	11	85	11	-18	-52	-77	-46	-68	-94	-21	-5	-27	69	-87	24	46	89	30	-71	-5	-22	22	-1	-15	74	41	-84	-36	-84	-18	-40	97	-26	-89	-99	36	-85	30	-57	-63	-28	-100	51	-99	33	37	27	97	-54	-10
12	64	0	70	-92	-1	67	-44	62	68	-32	-40	48	-11	-78	-83	-2	86	-26	-52	-1	11	82	68	-59	-48	-52	5	10	-91	5	6	-67	38	-53	51	73	-6	-44	14	100	-24	-57	-79	-31	45	89	90	24	96	-99	74	-63	55	-71	-94	-61	55	35	-3	-51	-20	-61	46	-97	-99	-88	-88	29	-83	-9	-69	-56	97	65	-80	46	92	7	-84	-55	-37	-71	26	77	-37	-66	-59	97	76	-34	43	-10	70	-82	-37	-21	16	42	-56
79	40	55	-39	40	73	61	98	-90	-58	100	-19	-7	-1	2	-93	1	-67	11	48	1	64	66	97	-87	-31	-41	-11	88	-2	48	54	37	-14	50	76	42	25	7	-6	24	83	48	28	12	28	-92	51	-12	92	-97	12	-72	-63	78	78	36	80	-12	-7	43	-42	59	21	-66	-89	92	-37	-5	-43	83	-11	-78	-24	12	-7	26	-76	-17	-69	71	82	-55	67	84	29	89	84	26	43	-28	-35	-25	74	33	59	-82	-97	11	47
16	97	-61	-15	2	-5	-7	-18	51	-43	-82	43	65	94	-3	35	-36	-23	49	4	49	-87	39	83	-60	97	-87	57	37	46	-70	-33	92	-26	18	54	7	13	-23	-66	-51	-11	41	74	84	-88	-78	99	19	49	-20	-73	-66	25	76	-35	41	-58	43	-85	57	-51	-47	-68	83	-36	-60	-83	-57	92	99	18	18	98	-92	47	-67	21	-33	67	-60	-100	62	-16	-99	-62	-94	-51	-69	16	-9	-84	74	-44	77	71	-69	28	-91	12
58	-87	24	56	-76	58	-80	13	15	76	-49	-86	59	-46	59	-8	85	-45	-58	99	29	42	100	22	-83	36	5	27	-21	-67	-12	-91	67	84	-96	-39	-32	93	84	-20	31	45	-29	16	40	-92	82	29	-32	-14	82	40	-2	-49	-78	90	-33	18	11	39	-34	-21	56	-4	-62	73	25	27	-26	4	-55	66	96	-82	21	23	-31	6	56	-9	17	47	-2	92	53	-68	-61	-100	-24	16	91	29	-87	98	-50	34	80	-94	-29	-14
-12	1	18	-80	-88	-78	37	-84	3	-38	49	-12	26	49	-68	-100	-13	-69	-35	-38	-70	-43	-22	4	8	-43	90	-91	-42	56	21	47	56	41	54	24	36	-55	33	17	-20	-74	15	-3	90	-14	69	1	88	-6	-45	36	-34	69	-68	64	-68	-72	-38	91	-19	67	25	-10	38	85	22	11	-3	12	-31	67	-17	-4	6	-92	9	-89	74	68	14	13	96	-41	-42	41	-83	44	56	-90	98	-79	-59	-6	-45	-89	-57	48	1	97
-19	17	45	93	60	64	-41	-4	-74	4	-35	33	-95	58	81	-95	47	-50	-52	-30	-19	-13	8	-29	-98	6	-13	-95	-2	-40	99	-90	23	80	-29	59	2	68	-40	-36	-9	-13	36	7	79	76	-12	35	-87	6	17	-81	85	-47	-59	-39	-70	48	95	32	-45	-71	-6	-40	-11	-23	86	-53	80	-31	71	35	53	-93	50	39	53	-47	-48	51	-72	-89	-82	19	60	17	-82	44	-40	25	-99	-19	-92	41	-49	-66	42	-3	-25	-92
-100	-40	-94	22	-16	-3	-64	-79	53	57	-88	35	-82	69	-62	11	-30	10	-69	-2	-11	94	-71	46	-62	97	86	-97	-15	-13	-74	25	81	-29	-99	-40	11	3	80	-93	-86	-56	13	22	-63	-29	-64	-25	56	-68	49	-93	31	38	-41	27	74	-95	68	-72	88	-42	1	-10	29	33	-44	97	-40	-54	-54	-52	-60	66	100	66	77	2	-5	-31	68	-47	84	-9	28	23	82	15	-26	-68	-73	85	-92	-22	85	-88	88	-41	89	-68
-82	31	19	12	-41	98	-33	-97	80	91	41	20	26	-52	7	-75	48	92	33	-86	-75	-99	-78	-53	-69	20	-81	-82	18	-26	29	64	-40	-15	5	-85	-19	2	36	-23	86	-50	-62	43	47	-33	-38	-90	-8	65	-47	77	-67	-98	-48	89	-79	19	-91	-36	-69	7	59	-71	8	69	86	48	7	51	-100	67	27	-85	-54	79	4	50	-59	34	40	79	-6	24	95	-96	42	-51	-91	42	-8	58	15	-76	10	72	81	96	-6	87
19	-39	91	-36	62	70	28	-17	-85	66	80	90	74	11	0	24	-64	84	51	-48	50	55	-13	28	-12	14	-15	50	4	9	16	-32	-89	-25	-37	-90	-68	-93	-39	-74	60	9	-80	-63	45	21	27	-82	-66	-92	19	63	-21	-85	-27	45	45	-48	48	33	74	-7	28	57	-91	90	85	71	-25	66	63	-78	-10	36	43	77	3	17	-45	-99	60	98	21	-41	54	97	-38	-15	30	62	65	88	87	6	-59	-89	12	73	66	50
23	-79	41	-53	78	-79	-91	-52	62	40	33	-71	-15	-4	-44	6	-90	88	-56	-91	-74	-9	-17	-58	24	-5	-38	63	-1	47	12	-74	36	-87	-91	-55	30	51	-64	9	-33	-27	63	-73	-63	19	11	70	-35	53	34	36	-46	7	-37	-82	72	27	-71	-28	-12	-88	72	51	4	68	65	46	10	9	-3	-15	2	10	59	38	3	10	69	43	45	-10	0	-78	50	-37	-22	-83	-54	45	44	2	-48	60	-97	-28	56	-66	34	-35
-4	90	-88	-41	-27	94	34	-17	74	44	-84	1	-4	-1	-56	82	-9	79	-98	43	73	-80	-69	70	-44	49	11	-50	43	66	-59	-3	76	58	-78	16	90	-56	49	-65	-46	-10	22	8	-6	-100	-93	-28	16	65	-19	65	80	86	85	-57	95	-32	-71	62	-7	-62	-28	50	33	-19	39	31	8	73	50	-7	-88	97	93	25	-82	-87	-59	76	-84	-22	-66	-54	53	99	9	24	-9	-21	-38	0	11	0	14	62	-50	-63	84	82
79	-88	13	95	-66	-22	-93	-43	73	65	33	5	93	98	58	31	-57	-50	-64	84	-95	94	50	36	-26	54	-12	-27	-38	11	62	3	78	-27	76	59	-33	93	14	9	84	87	30	-74	45	-36	51	-34	-79	56	31	-47	50	87	-98	73	-44	-78	-80	64	-47	-58	93	57	72	-60	-78	-61	12	92	-79	-18	36	-19	79	3	-82	-52	40	-57	49	-21	-97	28	-66	12	90	8	44	11	-57	66	93	-70	60	-72	13	25	66	-10
-72	56	40	-78	92	-4	-46	3	-97	-38	-65	89	-43	14	40	96	-69	-92	-38	35	-10	-14	-13	30	-19	-82	-12	63	-46	29	66	-16	-18	0	-3	2	-68	100	91	65	-34	-77	-34	19	81	-61	95	-17	18	82	-64	53	-20	-62	19	-72	-35	80	-82	90	73	19	-40	-44	100	62	-76	10	-68	13	41	-84	-95	48	-45	2	8	70	83	-8	-33	70	86	-36	-16	-61	-20	-83	-55	25	-15	-67	68	91	-54	91	84	36	-82	-26
24	62	3	-9	-89	-100	-42	72	-39	58	84	78	19	-7	88	68	83	38	62	54	-44	-23	-50	-3	89	80	-16	44	-84	27	-67	60	-74	-28	-36	76	-12	-6	-44	-98	-66	-7	79	14	-75	25	38	-53	64	-37	-15	25	32	-71	98	-2	41	18	-82	48	-81	-17	-72	27	-66	-54	50	-17	68	50	-94	-67	-3	26	-4	91	50	67	61	-50	97	-18	58	49	-75	-17	56	74	-38	91	-58	96	56	72	17	79	-56	55	-33	-70
92	-58	-93	-44	-29	-4	-46	63	88	-96	-51	79	-70	-79	97	94	-68	86	90	-24	-81	72	23	72	93	-96	-27	98	-78	88	-45	45	86	-82	75	62	73	64	-88	100	-36	-60	-25	30	-6	15	90	32	-11	84	-83	-46	-28	-2	85	-10	5	-24	-43	-1	-64	5	8	82	30	1	94	3	38	75	31	74	28	3	9	4	-35	-59	-42	-22	54	-17	-1	-21	69	-37	-45	25	-44	94	-28	-16	55	-5	67	-100	16	39	-45	80
-77	-6	-57	6	46	-41	-3	22	-80	-39	85	86	22	37	92	-97	-96	-77	30	42	80	-45	-17	84	48	-5	53	-40	68	2	7	96	-88	-24	-95	39	-94	42	-99	25	-44	-65	69	-59	58	78	-15	-20	-40	-66	46	45	-81	5	-51	12	-83	-67	-84	-61	-47	93	-68	-78	99	63	-54	-90	95	-92	-65	-71	60	21	-84	-98	-17	-96	-37	-84	-49	80	75	-70	24	-9	94	-65	-13	47	-81	68	-75	77	-64	63	-56	-97	100	-3
89	31	-17	-79	86	15	-68	-100	53	4	-53	-91	-10	-40	-50	59	-76	-1	-33	-12	-85	-58	29	-54	82	43	-69	88	-64	72	14	20	23	-61	-70	-43	4	-31	77	-46	-28	79	68	44	19	-98	49	-78	100	1	0	-77	24	63	19	73	-61	-76	-37	11	66	57	46	-47	-11	57	-12	-60	58	-67	80	-79	17	50	31	59	-30	32	-2	-53	9	-64	34	75	-57	-31	2	-67	-2	72	-70	-88	78	53	87	5	94	82	49	78
40	67	-72	-16	-41	92	38	-40	40	-89	-94	-76	44	-61	-85	17	-30	-69	-16	-2	67	-17	-8	7	-65	60	-32	-80	89	-69	-85	-90	-77	-66	25	99	8	-72	66	58	-68	-76	53	21	6	28	81	-32	93	-60	63	22	-32	-75	-8	-50	-16	-61	16	-88	-90	-75	-50	47	71	-55	66	-95	10	-72	-56	9	2	39	-18	-9	-87	-43	-12	21	-82	19	-96	-83	21	-98	84	96	-61	-74	0	-43	-74	-61	28	79	87	46	-58	-73
-99	-41	48	5	58	31	-59	-48	-79	-21	85	-19	40	8	63	-44	-98	53	-36	-78	82	-95	-73	-60	41	38	-45	-42	-73	-41	46	-9	-90	-12	-62	-93	-11	-29	-5	39	81	86	52	61	-83	22	-87	-1	100	59	-6	72	29	-29	-86	94	-94	-98	-66	69	-98	-86	-71	70	37	-99	-7	-10	90	95	0	-23	-5	43	87	-32	-18	81	-86	9	17	-54	-22	26	56	56	2	48	4	99	-50	0	-81	-7	-85	-33	-99	-74	-66	60
87	-68	-80	90	28	39	-8	-100	-7	-20	55	-58	99	41	-36	-59	25	-42	68	45	26	-79	86	-13	18	46	-84	25	14	-30	-86	17	60	61	-88	-9	-88	54	10	-62	-28	-52	-70	-28	4	-79	-10	36	-66	-24	-21	-69	-50	33	3	20	23	52	49	80	-23	-16	31	-37	34	31	81	40	61	-37	-44	-41	62	-49	4	-15	86	-53	-66	77	62	-30	86	-43	-62	-5	-85	-61	-37	75	64	38	-21	88	-31	44	30	-93	-2	-33
-51	-62	63	29	61	16	-22	-23	-22	-64	50	27	-81	1	-65	-43	-71	-30	58	96	-84	-46	65	-46	-80	21	7	-82	-25	-90	25	-87	-84	-51	38	-88	-75	23	54	-91	-24	6	63	36	-34	71	-56	-16	48	99	-52	-38	34	-49	-71	-4	7	46	70	44	11	72	-21	25	-10	92	-51	61	-38	-84	83	15	82	-15	-19	51	71	-49	72	-15	25	-80	38	-87	-36	-26	76	77	-82	11	91	-36	-81	-23	21	74	70	92	-31	-78
-6	-22	-68	-45	100	-49	32	57	97	83	2	-91	-71	-20	-54	94	-38	77	-3	-10	-3	75	-21	-52	-34	-5	-94	2	8	77	-76	-41	-18	-5	-99	-12	-96	-13	33	78	-45	60	45	22	43	50	91	-77	-53	86	15	-16	44	79	-4	91	-91	69	-20	4	-40	44	26	61	-87	91	-97	-71	-50	24	48	87	31	23	85	87	69	-7	22	48	-84	10	79	-30	-18	64	-42	38	-64	57	-54	40	91	76	-75	2	52	-10	72	44
48	-58	-8	-43	-61	35	-53	-97	-42	-81	64	-45	-28	-87	-11	3	-96	-77	-65	64	69	13	62	18	94	-16	-90	-52	-84	-100	-53	-24	-22	-85	7	-8	-53	-41	61	-54	48	-7	-56	-6	-64	89	-52	18	-59	53	-83	78	-37	24	-31	-71	37	-28	-44	90	74	-100	1	-44	2	-89	2	30	47	-54	-16	-9	89	85	73	-98	-78	-72	-53	-17	50	-27	-39	-79	87	-77	-17	-5	-52	-77	39	80	65	-33	77	54	23	-65	33	2
33	-64	39	-61	28	-64	-87	-41	13	81	82	-26	94	-5	-13	2	-55	-63	-4	-8	52	79	-83	34	75	-94	-5	57	-27	23	52	-64	45	24	-90	100	-76	2	-10	-77	63	98	82	27	-13	3	72	-84	70	-59	88	76	84	44	-64	-46	-43	-25	23	-47	-12	-92	-82	58	56	-95	-77	2	73	10	17	82	-81	1	-19	97	63	-17	-14	-51	-83	93	40	-32	-82	73	-12	91	76	55	31	-27	-76	-78	-53	91	-2	-75	65	50
1	47	4	-96	14	-36	89	-10	-74	51	45	42	33	-3	-19	-59	-86	21	-83	72	88	90	-5	-71	-100	36	45	1	74	-99	-14	-98	-40	85	3	-70	61	76	1	48	10	15	21	76	-31	-65	84	89	53	-31	2	17	-43	10	-88	-82	-71	55	63	-82	-80	-89	-51	-62	73	-27	-51	-60	43	-47	-79	63	49	-2	-29	95	-91	55	6	75	-26	88	68	91	57	31	65	-22	-90	-37	37	65	-3	2	31	71	58	-7	-54	31
44	-14	-48	-30	-79	-58	-98	35	-85	91	40	-87	-100	95	-40	-8	-1	-67	-94	-42	60	5	-66	-83	-28	64	-7	-88	39	-7	58	-18	54	27	-78	34	-90	33	73	-90	62	-7	-9	61	84	-22	24	72	-48	-4	59	86	31	7	45	-19	12	-87	34	74	91	24	10	50	25	-2	-49	-58	-91	75	-91	-75	-13	70	6	-4	28	-46	-9	91	91	-86	49	-51	-17	44	-75	49	90	27	-72	73	-65	89	-19	-42	19	52	-56	-23
57	-68	27	-1	-24	-71	37	-36	17	-44	-49	-92	-56	-94	-11	-100	67	-48	26	87	33	71	-38	-5	-51	-11	-29	86	-50	-89	12	-87	-28	-57	-17	-75	-19	49	71	100	-44	44	-88	70	-56	-100	-64	54	55	72	-3	-21	16	4	1	41	51	-32	42	-16	-98	-47	88	5	50	25	-66	20	70	-72	18	44	26	3	-49	-67	-2	48	5	-92	-66	39	25	-51	-80	-47	-57	-30	-82	-84	-99	10	78	-34	91	-80	-48	94	15	59
88	-7	-81	30	-93	-69	-51	-71	21	-81	99	-61	-46	-11	47	22	37	3	-24	-15	42	-9	95	-69	73	47	71	-48	57	-42	-88	71	76	-26	24	25	-17	15	93	-83	1	49	0	-86	50	48	-51	-94	-78	4	92	-49	-5	4	94	57	21	60	-99	96	-52	60	-75	-58	44	65	-55	75	52	97	13	95	26	25	94	44	84	-88	-71	35	26	-14	16	89	74	47	34	-40	-24	-15	-89	20	-28	83	24	-40	24	20	37	-7
82	-60	-96	2	-45	5	42	54	-15	-38	61	36	89	-8	-89	-82	-5	19	-14	36	72	-63	-67	92	-49	57	71	51	68	-34	36	84	-77	-7	12	30	43	93	-58	4	67	98	-81	83	57	-42	78	-86	46	19	-50	-94	65	-61	-26	17	94	-64	-87	19	98	-76	-74	-94	22	63	40	2	-1	13	76	75	-48	-64	-68	-60	44	46	-20	-68	72	87	-3	-9	-59	-71	3	-83	72	54	71	40	-96	-90	-26	-65	12	95	14	42
1	26	-72	-97	-87	38	-20	75	98	67	28	-81	14	17	-16	25	-21	20	31	32	91	-68	-72	71	35	30	-62	-83	-43	-2	-69	-60	-22	-78	-15	68	31	-40	-52	-22	-25	44	-71	38	-61	86	17	-27	27	-2	-1	23	96	66	17	-34	31	-57	-96	64	45	6	19	11	-88	59	38	-75	40	-30	95	22	-92	56	-67	77	-71	-74	-42	-99	61	-9	97	-78	64	47	100	90	-65	-10	-71	-69	-43	-40	-33	-60	94	-47	60	92
-17	-20	-22	97	47	-87	51	-30	98	49	-62	18	-20	11	16	19	35	-9	-30	-45	18	53	31	-66	-39	-74	-71	-93	-23	30	-51	83	-32	77	-17	75	-58	-100	55	-11	1	-39	-28	-49	67	35	44	-76	91	49	-100	36	6	-61	-59	-31	-20	51	-80	31	24	-87	-90	40	-88	-91	60	32	86	53	-9	22	-93	20	73	-67	-53	74	-53	78	-67	89	51	-91	44	-11	63	3	-59	-81	33	71	43	56	-33	98	8	65	64	-39
18	10	-50	-51	-92	-80	73	-68	-71	40	-51	15	35	64	-52	-14	-97	58	-6	73	75	-78	84	-16	58	16	4	-13	-65	-36	-79	-61	99	-20	95	94	17	8	67	-86	-96	-72	-22	-58	-83	89	-42	-24	99	63	34	-11	-82	-89	-81	-92	57	-76	83	7	-8	-54	52	7	-31	-91	12	6	-95	37	-89	-86	25	-50	25	94	-77	-5	34	-8	58	-92	0	-49	37	89	-92	-34	99	-29	-95	-95	21	74	46	-23	20	-95	87	-1
31	-34	-86	-34	22	92	-97	20	49	-69	-76	62	-94	55	63	-75	-75	-10	71	38	-75	68	85	-44	100	90	-94	-44	70	-33	-77	64	-91	78	50	67	-73	-71	64	44	-9	-88	7	-3	91	93	47	38	-62	-15	-87	-12	-16	75	31	-66	59	61	-47	-50	-3	-22	-42	65	57	-29	-20	-29	-61	-83	-90	-71	-53	-17	-28	75	-2	-32	36	-53	61	-21	-23	-72	-18	68	62	-16	52	-92	-10	-56	32	-80	60	-5	87	-93	-72	-13
57	26	32	40	-98	-79	-22	-91	23	-57	67	75	0	76	-45	-12	64	63	55	-38	-70	-6	67	-68	-32	-49	-41	97	60	-81	-12	-99	-20	-76	94	-77	-65	-19	-27	48	-72	66	-56	4	99	34	79	100	-65	64	-73	92	-36	-57	-34	53	-9	15	-73	-87	45	-20	17	39	44	82	66	-87	-31	-13	18	55	78	-75	45	7	96	-93	18	70	-100	-63	-46	-93	86	25	24	-9	49	3	-48	-38	-95	46	-42	-28	91	-15	2	46
57	85	30	70	41	-47	-3	-14	35	70	-41	9	28	-17	87	-28	-67	-31	94	-55	8	0	-26	10	64	8	45	-86	93	0	40	73	-54	72	-66	70	-55	10	53	41	96	-7	62	67	-68	-50	-37	1	27	24	-36	-28	85	20	-86	37	2	18	-9	-67	-54	92	29	51	4	-87	32	-29	92	-80	91	89	88	-28	82	32	30	-15	0	-17	-79	-53	-7	-30	-18	-60	77	-89	-46	-35	-44	-97	-76	-93	-64	-43	-30	35	7	-43
19	-86	57	-59	-79	71	20	-23	-5	-27	-74	-25	-23	95	36	-78	6	-15	-11	28	-1	-81	-31	-2	-54	-53	-8	-20	36	-84	-94	6	96	-90	72	43	-91	-95	91	99	-7	-73	28	-32	-4	-81	-8	54	-70	-93	62	-64	26	62	-62	51	-37	91	70	-83	-93	96	-31	72	-82	-4	31	42	0	-43	15	57	85	-14	80	47	-63	34	-8	-42	-10	13	-77	73	-37	92	-12	-92	39	-93	94	7	-49	1	48	26	93	-18	-90	-60
-37	-81	-36	43	76	-70	-79	-81	84	-22	63	1	46	-1	79	7	-42	-89	63	5	-12	-77	94	64	66	64	-59	54	17	-64	-48	59	-61	2	-14	7	36	-28	-11	23	-4	-46	34	-19	17	-59	-41	95	66	-91	-65	21	91	-84	83	90	87	-76	-16	7	-96	-70	3	45	-97	70	-35	-69	-54	67	-75	86	-75	-85	46	67	-27	100	95	-37	11	56	75	25	-67	41	-4	-21	-28	-81	-57	-18	-55	-48	-54	28	15	92	-16	-83
69	51	9	-62	-29	17	-61	-27	-16	41	77	91	-92	50	-27	18	76	5	52	38	-66	70	-36	-36	-58	2	-9	-84	18	-88	-46	-92	-23	-45	-31	5	20	-67	20	97	-82	-57	98	-36	29	-90	41	-32	54	54	70	71	-67	-30	-80	-5	-78	-93	-47	96	3	-5	-75	-6	-56	-40	5	79	38	-36	11	27	20	45	47	18	-29	12	-21	-97	-32	50	69	-3	-48	-99	-93	-16	39	64	68	-13	25	-79	78	-47	-21	71	57	94
-69	-66	-7	38	55	67	54	-7	31	65	6	-11	33	23	-54	-16	-26	-84	-86	-40	-94	-30	-49	5	-36	95	-99	87	-38	-62	34	-91	-69	84	-97	-99	-3	70	-70	-57	-88	-9	-6	-67	-69	-15	84	47	82	5	78	-50	68	-99	-30	19	18	-80	-61	65	33	24	80	53	-44	48	81	11	52	-51	29	-52	45	35	-9	-36	-74	1	-53	90	-35	38	-50	-32	-68	-3	49	-24	42	-89	-80	13	-34	80	20	-95	29	70	56	-85
-17	70	37	-71	-99	62	26	70	-95	-100	38	-68	58	12	-35	7	97	-38	70	73	-69	-91	53	-42	96	4	-76	65	76	8	-69	-22	77	67	-39	46	-68	43	10	-53	62	90	87	-88	92	45	-25	50	-11	0	-20	92	-66	31	18	-50	-39	94	-64	-68	54	81	67	10	-23	65	-55	64	-7	18	-6	-2	54	-26	73	34	-6	-56	75	31	-6	-25	-24	-64	32	39	16	24	-74	84	67	-95	-50	-41	78	-59	24	19	76	7
-51	-9	-56	30	-40	29	35	-26	-23	-78	-50	-89	-1	3	-63	64	72	-43	-65	-50	-66	73	6	-60	27	-65	30	-84	17	30	25	37	-98	-100	62	42	49	77	-27	-68	-20	79	91	-98	-80	50	-84	40	-48	-10	26	-53	-46	-76	30	-13	39	-68	-88	-15	10	43	36	-4	39	59	-61	-5	-72	31	-92	95	-76	-25	-76	25	-47	69	-2	-77	21	-33	-40	-43	38	78	-27	-18	64	99	34	-29	-21	63	14	-50	-30	-47	48	68
23	12	-61	41	81	65	80	30	16	87	-79	-33	-96	-9	20	2	64	-99	83	68	7	7	-49	-80	86	55	60	-21	-7	78	54	-57	-63	8	-42	20	-86	-52	-53	-79	-15	-28	51	-44	-6	-15	99	-25	-77	-90	-43	72	48	-63	78	55	-85	-1	-81	26	69	47	28	64	64	49	-33	3	66	81	-95	62	-53	-76	-51	54	-80	30	1	-56	-96	87	-17	-4	98	75	-72	56	46	-59	-27	-52	-26	-62	-9	56	-80	-90	-9	-84
28	-15	61	-50	9	-83	-21	-37	-97	84	-38	91	77	35	73	65	-64	14	57	-70	-11	-38	-98	74	14	-61	15	37	-28	-4	-15	-2	-42	57	51	-74	-1	-79	-23	76	86	-5	19	94	-56	90	91	66	45	83	-89	-70	80	-42	32	92	-20	29	32	58	98	3	13	-45	-11	84	95	-18	-36	7	-91	-70	17	8	100	50	-78	-24	3	-66	-14	52	-82	-90	21	-10	7	-81	-28	-86	-55	62	41	18	63	72	-86	-29	-66	-84
65	42	3	30	96	-55	-33	-17	-40	48	27	23	-10	99	46	55	50	6	-19	-50	3	70	-22	96	18	-52	68	-4	-14	1	75	-68	82	-72	-29	-14	-61	-29	-40	38	-56	-34	94	87	90	-12	-34	8	-6	86	58	58	-32	77	-92	100	81	38	-11	85	80	86	66	32	79	44	72	86	-96	86	-40	-67	-44	8	80	-74	-9	58	-73	-15	57	-40	51	-74	100	-36	-98	-100	67	56	-45	-66	67	-90	-94	98	-94	26	-62	47
-27	-7	42	-28	-76	-36	-2	-7	-12	-100	98	32	-83	56	-3	-39	-5	-73	10	49	53	-70	-27	84	2	-54	70	73	5	-12	-70	-57	-26	27	-10	21	72	-36	-14	-70	15	68	-53	87	-92	6	80	-90	-6	-53	59	-56	44	-15	-81	93	-28	57	8	45	47	19	79	41	-79	92	1	43	44	-99	-54	87	80	-49	2	91	-16	-85	35	-5	-23	-38	28	3	61	-24	37	-85	80	58	7	26	-38	-25	64	26	-24	-35	-61	-73
75	82	-47	86	-43	32	-87	77	-41	87	-61	29	89	-21	-14	97	27	5	12	15	91	46	92	-83	56	-21	94	22	-36	81	73	-79	66	-8	3	-45	64	-20	-9	-15	2	2	-6	19	-54	33	-70	-93	-88	55	-87	-58	27	-73	-61	41	51	78	-86	57	17	75	-35	-96	-30	-66	-99	-15	-82	-82	88	-14	-85	-39	-39	39	24	-21	21	-56	-10	15	97	-77	-38	-48	-17	99	61	-70	-11	-11	-85	53	-69	-74	47	34	100	37
-3	-62	-85	-43	-99	33	-61	-58	80	-35	89	16	93	-47	-74	62	-68	-65	-69	37	-7	7	84	78	71	-78	39	-5	-86	10	-58	-21	91	80	-59	-82	-72	74	21	-36	-11	11	-47	-40	-9	74	-77	-7	-21	-76	-47	73	46	84	-79	77	99	48	44	-98	16	-52	33	33	46	68	-1	-91	96	5	-9	-45	52	59	66	64	-70	75	15	-52	-20	-23	-66	-52	-23	67	85	72	62	-31	-64	-5	-57	52	78	31	-39	2	-69	46
28	-51	51	8	10	-41	60	-66	-61	-91	-39	-70	-30	69	49	-24	-89	-26	-15	57	-49	-76	-56	24	18	-10	12	45	-44	92	59	-5	46	-81	12	-16	48	-58	-56	-26	62	-34	30	-47	-6	-82	29	-95	19	-76	-47	-66	-48	76	94	-23	-64	-42	0	-34	-28	21	99	46	-56	43	52	-18	-92	12	-81	42	-22	66	-84	-83	93	31	0	-90	-60	-2	-67	-43	-57	19	72	96	81	86	-79	2	27	-59	35	-14	-72	-31	97	64
-7	-13	-86	49	60	-92	-84	98	-66	2	12	-29	-38	-99	-57	-63	-76	-92	-66	-60	65	3	-34	87	-84	-75	-73	-85	18	-43	3	-42	48	21	12	-19	-77	33	9	-22	-5	49	100	72	27	-62	4	97	56	-40	41	42	-31	-42	-80	-10	99	-28	11	23	4	-65	40	-43	-27	33	-52	-29	89	-92	72	10	-51	-26	-64	-56	-65	-44	74	41	96	35	34	92	-50	97	-5	-69	-71	28	82	35	34	-35	-77	16	7	-92	-25	-53
-84	-76	-98	-60	22	-42	5	10	31	35	-13	86	33	96	86	-15	-46	51	-55	23	-85	51	28	90	-90	-71	-33	-63	-44	64	-42	93	-94	22	-97	-24	61	100	-46	9	90	35	58	-15	-14	68	-76	-3	-39	-79	-62	96	35	40	12	61	59	68	27	70	-32	48	-82	-53	48	-92	-61	36	-56	-73	-35	-49	98	-99	57	-76	39	98	26	-23	-82	-16	-18	69	-48	-27	-80	12	61	-95	9	-91	100	-98	-62	-72	6	3	92	68
100	-55	37	-82	-92	45	-1	-35	-54	-45	27	-19	16	53	-19	76	24	73	62	-12	25	94	63	52	-70	34	-85	-90	0	-94	-97	-81	23	10	95	96	60	7	-56	39	-73	-96	-8	83	75	36	-23	-33	-92	99	47	-8	6	19	34	48	8	-60	-25	-84	18	-18	54	15	40	74	-59	-94	-96	67	100	-17	-60	32	86	20	81	-46	99	39	-95	-34	74	61	63	23	-62	24	-73	-16	87	-2	87	32	33	37	3	8	-88	-94
37	-95	37	-17	31	-65	-50	64	34	-81	56	-37	-88	-95	-98	-20	-23	-93	97	81	13	96	-54	-41	-49	-22	-5	-33	-79	96	61	-56	-58	82	65	17	64	-80	-53	-37	-38	33	-38	98	63	76	35	-18	-99	-26	-11	38	14	-32	-52	86	94	-20	-67	44	-15	63	60	-37	9	84	-94	37	-36	5	-81	-47	92	-37	-48	-14	-25	-94	75	65	30	62	47	82	84	24	-15	-78	2	-33	-13	95	27	81	-93	65	63	90	-55	-79
-97	-6	-73	58	-74	3	-61	45	87	100	-78	-33	97	18	-57	25	90	-18	72	25	-53	-16	-89	-76	68	5	55	-73	42	72	-65	48	-8	25	-95	42	98	-82	-85	-72	-86	-5	3	-90	57	29	17	49	38	18	54	-94	-8	-25	-67	91	-64	99	-84	60	-80	-52	-12	-53	29	87	-52	-18	75	4	-85	-83	32	-87	-52	-81	-78	95	-93	-56	-24	-20	-64	98	-22	-40	7	52	-28	-3	51	12	-74	-44	-44	-86	-84	97	-55	46
26	-46	-19	45	2	57	-8	-18	-20	-39	4	98	-33	100	44	58	92	57	3	86	-57	79	98	33	-25	97	76	-64	-36	39	80	-96	17	-53	21	60	79	36	-86	45	58	1	-89	69	-92	58	90	-16	64	72	15	58	-91	-8	79	4	-60	32	98	-45	-77	-99	66	14	13	-58	52	78	-95	-14	-92	-22	69	-57	72	-19	-76	92	-61	16	-92	-46	60	100	60	-84	93	15	-36	-53	45	5	56	-95	13	-21	23	-17	78	-93
-89	96	-3	76	-93	80	26	84	33	15	25	-96	97	0	-81	65	-61	78	-97	-99	54	85	73	54	-78	39	-44	-76	-49	-69	34	-33	64	71	-93	50	-6	-92	35	34	-55	27	69	-60	41	57	49	54	-88	-83	-21	5	38	20	-23	38	-98	39	-84	71	76	68	41	-89	5	-13	35	-42	7	55	-29	-62	30	-86	13	-80	-20	-34	8	38	78	-21	-81	80	-13	71	-47	52	40	7	-89	10	8	-17	1	19	-27	45	-95	12
25	-14	-61	-6	-17	-3	-37	-62	-19	95	76	75	-88	47	-44	26	0	100	7	-17	-60	98	-18	5	-63	-100	-21	-84	33	-95	93	83	-5	27	30	-38	-56	8	-65	-7	-66	33	87	86	-9	-31	-10	33	54	50	62	8	68	-16	96	95	51	-83	40	-63	-63	72	-88	98	-90	-53	87	-9	-93	-51	-92	26	40	-60	30	-75	76	4	0	-60	-90	20	-31	98	-85	-44	-52	-16	-14	20	29	9	100	85	-39	37	91	-59	-27	-26
64	92	-19	24	88	8	5	-33	75	-68	91	1	-15	-61	-47	-15	72	-100	71	-31	52	-44	65	-35	92	-6	-100	-62	17	-41	-20	25	-53	-77	89	75	23	-65	18	-83	-79	-3	78	-98	-9	29	-1	-73	-8	1	50	23	-82	-56	-77	-18	8	-26	-61	-52	73	89	-96	44	9	-52	-77	-4	91	52	-55	-75	-18	23	69	89	-6	10	18	-79	27	-71	55	69	71	-95	65	50	79	-32	-63	-43	48	31	-67	-50	-51	-29	6	77
-97	18	-15	-17	-70	47	18	94	71	-38	88	1	3	79	26	-9	-96	-58	-54	6	-66	-77	33	-14	76	-19	97	-6	5	99	88	-38	-95	65	-17	31	56	-18	-3	35	-54	59	52	28	52	19	-77	-68	-62	-59	92	95	93	68	43	12	-15	92	-24	32	-12	9	-71	77	-96	54	-64	49	-70	60	88	-32	48	71	96	-70	-79	-72	99	44	-94	-40	78	79	7	-82	47	71	-6	38	-15	37	-76	-2	98	14	27	-31	-7	-28
89	-34	14	-38	62	-89	51	-32	78	-76	34	0	-26	75	2	99	50	-40	26	-20	79	-28	49	55	-81	-13	77	-37	18	-8	56	16	-73	24	-85	60	10	51	83	-49	-55	-26	-46	-48	-7	-79	-12	-36	-100	-68	12	26	45	-52	-96	-75	26	21	5	-53	-89	-30	67	74	45	86	7	-91	4	61	78	16	68	0	42	91	69	17	-41	13	18	-40	-53	79	-29	85	-88	-11	-72	28	11	63	-51	51	44	69	28	89	-48	90
-45	71	-99	-45	7	-5	-18	82	-87	48	20	66	-75	77	71	-87	42	-62	76	-86	37	-60	-34	-3	69	96	-77	33	-5	52	78	31	-71	57	63	-91	5	13	27	95	74	64	41	36	-94	9	-58	38	-9	-77	56	80	-8	60	-9	100	-16	-26	0	-64	77	-61	-3	54	-21	12	-53	-44	-92	-90	-57	-7	-83	-20	22	21	-57	22	64	-64	78	68	98	41	59	-86	65	50	-10	92	-64	-81	-69	-18	27	42	29	64	-76	-67
-10	-63	-75	56	49	-43	10	-74	-31	-73	85	-86	21	69	95	0	-59	93	-78	-62	0	-46	78	55	52	43	-87	-52	-32	58	85	32	28	42	-39	-5	-15	-30	43	100	39	-60	1	-11	-24	-98	-94	35	-25	23	82	-83	31	-89	33	6	68	-28	16	-75	-7	78	91	-56	49	77	100	49	75	-61	7	8	-37	-36	-53	-53	55	47	-94	-12	-61	1	-59	38	-6	-19	-52	83	-35	-8	37	-66	-30	26	-4	-2	70	-4	-9	-28
-7	-17	-61	-48	-73	74	-39	95	93	2	-45	80	-12	-3	65	82	-69	-69	92	-80	-37	82	56	14	-30	-44	-60	-73	-39	48	-72	41	18	-49	-9	98	39	-63	32	-31	-31	-58	-79	-65	19	-24	26	99	-61	55	-9	-62	44	26	-68	56	48	82	61	81	-64	37	58	-52	-84	-86	-10	-34	94	-50	-97	15	-23	-9	60	52	-12	52	-49	-33	-46	-37	32	72	78	79	-92	51	-31	84	-6	62	-61	-32	12	-95	94	47	69	-46
56	-27	-76	-18	87	88	85	-47	-31	78	-41	-13	-13	88	-38	-10	75	64	88	85	-100	76	8	-17	-13	-50	84	-92	-37	50	-93	43	-16	90	44	82	26	38	61	-69	-95	44	-14	-3	68	86	45	82	-91	1	62	19	-85	13	-27	72	52	-62	90	-93	63	-57	-78	-87	69	-71	6	26	-59	-51	-99	-93	-52	7	15	-28	-6	36	6	43	74	-93	-91	-54	-69	-99	37	-44	-18	-5	53	-36	12	84	57	-22	9	-58	-78	-6
-55	37	-31	-12	29	22	39	-76	-15	-77	24	-39	41	71	-88	66	99	-45	-44	1	-93	-47	3	-55	-68	83	95	70	-42	25	-22	-70	-28	52	64	36	-48	-18	90	26	45	85	69	65	-39	-1	53	-6	15	-35	-38	-73	2	24	-66	17	-89	14	30	-98	99	87	-22	-77	-39	-24	-90	89	-77	86	-93	88	-40	71	93	95	-9	-25	72	-21	-58	-81	4	96	-33	21	65	-39	100	17	-6	46	-21	-9	-82	72	92	24	20	-76
47	-66	-16	-73	98	-5	-15	36	-67	-43	75	86	58	32	-45	-62	80	-95	18	-34	22	18	96	11	62	-64	57	69	-1	-93	-27	-48	-82	41	-6	23	25	61	-62	38	-39	42	-48	5	-45	-99	58	25	-15	-59	-60	-9	61	43	-77	-1	82	-29	-12	-44	-5	71	-55	24	-83	-100	-85	17	-38	-44	-85	-75	-94	-44	93	-70	-1	60	-16	50	-61	-83	72	74	-63	-97	88	-11	1	-6	69	-97	-22	94	-63	72	-93	-35	69	-2
-41	43	59	71	-22	36	18	3	90	86	74	34	-86	62	12	67	-25	-34	-62	-71	33	-20	15	77	-96	-81	92	68	-92	-59	-53	-100	5	55	-43	-57	21	31	78	-3	-72	-72	5	-41	-9	95	-58	-34	-78	-80	5	-28	87	-49	-74	-37	-83	58	-4	-89	-97	-97	-25	16	46	4	78	-83	99	77	82	-34	-98	61	13	100	-91	32	27	-12	-72	-52	-50	-55	-25	-65	-47	33	-59	-70	77	96	39	-43	26	15	28	33	-2	-54
-47	-75	72	93	66	5	76	80	-97	-17	-56	-7	84	-84	-6	40	10	58	-34	23	-77	-61	34	-45	-62	22	-58	-35	84	10	26	57	26	-3	-44	-76	40	82	-37	-83	-93	64	-36	8	43	-63	58	22	-53	-61	88	-48	-7	-34	38	52	-75	-36	-67	-57	-26	30	-22	57	73	-75	-54	63	-88	-11	67	-67	-92	-48	67	-11	-92	8	6	83	13	33	82	-13	-14	60	53	50	-59	78	-92	-58	-71	-30	-88	7	-77	21	11	-40
73	-64	-21	25	-51	7	-53	3	-54	28	41	34	8	80	-58	57	29	-85	-23	19	6	-52	-30	-72	-58	18	81	89	92	-22	-34	26	76	-63	32	56	83	-20	4	53	-99	-76	-19	-32	-25	27	10	-24	-12	-64	-53	45	85	2	-86	-23	73	-10	-52	67	96	-65	24	-33	-17	-53	-71	52	-58	94	57	70	-3	-25	11	37	17	83	46	-98	63	3	-38	-79	-62	-71	-37	17	0	-51	-51	34	52	22	91	35	19	-87	69	81
