-71	67	-75	21	-59	40	36	-20	26	-32	92	-92	-13	-66	7	-75	25	-42	48	73	-88	-50	-38	11	8	-34	-32	-13	-2	76	-16	28	85	44	69	88	-51	25	-40	5	-87	4	-48	80	-16	58	41	-15	-95	78	-40	-37	84	-87	34	21	57	15	29	18	-3	96	-28	-70	17	16	15	-6	97	36	-40	83	47	-27	56	32	99	-61	44	98	7	-78	-29	-85	-24	-72	-89	-70	51	70	20	-41	-40	-9	-86	-6	55	-76	22	-89
23	-50	-91	-64	48	-76	47	-48	11	-9	86	51	-97	5	-28	84	97	-29	-19	-90	-95	-91	52	55	-33	-71	-19	8	-46	-25	-79	-3	-7	5	6	-38	82	-25	-99	-33	19	-51	-7	-24	33	-66	100	-74	-80	-78	71	-79	74	-51	-37	23	49	37	-44	32	52	11	-68	3	-88	-6	-10	63	-91	8	-66	40	-9	-35	89	-95	-39	54	97	-14	-12	-54	-1	56	-21	-5	17	97	-89	41	77	63	-14	-44	4	27	48	-29	-89	-93
37	-73	37	-3	39	25	22	-7	23	53	-72	-46	92	89	-51	-44	-57	-50	-89	10	-5	-79	-34	-77	96	-22	-50	-55	25	-48	53	-46	-63	-88	15	-41	73	-87	-8	4	-43	32	87	-84	67	9	29	-58	96	81	-69	51	-53	96	28	64	68	54	20	-76	-10	53	13	-75	-58	27	73	18	-2	51	-84	50	69	-20	-94	76	-29	-5	-13	-19	-63	-89	52	80	-3	-98	-90	-50	25	-81	-23	15	-63	-24	-71	14	7	-56	0	53
-3	45	-70	3	-7	61	45	45	-29	27	-4	-47	15	-47	69	7	-15	-81	-48	-94	15	-77	-75	-74	-39	46	84	-14	24	-86	34	-7	-76	80	-89	-85	-49	-39	69	20	83	-63	-73	60	97	39	-28	30	-32	-19	-98	-76	-57	-16	-31	-41	51	-91	-96	72	4	-54	96	-46	-45	82	6	-50	-31	6	37	97	-70	-82	22	37	11	73	-42	8	-4	22	76	-3	18	-83	-98	26	96	-37	-51	38	-4	-55	-75	-44	-49	-3	48	-80
24	23	-34	-75	20	-83	77	-55	92	69	-34	81	-21	-16	-63	5	91	-27	9	-27	84	-58	31	-98	16	23	-39	-47	46	-47	-25	55	56	73	-18	-10	1	61	59	70	65	-87	-55	-68	65	-91	-39	-89	-100	-60	91	0	-46	-23	-39	-69	-85	-100	-54	96	57	100	-76	16	9	37	93	-96	56	-21	-13	-62	-75	-71	19	42	-72	-62	62	36	-59	-50	69	1	-43	-2	78	41	-57	-19	-66	95	78	-98	61	-30	-52	21	59	-72
66	-78	10	-57	-72	-78	37	-12	-19	10	27	27	59	33	-65	-55	81	97	25	-38	-91	1	90	67	-11	39	20	-95	36	-61	57	-1	5	-73	73	-77	50	47	-63	-69	-7	43	-42	18	-43	-90	34	-52	30	-43	-93	-18	33	-97	27	-9	92	-7	36	-93	55	-48	-39	-99	-64	-67	-64	88	80	-24	0	59	31	90	-24	88	-68	-67	-50	-100	40	54	-71	80	-78	12	87	100	30	81	34	-29	-18	-71	67	-20	38	-84	-97	0
-6	33	11	15	82	-29	-21	-54	-39	61	33	-81	-5	-47	31	-28	95	-3	79	-23	40	-67	-68	-89	46	85	-93	80	35	-8	-80	16	41	23	-59	-16	-57	-70	-85	-67	64	-77	-84	43	-81	-53	21	41	2	-68	-81	-93	-2	-4	44	35	-58	21	-45	-34	2	-54	77	-9	38	35	2	-46	-8	41	2	74	-68	-65	-24	88	78	-73	5	45	4	-93	-48	-86	-95	-7	47	3	2	62	-85	67	48	-37	50	2	-61	9	-78	-66
62	41	31	48	-75	-17	-50	-80	20	-28	78	74	-86	99	-1	80	-99	-70	-39	3	-62	-37	-64	54	-40	-23	48	-91	-42	53	-99	-95	-26	76	92	-19	98	-29	-100	50	9	-77	59	-60	27	-45	5	68	23	68	41	100	66	65	-88	-52	-46	53	-1	-31	29	18	98	-76	72	-38	18	81	-29	38	-37	75	23	79	-43	-95	76	15	82	83	44	94	-71	-35	-79	-64	82	61	-51	30	-54	-77	91	78	-24	9	-30	-43	-6	-90
35	-10	-2	93	-59	53	81	-64	-57	5	-74	-99	93	-6	-27	52	-80	-41	-26	1	-69	14	-39	-96	-42	-64	-36	-58	81	-98	79	41	35	26	59	-73	43	93	7	85	4	79	27	-18	64	18	2	15	89	-15	6	12	-67	49	-9	-2	-31	-30	95	57	85	-51	-16	7	98	-77	-13	82	-79	-1	6	43	-1	23	-70	19	-12	-43	-24	-71	99	-4	9	38	-1	-90	94	37	-79	91	-63	98	-12	-63	98	-42	70	-93	63	83
-11	-25	-92	72	-11	42	42	-99	1	-72	-50	39	-44	-89	-48	27	-89	87	23	81	46	-90	-96	-87	77	74	-51	-88	-51	-77	89	89	-38	51	-27	-92	-51	-3	-30	40	-52	-10	-77	-73	-40	-87	-49	-62	-65	-85	6	49	-69	63	-33	16	87	30	-67	3	-8	-12	19	-71	18	28	-3	-5	-57	-34	57	39	87	-71	50	32	58	83	-45	24	-76	73	20	11	66	5	26	-92	49	99	-87	-35	28	85	14	-46	21	18	77	53
-51	-21	40	74	1	94	64	-56	92	-11	53	77	13	-78	10	-97	-75	54	-42	6	84	-23	-16	-28	30	-96	-49	25	8	-42	82	29	-39	-16	64	-81	2	-69	70	-41	95	68	0	-84	90	-15	18	-72	-69	31	-45	-17	-61	-55	-91	93	-46	-20	41	-31	-26	-38	100	19	-6	-43	-55	-72	-9	45	87	-84	-12	16	-92	-49	96	57	45	-94	52	-9	46	-52	65	-55	30	-15	-7	64	-67	-61	70	-87	80	-10	-82	48	-80	-98
-43	14	0	48	-48	85	-71	-54	-31	-31	3	28	51	-39	59	-42	-80	5	99	-99	49	-93	19	84	77	20	-9	-83	88	-67	-21	0	-41	34	59	-48	-35	62	-1	-52	-12	-12	73	-77	57	-69	-97	-60	-70	86	-89	-71	-98	55	44	99	-56	55	-42	-90	-38	43	9	12	68	-41	-60	-79	-17	29	92	2	-30	21	79	-5	36	-63	98	-34	36	83	-37	-45	97	58	-17	15	-52	-38	88	-12	8	-46	90	-41	-94	62	51	-100
70	-2	74	-11	-26	-73	-72	14	52	-68	29	-86	38	11	-10	25	18	-12	-8	0	31	17	-39	-11	96	-31	74	35	40	-48	32	55	-27	-87	24	-75	78	-1	22	-89	-60	-82	-19	66	63	-76	18	-61	81	85	-76	-92	-62	61	-14	-16	-17	-29	55	0	-85	16	-85	99	-29	-94	50	15	-56	-30	74	13	38	44	-59	-59	-20	-61	92	44	73	17	36	98	-44	16	-27	29	-52	-24	9	-6	-77	51	-20	-71	18	-5	20	-76
79	1	18	66	-72	-89	86	-18	-99	83	85	-81	-40	-87	28	97	95	-78	-27	-59	32	-76	-28	-84	94	96	-45	42	75	22	84	49	-17	-58	7	69	58	-61	79	-49	86	-63	15	68	41	-51	-93	-5	62	-1	-7	9	97	75	-62	-51	1	-87	-58	76	60	57	45	-93	-89	70	-91	92	29	51	74	-82	-32	66	-19	-4	37	-24	74	-73	61	-58	77	-78	85	29	64	27	-35	50	85	5	31	-11	20	-70	38	30	52	-69
76	93	-83	82	-52	-87	0	43	-34	-63	-58	-55	-62	-85	82	43	37	48	-58	65	-7	-37	-23	-52	78	51	42	94	-76	-22	-79	-33	85	47	13	14	89	67	13	1	-34	87	-81	-74	-9	-50	53	74	-42	-20	77	-48	0	-93	35	-63	9	94	91	-41	-8	68	92	-10	96	-70	-15	-23	-69	-81	-52	-43	90	0	-67	-17	-74	61	81	85	58	-51	20	13	48	5	-10	43	28	-96	90	-56	-84	-65	99	-12	74	73	-25	8
29	94	58	2	-6	31	-18	10	-64	25	-40	70	87	90	-44	88	-45	37	-94	-47	-30	2	35	18	-51	93	-50	51	-6	-95	68	-13	16	69	41	19	-20	75	65	97	-10	-43	-88	-89	-53	-29	37	-14	-52	11	86	52	16	-66	-5	-17	-14	0	94	67	48	44	94	-84	69	-93	-89	-74	54	86	68	58	72	14	-89	-1	-22	67	-57	42	-29	-7	17	34	82	-67	-73	71	-76	-72	-38	-24	0	75	97	52	65	-71	-9	82
-40	45	30	63	76	-57	-25	-7	21	94	-77	-89	-16	72	-32	-19	-47	-73	2	-44	70	-32	-59	84	-74	-55	-98	14	80	78	38	5	-92	50	-83	-75	-45	-43	-16	-14	-74	17	34	8	67	53	86	-31	-16	75	-84	96	20	-7	-83	18	51	63	14	-83	17	92	-58	-25	52	-37	9	47	-65	-11	39	99	-12	28	-60	18	-38	-16	12	22	-15	58	-92	-27	-26	-17	17	-80	21	67	30	61	-59	44	-38	-92	55	62	-75	14
-93	16	-91	82	32	-53	-50	32	16	-66	17	97	-71	40	50	9	56	79	8	22	7	82	12	-11	-90	25	26	-3	79	62	-26	-25	57	-52	18	-47	-38	85	-80	1	87	-99	82	76	0	37	-33	25	-16	-96	21	23	91	84	-85	32	3	46	-60	58	-5	-24	-27	48	-67	9	-100	77	53	-65	-43	-9	86	-48	-88	43	94	-4	1	17	46	62	91	32	-61	83	63	-46	57	42	89	-45	83	-98	-5	79	-91	28	19	41
88	51	-82	-88	73	91	29	-6	-4	-17	-58	91	21	2	-34	-47	-96	-93	35	-56	1	66	93	-20	-3	42	36	-63	44	-9	22	56	26	-86	56	-77	-93	55	-59	93	-29	-98	21	-14	9	-96	85	-16	70	-41	-87	-35	-21	62	-77	-57	-29	-73	-71	19	-78	-11	60	82	-93	62	-56	-35	31	42	-38	-56	30	-55	63	44	-46	4	96	92	51	-93	38	64	-69	-92	-57	-91	39	32	-97	-81	-11	19	41	-4	-1	-78	-71	31
44	-78	-4	67	77	33	58	61	-39	37	-18	-52	-40	54	-18	-56	-41	72	-24	-67	-30	75	3	-55	37	-16	-56	97	92	99	-14	-26	-33	56	28	-36	-21	21	47	43	47	14	86	61	-29	8	-48	32	73	46	-53	-7	48	61	25	-2	0	47	-90	24	-25	99	-80	-96	35	-31	79	86	50	46	-45	-95	62	51	94	-67	-88	-41	-27	30	-64	96	77	13	-30	95	59	-35	-16	-58	-24	-60	21	-25	41	-29	83	100	-54	-36
38	-94	19	-99	66	-37	-71	2	56	38	79	-89	-20	41	35	-78	95	55	39	0	82	-1	76	-22	49	-38	-73	-64	-57	41	35	-65	8	46	63	99	71	-77	11	-34	-29	47	100	-92	-18	31	-46	29	62	37	-43	99	-18	-14	-44	-31	39	-81	-64	28	70	-64	-49	-5	35	30	-41	44	-23	-33	-61	-81	0	98	92	-66	-93	-96	-66	-15	48	93	-39	-74	-84	-66	90	85	79	-94	-73	-4	60	20	-5	-28	-47	79	-28	43
15	51	-40	66	32	72	21	-2	63	91	-15	-66	91	8	14	-59	-84	-11	71	0	-55	91	-97	13	21	-7	78	33	51	6	-87	96	53	-26	-50	100	10	-59	55	39	-51	-25	-17	59	-92	19	-91	-39	-23	67	5	86	-41	41	-65	43	72	-62	25	63	59	-31	-4	-25	64	-78	31	-90	83	-48	-76	-75	57	20	57	82	-97	-51	-35	72	92	9	0	-49	67	20	98	-15	26	-92	-66	27	-13	14	76	-89	-10	39	-89	74
-41	-59	54	-19	29	88	-57	72	91	-50	96	-100	-2	-76	58	42	-13	58	-79	-10	-65	76	-83	30	13	89	69	19	1	-94	4	94	-68	27	-26	6	-39	-19	-59	36	8	-56	34	-60	81	-22	95	59	80	41	60	-10	60	19	-21	-42	87	-58	-46	-67	-17	82	23	8	52	-14	26	-7	32	-81	-25	-31	-50	51	41	-64	4	-62	96	-29	29	49	73	54	48	-73	18	93	-98	-26	6	-39	65	70	-96	-21	-77	75	-25	59
-39	33	54	42	-33	84	-68	8	-42	-98	45	-58	83	-34	31	63	79	-82	0	-6	70	82	-31	28	9	-66	-10	-49	-9	26	-93	-80	11	3	-23	70	-85	36	-98	90	55	-32	93	91	-14	-92	54	-54	-83	-53	-31	-94	75	85	-88	-82	-99	-23	51	-82	8	70	-43	-26	82	-22	-31	-99	84	5	-20	9	-81	15	-12	36	-82	42	-59	-87	26	-96	24	31	89	42	-50	-91	-71	-66	78	-8	70	75	-26	60	-26	-100	-31	-32
46	24	11	0	96	-57	66	-80	67	26	-84	4	-95	-53	-78	89	-63	-66	-45	73	34	-100	-31	93	36	-25	-42	-54	19	-38	67	-91	-23	-8	-96	23	-61	-58	88	87	-93	80	12	-82	57	-50	-80	-64	-75	3	11	-84	97	71	41	-18	48	10	89	35	36	8	-69	11	35	-45	91	-88	18	-58	-59	28	85	65	-59	17	-41	40	86	88	-85	31	19	-70	-1	-31	-42	99	-72	67	-70	-36	-12	-81	90	60	68	-41	91	-57
-36	-22	-68	-65	-56	82	-55	-88	-6	-82	-82	59	-53	67	-9	49	-83	86	8	-12	-17	-82	-71	30	-65	43	49	-47	43	-97	33	-42	-50	-19	-100	-35	91	-14	47	100	29	-35	-27	-29	-31	-100	7	84	100	3	-28	26	0	72	52	-18	92	51	69	-29	-13	79	85	-7	67	-93	84	-14	73	53	-95	57	-8	84	-10	-64	-47	35	19	22	63	82	-23	-60	8	-34	61	61	-50	85	47	11	-6	-27	-79	64	22	-85	-58	-42
-78	32	-78	37	9	79	79	37	-12	90	-14	-75	75	100	25	-98	-16	33	-64	-82	-75	42	5	87	29	-73	12	83	-53	-78	-32	66	-96	-79	-61	24	-53	93	-71	-6	21	6	-28	-48	97	76	-38	100	20	-87	-13	9	74	19	-57	-65	-67	72	6	85	-59	29	-92	49	98	-19	29	-18	12	9	-95	62	31	1	-8	90	27	38	23	52	-21	-17	-2	50	71	-65	80	-100	25	100	7	12	-30	57	93	-27	-15	47	8	-36
-36	-38	56	-66	79	-59	-67	-7	46	-6	-85	16	-12	8	53	17	-50	-56	96	-84	97	-24	-51	-100	22	62	32	-40	10	76	48	-68	81	-67	-82	-66	66	61	-7	-37	-29	-78	73	53	-55	53	31	49	98	-52	50	78	-37	-29	66	-76	65	-22	-13	100	-2	48	-53	49	90	-27	-56	-95	12	-18	-47	-19	-92	-78	77	-1	37	-12	44	64	-28	-79	-93	79	59	81	-40	35	97	1	13	-63	-22	73	-18	-80	-5	64	24	77
27	30	-69	-49	23	-89	-93	-41	-91	32	74	-80	-91	-82	-66	72	-31	52	22	-29	28	24	86	-26	-43	-4	-19	-77	-7	2	83	77	-21	69	77	-94	99	-26	-81	-24	24	24	61	27	-56	-53	-78	66	6	52	-45	-92	-86	69	-43	8	17	85	60	35	94	96	-59	14	-64	30	-92	94	-47	49	-90	-46	27	-74	90	97	-98	-76	0	-13	56	2	-35	72	-24	70	68	6	47	-57	39	21	62	47	-45	22	-27	-19	4	98
-59	-67	-67	30	-7	-13	53	-14	49	-43	91	-6	-4	-84	79	50	40	98	11	-88	83	-63	63	-41	-24	-79	37	36	47	9	-44	-65	-38	73	-41	72	-34	100	45	-29	-81	19	-54	-18	29	-86	-62	-15	69	-67	-51	-14	91	71	55	13	18	56	68	-46	17	46	-21	-58	57	38	85	-14	-5	12	20	56	-11	38	51	2	-72	30	39	-20	33	-94	-2	-51	-89	-33	-73	50	-35	66	69	21	-80	-57	13	1	-48	5	77	-8
72	75	-37	63	-80	95	-5	-60	-40	-84	34	-61	71	-7	71	-8	97	-77	31	57	24	71	-43	-34	-5	64	94	14	-87	37	-13	-25	38	66	37	44	-50	32	-85	21	34	78	-12	88	-17	-80	28	-10	-47	23	-68	-46	61	-13	90	-2	-73	95	98	-15	-72	-9	-96	16	78	-99	68	27	-77	-4	-39	21	98	98	83	56	67	-38	-13	11	36	-72	89	86	50	-9	-58	-90	25	50	-25	34	62	-19	-19	-95	-42	92	55	37
75	72	-26	-98	3	-95	76	71	-25	54	14	-93	-92	-70	-95	40	-67	-68	43	18	87	-55	-96	-55	1	-9	94	3	25	12	27	90	-84	5	34	24	24	-27	-65	91	38	-25	90	-10	6	-36	93	81	-96	-54	-70	-51	-7	-37	18	-96	4	-24	-88	-29	17	17	49	94	69	18	-49	32	-10	75	-55	-69	-44	-79	-22	-42	-79	0	-2	-59	-73	27	80	-91	-90	-62	71	31	94	45	-95	-37	-84	-91	-88	-3	-13	42	-80	39
-45	-32	-92	-33	-52	97	-22	-76	-54	93	-22	-30	-32	-42	61	82	2	-82	-59	53	96	-90	58	-50	53	-12	-8	29	8	-65	73	-29	12	-97	19	17	-22	42	-59	-94	11	-38	19	-17	26	50	-10	35	-21	67	73	-7	65	20	23	-1	-19	-9	29	-83	-23	6	52	-64	18	62	-54	51	-86	-95	-40	32	15	-50	-89	-23	71	67	84	17	-71	74	-10	29	78	-79	-11	-10	58	-62	80	-79	3	-4	-88	-1	-9	-16	58	-86
-100	-88	71	69	7	43	51	26	-76	97	-74	-12	90	-61	-20	-64	-3	27	-38	-52	-99	-36	44	52	-6	92	-92	-98	-12	-32	46	-47	6	-79	-77	37	45	34	-86	-41	22	73	-77	81	19	97	-42	-6	96	-80	-63	-25	39	-46	67	-41	25	-76	-44	-71	96	10	39	-5	92	46	-87	-90	-64	-63	-93	68	-33	-97	12	-22	4	29	98	11	59	59	53	-35	86	-98	61	69	-87	-65	-11	-41	26	-84	-93	65	-39	-65	-55	98
68	23	11	-5	-97	-47	41	-1	-97	15	-44	96	-47	98	50	-48	-12	6	2	-43	-19	76	-45	2	48	-96	87	30	-39	80	-76	63	6	-19	46	-65	-67	-49	-23	-2	-89	-100	25	19	-39	73	-5	-8	-18	54	-83	83	56	-6	32	37	14	-22	-57	33	-85	-7	32	-85	34	-44	51	15	-5	-54	45	-35	-68	-14	43	-82	-93	-45	-53	74	-100	51	-74	-30	48	65	84	93	44	92	-26	36	-81	-3	10	-85	-75	-67	-54	-88
7	23	84	-85	23	-80	33	46	26	17	-53	-95	-65	81	77	-19	-43	-74	44	-41	24	-72	-87	-57	12	56	36	-58	76	43	84	7	63	41	-20	-6	-8	71	-48	-65	73	47	46	-83	8	-50	22	92	-65	-39	-11	90	-1	-69	46	35	32	-38	-24	-89	-26	59	-37	43	-99	-61	85	-8	-59	-42	-50	-8	43	30	87	-15	55	-58	36	29	77	20	-32	10	27	40	51	26	17	85	63	78	-2	10	-65	-8	-22	62	83	-85
-90	-78	-3	-4	4	91	100	23	89	-99	-96	12	5	-50	-21	-54	14	-50	-17	98	-30	-9	84	63	64	-7	-89	-97	-71	-82	-49	60	86	19	56	-96	36	41	-90	85	-20	-66	-71	-38	-15	-95	61	64	46	-84	-69	88	-97	-63	-43	-29	-43	95	60	18	99	-70	44	52	76	-30	-9	96	-53	-7	-82	70	43	-71	-67	89	-44	82	92	-37	-99	-80	80	-37	-60	56	-56	84	65	-54	37	-39	-33	3	-15	-21	-52	44	53	92
8	81	3	-91	-57	32	-39	-51	18	12	57	-26	-52	-22	67	46	-5	-57	16	26	1	-66	54	-52	-25	-25	1	88	85	-96	-13	72	-96	74	81	22	67	-83	-54	77	-14	-88	-26	67	-63	-42	-77	70	-55	-32	45	22	-67	100	17	81	-68	88	77	-15	40	33	13	-75	-56	-7	-99	-40	-50	-78	85	100	73	77	-18	31	-24	-71	-60	-3	52	79	31	24	-60	30	30	-4	-65	92	82	-34	-32	64	1	-11	-85	-60	55	-61
58	75	-47	81	-45	-52	32	-58	70	-31	-56	-8	52	-22	-22	-37	-45	-11	41	44	20	-79	-34	-21	-26	-80	51	4	67	-89	51	-29	-57	62	29	-99	-84	-50	-31	-19	-98	-33	-91	-89	3	48	-37	-76	15	78	-88	-82	31	-92	94	93	23	-3	84	-67	64	-48	6	-71	49	81	64	3	14	-67	-82	25	56	1	4	-56	-33	54	-23	-58	-34	14	-22	-89	50	-87	11	64	15	29	-65	-32	-63	-79	-20	58	91	-94	86	75
31	83	65	-38	93	-2	-32	88	-68	44	-71	39	-96	-61	26	-71	37	-22	-21	-23	51	52	0	-40	-19	-44	-41	-93	11	22	-94	49	-43	56	-52	85	-98	-19	40	-84	-22	35	-30	-88	64	52	-74	48	-10	-31	76	83	-88	-74	74	-50	-86	46	-36	-59	67	81	-76	-39	-79	73	-4	11	47	18	-10	-65	51	-23	-3	-12	44	-86	-20	-64	74	-20	11	-20	-90	-55	21	-91	70	48	99	-64	-43	-19	-6	99	-27	49	-86	-22
-56	-46	75	-47	-24	-59	-88	-46	-16	-38	-7	-93	71	39	57	29	34	-25	-9	-46	-99	72	-27	-62	57	14	71	-33	-78	78	-27	97	-50	49	90	36	41	61	38	-33	-54	35	-66	-4	-24	-94	-71	56	-95	-18	42	-75	0	41	13	89	-96	41	-11	-57	69	18	-42	1	-42	-11	-73	-99	21	43	-70	-92	-80	5	-14	-8	-20	62	51	4	33	-85	-81	32	94	79	-68	-16	-77	-91	45	16	-59	79	-12	-81	6	-80	-95	6
-77	-53	-6	58	73	-94	-27	-8	-3	-94	-30	-100	54	-6	67	-50	64	-29	24	-91	-15	-70	49	95	-14	61	-85	-54	-93	40	-92	76	35	-56	37	23	92	31	44	-86	17	-23	-16	40	84	-31	49	-6	31	-20	88	-8	-29	65	80	69	-31	-27	87	38	-3	-65	-9	43	-35	95	-29	80	-84	-23	64	-86	-91	-74	-7	-85	15	74	50	44	96	-13	21	-40	0	-15	-28	35	36	-7	67	52	-83	-60	-61	1	-32	21	-68	52
-18	40	-73	-31	17	91	12	-86	-100	47	41	-82	54	68	-38	-52	-72	25	-28	-99	-26	-7	13	85	-18	2	-83	83	47	-70	85	-4	11	-20	-54	85	56	-17	28	-73	63	-16	76	74	40	-92	36	-56	-53	37	73	-59	30	-88	79	81	87	92	-4	68	19	36	-95	-3	-63	27	24	12	30	-57	28	-17	16	-50	78	26	43	-68	-53	70	-79	-5	86	34	-96	67	32	60	67	74	-57	-100	-42	35	11	-85	-38	-73	69	-92
-76	-68	-80	-64	-11	9	68	-44	99	-100	-52	-36	87	-66	28	-36	-46	51	-66	73	-92	-96	-6	-10	-21	70	-18	-30	5	-29	-33	11	41	27	96	-22	-32	63	-17	-9	-58	56	-58	92	25	-80	86	-35	43	-93	-44	-18	-60	98	-92	-75	-64	31	-95	-21	-86	-32	35	21	21	26	-27	-80	-34	-54	58	85	52	-89	69	22	-95	-15	-55	58	-54	-1	-17	63	-81	-4	-94	-22	2	-54	-42	-28	35	-5	32	69	-15	-84	75	-71
2	-17	91	90	-48	-83	25	-73	60	-24	34	-6	-17	-91	-17	36	-77	-27	58	79	-57	-20	-83	-43	6	32	-21	-57	-8	-49	41	-82	-37	-23	-16	78	0	97	6	-5	75	98	70	68	30	47	-27	-71	-96	25	-29	27	10	31	-9	27	-63	-34	-52	38	-60	13	-86	98	82	75	-96	77	24	-14	55	-57	56	48	71	5	-100	64	-85	38	-27	-99	-57	12	-71	-97	-3	-1	-91	-42	0	16	24	-76	-93	4	-29	63	-38	-27
-92	-36	-84	43	77	75	52	54	-65	73	-97	-68	-79	-64	-59	-2	95	-44	47	-60	72	-66	-65	40	80	17	-95	18	9	53	25	1	-15	-33	-53	-19	-86	38	-38	17	-52	-31	-51	28	-59	-58	30	20	88	-82	85	95	56	44	-40	-54	-19	-93	54	-71	79	100	-44	-91	82	-47	-27	-47	-28	-63	81	58	-11	69	-8	-67	-96	-42	-48	-13	16	6	33	-12	-16	89	-1	15	98	-60	4	-17	70	48	65	6	-93	41	-11	-3
50	63	12	-37	70	45	42	51	-2	-45	-32	-15	-66	-61	-15	66	-38	55	-47	90	47	-10	22	57	-27	-99	69	-40	70	66	34	-2	-69	-88	-89	-91	-50	-83	-65	-48	-30	53	2	-68	34	86	-77	12	46	-38	91	39	4	-57	47	47	-28	85	22	-27	79	32	-56	23	39	-80	-90	50	-34	59	60	-27	-51	98	-82	-86	73	53	42	60	-27	-52	-87	70	50	32	84	-29	66	9	-38	62	65	81	-11	-24	10	-93	34	-25
3	87	34	71	87	40	74	90	89	-96	32	21	94	59	47	-98	-3	73	-36	42	63	-42	-82	68	-88	-83	-79	-19	-100	-19	69	29	-84	-84	58	-86	60	5	65	26	-100	-8	-28	-22	-28	-36	-81	69	15	-2	-55	81	40	81	73	-15	35	96	-38	9	-20	13	45	-46	-69	-39	81	86	-28	99	62	-7	-27	14	-22	-98	-77	79	14	-53	87	-57	-45	34	76	68	13	-10	-72	1	17	78	92	5	30	81	-4	-76	-96	72
-97	-91	-99	-36	-33	59	-99	34	-52	61	2	-71	94	-23	44	-59	72	23	8	-70	46	36	-58	32	51	60	-12	-59	24	-88	25	76	-3	-6	-59	-39	2	-66	91	-26	58	64	35	-27	99	4	-5	52	-87	-68	0	58	-26	-62	10	44	64	-31	-15	67	-4	42	59	70	66	-58	62	12	-4	-77	44	83	-79	88	79	31	-88	-57	48	-13	-11	-16	-5	18	51	-98	-38	15	-83	58	-8	55	45	-64	-2	18	-70	78	17	19
31	59	2	65	-74	93	-58	-5	80	66	-16	0	36	92	32	-99	-16	52	64	76	13	-45	37	54	43	59	-74	-46	42	-55	-46	43	-12	3	-74	-20	70	-75	-60	-36	75	-57	-1	-57	-77	-37	35	15	-65	26	74	87	22	-64	-85	-47	44	20	-36	68	7	17	45	100	62	82	51	100	-20	-93	35	49	47	74	-79	-25	41	89	-9	-70	39	-71	85	-16	56	-55	-78	85	-27	80	69	-97	-44	-23	-41	-41	93	-57	-53	-38
82	7	6	80	73	22	-24	-74	-70	43	-88	-95	3	95	81	-61	-39	32	86	93	-61	-100	-53	-93	90	4	-2	-21	9	-79	65	13	49	-34	2	26	66	37	-78	-95	84	-60	-92	31	20	89	85	83	31	41	22	-12	-23	-61	-98	3	92	46	-49	41	9	-82	-81	-80	80	38	31	44	-71	52	78	-5	54	-68	-55	-78	4	98	-65	-45	-6	4	-71	22	-50	-65	38	19	-3	-94	-98	-77	6	-54	-27	40	-95	-48	-67	-77
-10	-8	69	-24	-37	-37	-10	-57	-6	65	74	76	38	-50	-60	84	71	6	30	-28	-73	-20	18	-44	95	-77	37	57	-29	-76	88	52	-9	-31	-28	-95	-43	72	62	-95	-35	97	65	-13	71	60	-42	-91	-97	38	-65	-57	26	14	-84	-49	35	27	67	-11	49	2	-52	3	-64	82	-28	38	44	76	44	52	45	73	-43	-81	84	-97	69	-49	20	-39	-99	-19	-28	29	14	81	-11	24	-91	68	-12	19	-69	-38	35	-82	80	-70
73	58	80	-94	9	-75	84	-15	-15	-21	41	-4	86	-4	2	53	39	-32	72	-6	-9	-90	15	95	-75	70	23	26	-23	-10	-25	46	43	68	-34	21	33	-14	7	-84	20	-35	-13	79	78	-33	-32	19	-57	-80	-53	-40	-67	100	-28	30	-12	64	-70	-32	47	-47	28	10	-80	90	32	-100	-96	-39	-16	68	-8	-43	-91	-65	-65	30	-87	-32	91	-85	82	-73	13	3	99	-20	-5	-47	29	9	-92	79	21	29	4	92	15	-67
1	89	-67	99	58	-5	-45	-6	-35	50	-15	63	75	4	-98	-20	88	-35	67	29	-12	-72	58	-88	-14	75	75	-14	6	-34	-2	-67	-96	-97	94	53	-59	-32	70	30	-14	67	-49	70	59	-8	-6	65	37	26	2	-18	60	88	-54	-89	28	46	63	88	-4	60	-13	73	-53	65	90	42	-32	-95	-91	60	46	94	60	-52	6	-17	-44	-64	30	-9	57	-54	-84	-99	65	-89	-65	74	69	96	13	39	90	2	-95	-81	66	53
-79	-9	-16	15	-44	48	94	3	-57	32	55	0	-71	39	-58	-95	-79	35	47	58	39	-19	-41	66	-65	69	-79	6	-73	56	5	25	-25	70	4	27	-2	-12	-54	-44	77	-21	33	-96	-25	-18	50	27	77	-64	-45	-11	-62	-29	53	12	-91	-68	42	-88	-81	39	98	13	-51	47	-20	-83	24	12	-31	9	77	79	-9	-8	55	79	51	20	-51	-33	47	94	28	-6	-20	-38	-100	47	-100	2	-96	44	-60	32	65	60	-1	70
67	-11	52	41	29	-91	33	-1	-58	-78	-56	51	35	-56	93	-84	93	-60	52	77	20	70	-16	5	2	-3	-69	59	-34	-81	-100	-11	67	35	-26	-65	69	2	65	95	7	29	-45	89	-21	5	60	85	51	81	-54	64	4	-43	-91	45	98	52	-24	-75	-3	-100	-68	94	46	16	36	-82	-16	90	96	94	-44	11	-46	20	-75	-84	61	-99	6	74	93	-73	48	-73	-47	-81	29	-3	-52	20	37	98	56	-91	52	63	-77	-44
100	-90	-41	-40	-51	-86	8	-80	84	30	-39	82	-14	13	-94	97	88	62	26	-39	86	-20	36	33	-85	51	2	-98	-78	-36	65	-89	-42	56	-84	-27	47	100	44	49	26	-31	-96	13	-67	90	62	68	64	80	-41	32	14	12	-91	57	-49	92	-99	-51	-92	-56	47	66	22	23	1	69	-98	-78	12	-83	33	-95	54	34	96	-93	85	93	93	-50	-69	-8	-61	-74	-13	-63	-67	-41	78	78	29	71	76	-25	-50	-60	1	60
-19	68	-73	29	-97	36	-85	4	-58	1	36	92	-11	-74	3	-14	-9	-54	-23	-5	68	45	-92	-54	79	40	7	22	-88	79	-98	-75	-53	-36	-5	-95	2	90	11	83	-42	31	-34	-14	36	20	-47	-6	63	88	70	-78	5	-72	-41	-45	59	49	-13	-69	78	-72	-45	37	91	-82	-41	-49	-45	-35	87	95	-68	-66	28	-83	8	-31	39	31	-82	-82	-42	5	-34	-89	-58	-27	-36	-33	39	18	-11	34	92	40	94	-71	-85	-5
35	-73	15	49	-18	44	87	-60	-52	28	-9	-83	-99	-88	34	-79	32	90	99	-98	-78	-22	62	38	20	-72	24	48	38	4	-63	72	35	-10	39	-76	-16	96	92	22	9	-89	-95	-35	-25	-34	68	68	-85	-17	-70	-84	-35	18	82	-89	-45	-58	53	-78	-99	94	29	-33	49	-7	-20	32	38	36	56	58	61	88	54	-68	92	49	-2	68	18	68	67	8	-92	92	54	1	-89	-15	15	11	-68	29	-9	50	35	-49	45	-63
-46	75	-54	37	78	90	34	-35	57	-62	30	-91	-100	-77	-5	-53	8	61	-56	-73	-80	-15	-6	37	-36	32	23	-94	50	13	10	-56	44	3	52	15	5	34	89	57	-28	72	-55	29	84	-20	86	48	45	-22	6	13	-94	23	-16	24	32	-24	49	67	42	-38	95	49	93	-61	50	-91	-69	13	75	53	41	68	-95	63	8	55	-65	-97	3	-33	-86	23	-14	-79	79	-39	32	-14	-1	55	-30	18	-96	74	-70	-51	-66	-45
-46	-5	-100	70	-48	79	41	19	28	-16	-86	9	-63	79	85	-31	-6	39	35	-91	90	72	12	-67	-88	-24	-27	-43	13	-65	94	-27	46	-10	86	34	100	9	100	-1	9	-10	53	-3	-18	73	-38	72	73	-87	24	-93	29	-12	64	77	-24	94	94	-93	-51	-76	89	91	26	2	-99	65	56	15	-80	94	88	91	85	17	-2	-26	-95	22	98	-87	-52	68	-74	-38	-30	54	17	47	-41	-55	92	-21	-99	10	2	-100	-73	35
27	57	39	-19	94	77	84	-86	49	-86	-75	50	-58	37	-53	-77	-29	62	64	23	6	-40	-7	63	61	-98	-61	-14	46	-95	-1	45	-74	34	-17	-68	-71	-63	62	-19	-11	19	-51	73	-16	-42	-96	-71	22	41	-22	76	19	-4	96	-37	-92	-82	19	42	-84	-76	-95	-15	-83	-16	82	-9	18	-99	-94	-52	-48	-27	-13	-62	3	-20	54	37	-85	-52	42	33	59	80	0	62	17	48	100	-78	-45	-7	73	-6	-91	-65	-98	32
60	73	-99	-52	-59	96	-95	-65	-69	80	-83	0	21	-38	-95	-57	-71	-83	20	-71	-17	-73	-60	-98	74	-53	-89	-33	32	44	-62	5	19	-1	94	-57	3	56	82	18	28	-100	-62	-89	58	52	0	25	60	34	31	-50	35	33	66	41	-55	-64	17	27	10	12	-10	86	-29	29	-44	-98	-78	-76	-90	21	-8	-8	-93	12	14	-60	-26	97	-5	-78	35	-26	81	17	78	24	44	83	-9	-12	-90	-10	-30	-53	50	32	87	70
-1	-45	6	22	-18	-36	73	46	66	92	-96	-47	-82	-57	62	65	-40	-56	39	3	61	-83	-1	74	95	-58	64	-22	-96	-77	-54	-13	69	53	-76	-36	-74	18	-75	-74	-43	73	33	-14	-2	-7	-3	0	-11	5	-20	-85	34	47	61	-48	-72	-27	28	-53	-90	35	1	52	-76	78	67	-66	-94	-65	-84	-51	-97	-67	36	-37	63	57	29	-78	18	97	-32	67	-50	52	-79	-29	89	85	-8	30	91	-96	6	-84	83	75	88	-98
-77	-99	59	-75	-16	-100	81	27	-94	53	-4	-78	-15	-58	-20	26	18	-100	-5	70	30	29	-82	-42	94	75	-44	17	39	-1	91	-57	-13	-22	-6	23	-76	9	12	-64	60	39	10	-58	-57	-17	59	46	-55	83	-23	-28	12	-22	88	70	-88	77	37	97	100	-74	-91	-43	-10	55	-66	10	-26	-19	28	-57	-81	-66	-96	34	-2	6	32	91	18	-21	22	-5	31	-43	42	-82	81	-73	-56	59	91	-56	9	-81	20	-99	-71	-2
42	5	-90	6	82	-31	-74	65	-21	85	25	-74	-59	65	69	26	-95	-83	-91	-13	-46	-45	-83	-79	-18	49	40	4	-42	69	-69	50	94	95	18	26	-81	71	26	-79	-22	-14	44	-51	-69	-61	79	-59	-89	79	37	-61	66	49	47	35	40	-39	70	-92	42	34	-71	69	13	-40	1	-11	-96	41	-1	51	-90	-32	-26	-34	-89	88	64	-21	-36	33	8	30	-31	34	33	4	70	-48	-73	-94	-50	-94	-56	-2	-33	-76	-18	-78
-48	-58	26	-1	-90	90	75	-91	69	55	50	-63	23	59	-96	60	-18	-51	86	53	-74	-22	70	-42	-73	57	-76	60	19	32	14	-95	62	-34	-77	-6	71	-39	45	38	19	79	-76	86	77	0	84	-16	-62	86	-76	91	-16	47	-25	-2	-64	52	68	98	88	65	17	97	43	94	-39	82	-74	65	-36	54	-64	-6	-76	82	-37	89	43	74	30	90	-64	-52	61	-20	100	-55	76	-54	49	4	16	40	87	49	-7	-70	11	-10
-87	-50	89	58	-75	86	49	12	5	-82	80	-34	-39	-37	79	-26	-69	-35	-77	82	44	93	-59	99	36	89	21	-53	-20	-94	93	-39	-91	90	33	6	18	64	99	-83	-45	51	-99	-7	21	61	12	82	-31	0	-2	-11	20	-94	-43	57	-35	-17	-62	84	8	-47	-66	3	64	-66	58	13	-13	65	-89	-89	82	-46	67	82	48	-76	-25	-41	83	-76	-6	42	-37	56	56	-23	-97	-51	-3	33	86	57	58	77	-49	-54	-61	-35
-31	16	57	43	-12	13	-21	-71	61	-89	62	-63	-66	73	85	27	-26	-25	-19	-25	63	-10	29	-13	5	-68	-52	81	100	-77	50	-56	-31	-28	-99	15	85	27	-80	12	-40	98	-95	47	-10	-27	77	2	75	-79	-8	-23	-76	53	95	-92	-98	84	-2	69	70	96	-54	-97	70	73	-12	49	-3	29	-95	-96	86	-75	-47	53	98	-93	-25	4	98	-90	32	100	3	19	-75	-49	35	-18	63	-65	67	50	69	26	-69	2	61	77
61	81	15	62	26	-91	-16	47	23	92	32	-70	-50	37	64	-13	-8	9	-22	-10	79	-96	-70	-66	-24	48	-59	39	-74	58	52	-65	-60	-67	66	-2	20	33	92	59	-28	47	-13	-73	-51	-6	-70	73	-85	37	-70	37	-84	68	41	11	-98	75	15	-8	-4	53	4	-64	51	-78	33	61	14	28	58	-79	18	-54	79	81	56	-34	79	-9	-45	-10	85	-6	32	-71	-52	45	54	-85	4	-39	-92	-61	13	90	17	-9	-11	55
-63	92	5	-53	-65	-61	3	11	61	-7	-68	-57	-96	74	78	73	-5	73	-29	54	-12	54	-41	-93	-44	2	-98	81	47	-77	38	80	60	11	-27	79	72	-68	-55	-51	-49	80	19	4	-78	-43	-22	-43	-10	-80	27	70	22	49	-71	51	-50	41	55	-57	-2	85	94	21	53	-96	-7	-70	22	100	-39	89	-71	-47	87	64	-63	34	6	77	-89	40	-74	-77	23	-30	-73	-100	-29	-64	-31	40	-13	32	-19	-63	38	18	-89	-61
26	-23	93	86	35	16	-89	74	-68	-55	-62	19	-50	-24	86	98	6	-1	68	21	94	51	6	-7	10	7	-75	53	68	6	-56	-91	-53	20	-38	-73	-33	93	75	17	12	7	-75	4	-3	-77	77	-94	55	-3	94	-98	-54	88	66	-1	37	-86	54	-40	-81	-96	23	39	38	87	-68	-71	-51	-20	-29	-74	-46	-38	-32	-58	-2	76	59	-71	79	-98	41	78	65	22	10	66	73	-58	-80	31	-68	27	-6	55	-17	25	-30	0
-1	40	-69	-51	18	-75	96	98	-3	32	-65	4	-52	-54	-78	94	89	45	-21	-68	19	5	-42	3	-7	4	80	-79	-24	-54	44	52	38	-53	15	-65	-43	36	-95	-20	39	-71	-98	-44	-52	71	0	9	35	-26	-70	93	-64	-35	-48	54	-79	99	-54	-30	-24	6	59	-100	66	77	44	96	94	39	51	-35	21	40	47	-11	-1	-70	-51	-31	-58	50	5	57	2	89	-30	11	8	-40	42	0	-32	-21	-27	-60	31	54	83	-41
3	43	93	-56	-7	-6	-2	-14	71	55	-87	-56	49	60	93	54	52	-98	-19	5	-17	46	-6	54	4	44	-47	-87	76	-92	54	74	-88	94	-95	63	-6	-84	20	52	10	16	-6	45	-7	68	46	-33	-28	98	-13	99	84	59	100	-20	-85	47	39	-85	100	-76	-21	-32	0	-44	60	-29	-60	12	-57	42	64	81	54	-27	-14	-25	23	-100	14	9	62	41	-13	36	45	70	-72	-89	32	-57	-67	-3	-34	-79	1	-95	99	-18
49	78	1	-84	76	67	-50	-10	94	-23	-37	-21	82	46	73	-78	84	58	61	60	-59	-21	-92	-43	75	71	85	71	-82	-9	6	24	5	-91	52	-76	0	-30	-40	-99	19	-34	-8	-15	63	-35	38	-91	-48	1	-32	-4	95	65	72	19	-31	7	-64	-95	32	81	51	61	79	37	-33	26	-61	78	76	-87	37	-72	23	69	-91	30	61	86	-15	30	-84	87	76	-21	-48	54	-59	5	-44	14	10	-36	-81	66	-61	-14	-84	16
48	24	-98	38	-70	34	-78	-1	98	99	34	85	-60	-26	46	-38	93	-5	-42	-4	-27	-16	-29	50	-8	-82	72	14	64	-78	-70	4	-5	23	89	44	11	4	-40	-4	-34	83	-66	51	43	-43	-82	-85	14	-90	43	-65	95	-17	-55	13	73	-42	15	98	-3	20	17	73	-32	-66	-26	22	-67	-40	14	83	11	65	-60	-41	-19	21	97	-60	61	44	13	-36	18	11	68	-84	-21	2	97	17	34	66	-57	-72	15	52	-62	-32
10	25	-83	-78	-24	-39	60	-58	-88	94	-52	6	-49	75	-85	54	89	91	-51	59	47	-10	-94	-76	-26	18	-20	78	9	-17	-32	89	69	-92	-78	62	-71	77	49	91	42	-48	59	-56	41	-39	77	42	76	49	-82	-18	-17	-6	-4	91	100	-27	-17	-67	-31	-73	-78	97	-18	21	-90	-78	96	84	67	66	4	47	36	0	-33	-32	-34	-94	-33	-15	-74	5	-47	93	-30	65	-10	-30	-94	-89	-72	19	89	6	5	97	-77	52
-86	-11	-47	84	-91	-3	-14	65	22	45	-80	-8	-34	-93	83	5	7	65	15	-28	-30	88	-22	-13	47	71	-26	-21	94	-42	10	-16	13	6	-33	-35	57	58	7	50	-77	-77	59	-42	86	43	91	34	-20	-53	91	33	57	-80	-90	-89	-89	96	28	72	23	-14	-83	-89	10	-84	54	-56	56	-70	-62	58	-21	-71	8	24	-13	74	5	54	-34	-33	57	77	-47	98	-4	-47	-78	-99	-71	-37	-50	-25	37	-97	-62	-88	-30	39
-94	0	-79	-51	40	5	13	43	97	72	-88	-66	68	36	74	100	-27	-44	-35	-21	7	42	-22	80	-52	-85	-27	57	74	59	-54	53	-43	1	-41	90	-49	42	-50	-28	44	-55	99	-50	20	32	-75	14	-75	70	5	67	-74	31	-45	83	15	-24	63	100	23	83	-56	78	68	-29	66	57	-30	-53	30	-85	69	53	58	19	55	4	43	-79	-21	-27	-38	-21	34	19	-78	-41	53	87	-75	-9	-94	59	65	21	-56	-1	63	-2
19	40	-59	18	-34	52	-20	-69	34	-55	38	22	78	-69	-8	27	78	-74	64	-61	-30	94	-32	57	-32	7	12	1	10	62	-73	-59	-74	-25	-59	-42	-2	5	-50	97	48	-55	-87	36	4	42	-48	-86	-9	45	67	32	69	63	4	-63	-36	-94	18	43	61	97	-97	54	-85	30	-24	11	-86	-47	-88	-70	6	7	-81	50	7	79	-18	8	64	66	-46	-78	47	46	-9	-47	82	24	31	-9	25	-85	5	-88	90	-3	-17	54
-79	56	71	72	-59	-30	-14	27	-88	-1	9	23	-79	-17	49	60	-88	41	3	81	88	-45	-64	83	-93	-92	-30	92	-18	-1	-14	-89	-92	92	58	-51	-58	-64	-19	-56	26	43	64	-50	33	-48	-24	4	13	-60	44	37	-54	-6	74	-75	76	-9	-45	-8	-37	-18	89	84	-43	-79	3	47	-70	68	-44	95	-82	-70	-22	-75	9	92	46	11	52	-99	49	16	96	-100	21	17	76	-9	-35	-84	-14	98	-15	45	-91	81	26	-69
10	-26	-98	75	96	-61	3	-93	-34	0	-56	22	43	7	-58	-27	-50	-68	-85	-37	40	-23	48	20	-1	-85	-94	63	-47	-71	-59	-68	22	-77	80	27	52	5	-64	73	91	24	-24	-5	61	22	53	-14	25	64	44	-57	-29	-5	-93	-62	45	6	-66	80	1	67	-83	21	-15	64	-11	-99	22	31	-68	22	-14	-94	-19	-27	-25	88	-40	26	3	-10	-89	-3	37	48	30	90	-10	-36	-37	-52	-56	-12	8	-3	-11	91	5	87
86	-60	100	-16	-8	6	-53	-76	-24	-100	-32	-15	80	24	-27	-61	-97	-52	94	70	-58	100	66	-80	75	-45	-6	-59	-42	57	37	-79	54	32	-20	-79	-94	-24	-46	-84	-27	-43	7	-60	-44	-46	90	-12	9	10	-78	-57	-50	-60	31	71	-92	93	40	22	99	-9	-94	-73	82	-2	-87	63	-31	-46	18	24	83	-80	62	-65	43	-92	47	27	-82	53	58	-21	-77	-97	39	-61	-99	-81	-41	-19	-30	14	-22	42	54	5	52	58
21	-43	42	-69	-47	57	77	-97	52	27	55	14	-66	55	-4	-81	-63	44	-25	38	-87	87	83	-45	69	-57	-29	88	42	-59	-39	32	-88	79	-52	-89	18	-58	-83	-70	42	-84	52	-37	2	26	-43	-23	-16	13	-93	55	-87	-96	-85	-6	30	37	63	-80	83	46	-23	-77	8	-32	-28	71	76	43	72	23	-15	71	83	40	-12	-33	-60	20	-46	3	44	30	-23	73	-40	96	-60	27	-24	-24	-30	-24	16	-34	37	-21	-62	80
49	63	36	91	-13	28	24	57	1	-15	80	4	-23	52	-1	19	-41	-5	-7	2	21	40	-39	45	-47	46	78	-2	69	89	-68	50	-22	93	-79	-52	-11	-30	54	56	-88	71	86	55	82	40	66	-98	-87	29	24	83	-16	-28	-42	14	-93	38	97	-15	-54	-14	12	-91	5	10	51	-22	-31	-71	-69	-44	-70	100	87	-92	-44	-77	-41	-84	-52	82	82	-84	56	84	-25	55	70	60	13	-32	63	-60	-87	-3	-75	83	95	9
-48	62	68	-57	67	7	63	21	47	-78	-92	98	-87	-70	74	-48	36	38	-16	-55	29	71	16	-69	-26	73	-99	-21	-26	-80	95	35	-44	-3	7	-47	18	-11	-94	-37	-40	99	-43	59	82	51	60	0	53	-99	-66	-3	53	22	62	92	-27	94	-85	95	59	67	-26	-75	20	-24	62	-70	-40	-32	36	14	82	-57	-59	0	-80	45	46	8	-29	-99	-37	78	84	-89	36	-23	6	-99	-79	-34	87	27	47	51	-55	-59	-66	6
68	-12	49	32	-53	53	-70	81	18	18	92	41	-65	-40	34	13	-81	-82	2	-77	89	-29	77	66	-78	-23	-28	96	75	52	18	23	-39	-37	-24	-50	-58	75	-80	98	39	-4	2	-42	-66	11	-96	-89	32	68	2	72	52	50	-100	66	-30	-81	89	-100	17	-52	78	-50	-16	18	-89	-63	53	-88	98	-89	38	-33	28	25	-58	-59	77	-26	-77	-68	24	38	62	-37	47	-17	38	58	77	60	-59	-9	-31	13	-70	38	59	66
-56	9	94	-84	-53	43	24	58	99	32	-75	-21	-54	-74	-82	76	-4	17	-42	-42	-58	-33	-42	-96	-47	93	-59	-89	-52	14	75	40	66	76	56	55	-20	-14	36	-53	87	-37	-92	55	78	48	6	-31	-52	81	83	52	-1	4	61	30	-24	95	-99	78	6	28	-91	79	-50	23	72	-41	27	-36	-54	-76	40	71	41	-60	71	-6	31	18	19	21	-88	18	32	-54	-83	44	95	-86	4	-80	-59	2	40	15	68	-92	-45	-24
75	59	-35	-79	-89	-7	72	29	10	-56	-59	96	62	-49	-90	-70	-59	-99	39	-81	42	-78	-46	-10	74	-3	45	-10	-64	81	95	0	21	70	2	41	-30	-18	33	30	-88	-24	-94	66	57	-35	-71	85	-57	-53	62	81	47	-64	20	26	81	77	53	-50	-59	19	64	-71	-12	-10	17	96	94	98	14	21	-86	79	51	32	51	-48	-8	14	42	-46	-12	76	46	-22	-91	-86	98	68	-79	-72	-26	3	-86	5	27	15	-15	5
-58	-61	4	-21	-58	-94	-18	31	89	-83	58	-67	100	-96	45	-27	13	8	54	-12	81	-89	-75	81	-93	-49	20	88	-43	-14	52	20	42	21	-80	31	62	56	75	13	-67	-4	16	-1	85	0	-28	36	-88	-18	-64	-8	-100	62	-41	95	83	56	91	-29	76	-93	-6	-45	-25	-12	91	43	6	-95	-64	33	67	-29	92	-44	-47	15	83	26	23	59	-32	-28	24	49	83	6	6	-39	-74	42	96	-65	23	63	-19	66	-91	-92
-98	-21	-77	98	43	-86	-5	93	-94	58	-91	-41	-86	-46	-44	-53	-66	-19	-57	-30	61	-74	37	-11	-37	49	17	-60	2	-31	48	35	11	8	-25	-35	-38	79	-83	-34	78	67	-10	69	70	-12	-9	-5	69	-83	48	85	-20	14	-64	-87	-85	31	-36	19	-79	47	13	-73	37	31	-4	6	60	23	-28	-91	-97	-58	-72	27	29	28	21	-41	66	-43	12	-86	52	91	-49	59	56	-67	-92	44	7	17	97	-23	50	94	58	-46
12	37	-21	23	-81	-5	-57	92	-41	-48	54	-85	48	-27	41	78	29	74	-21	-14	-38	-43	30	-10	35	83	-56	39	-55	71	-15	-51	16	-75	38	95	-40	97	37	44	93	55	74	16	-43	-23	37	64	40	79	-6	-97	11	-76	-67	-74	-80	69	-70	96	11	73	-92	27	69	-78	-33	-62	50	-6	-26	-99	10	10	-28	-40	-34	-22	-88	30	96	-46	32	-10	-25	16	-34	-57	70	78	-52	61	-91	19	98	-29	91	-80	4	-72
56	-85	-65	-43	93	-41	-26	-58	-82	36	31	-53	-19	-8	63	-76	-42	61	-31	98	-32	96	-47	88	18	-5	-45	56	-24	76	-28	4	0	53	-20	4	-9	11	86	-71	4	73	33	52	-5	43	0	-100	27	4	-46	-14	-95	65	23	-89	93	76	34	-8	-44	61	87	-61	71	90	-74	51	-59	-87	20	40	-49	77	-54	74	-46	-21	63	27	99	-51	-47	57	81	100	5	-65	-36	16	-84	-6	17	94	27	12	47	-64	-74	-48
96	95	45	-37	30	-79	88	-11	-74	60	74	6	-53	47	-90	-6	-17	-82	-36	63	-19	59	-63	-50	-84	13	-64	-53	68	34	11	88	-3	-21	93	28	26	-78	-100	-5	69	-59	95	-71	20	59	81	34	-92	-72	54	-7	-37	-12	-87	-45	-82	71	73	-42	-46	-5	-12	17	-65	88	-29	19	-39	44	43	75	-20	68	-6	-71	-30	-58	-4	-96	-94	52	-69	-35	-47	-52	14	-12	-39	-28	19	70	59	16	36	71	95	-38	-78	-19
24	-100	-71	-97	-34	21	56	84	61	89	98	21	67	-87	-26	30	61	20	17	-93	-3	-87	15	-87	-62	-69	9	-69	85	67	69	-1	-76	-90	79	-42	-95	46	95	-1	-44	33	31	-32	-60	64	-42	-78	84	-64	94	-87	-34	28	82	-11	16	19	54	-3	32	71	51	31	-64	-37	-100	42	-7	-3	-22	63	-100	25	-27	79	-78	7	74	-48	96	-51	63	65	88	-96	25	7	45	19	-43	-46	83	72	-24	-2	-56	66	-30	-64
-95	-78	-22	29	47	59	9	-1	9	68	58	94	-68	26	-42	-96	3	82	-3	13	98	97	32	-17	-50	-61	8	-80	-94	15	-10	-86	-16	-55	6	-89	-50	92	-20	-98	83	-34	67	11	-88	97	71	100	-6	44	-16	3	72	2	28	-59	21	-34	-88	72	56	-78	88	-46	-87	33	-15	-74	-17	8	-28	-49	-84	95	94	-80	35	56	-25	39	93	-28	41	-64	-7	-86	46	90	62	0	-43	96	35	44	28	-2	31	-20	54	9
9	34	-55	60	-37	12	92	-74	29	37	-22	51	-99	-91	-89	-77	39	88	-7	-67	-46	42	55	-75	55	-35	33	90	38	-43	38	-13	83	28	59	30	13	51	-54	-3	-73	-35	58	-94	94	-58	71	23	-20	-84	-66	-36	-94	86	60	-9	17	-66	63	43	-88	91	-6	-36	24	48	53	50	-81	-19	-32	58	83	-62	57	-18	-7	-39	96	90	23	24	-54	20	74	61	64	13	58	-52	-71	-44	-85	45	-14	-38	-85	55	-83	87
12	27	-97	44	52	-79	-88	-6	-47	9	34	46	-86	-4	-2	-59	100	16	21	-20	76	75	73	86	-35	-21	50	32	-19	24	-53	-29	-44	80	71	-80	90	82	-78	-66	77	47	-7	33	40	-85	43	-70	-31	65	98	-49	96	-33	-84	-40	-56	27	-26	-16	-17	7	-42	-24	61	-35	5	86	92	-31	-72	17	-31	78	-94	-14	-10	-98	60	-31	15	59	-80	68	-1	24	2	-43	93	-88	-45	-28	70	23	-44	-87	-86	-41	-51	-1
60	-35	72	-6	56	39	-91	-52	-72	-18	-42	-98	-38	80	-10	89	-79	21	76	-56	-91	-44	47	-59	-63	59	3	-62	-90	37	-47	37	34	-7	-55	6	56	62	82	31	79	-27	-93	-73	74	89	87	23	-27	70	43	57	48	-20	54	85	-81	90	-18	93	17	-21	88	-64	81	-8	16	22	74	-17	-92	91	-59	57	69	23	-13	18	-31	-4	-74	70	-52	-100	80	-47	-54	39	-60	38	70	-71	2	-99	21	-32	2	62	-91	79
53	24	-26	98	29	75	-77	70	-99	-33	-36	74	-85	-2	-76	-7	46	-17	14	-25	-85	-86	98	23	-49	78	63	-79	-10	-51	17	-83	61	36	55	-17	-4	-80	65	38	55	62	-89	-86	-19	22	7	-24	-70	-20	-16	74	-84	-88	28	95	-55	-26	65	6	10	99	35	-68	-73	-45	-8	31	-94	-74	-10	2	-3	85	24	-49	24	13	-97	-70	0	79	-95	-97	68	99	-66	15	-41	72	-56	6	38	2	-32	-89	13	-58	-55	62
