7	4	6	-90	67	89	34	39	2	78	-57	25	-7	19	-74	48	17	77	-28	-72	-57	36	-7	-59	42	37	87	2	-30	15	28	-25	33	-28	-7	-88	61	72	7	-9	-6	23	-48	88	63	-22	49	71	-39	52	-30	77	-67	75	90	59	23	-11	41	52	12	-66	73	1	54	29	18	-34	-27	-52	34	-74	44	-84	-46	-99	-58	-66	61	-84	74	-56	-38	86	-52	-87	-38	-24	-52	-96	-10	74	-72	25	-76	-25	41	-91	68	-36
84	39	-65	-37	-98	77	-31	-88	-75	-44	23	-6	-51	56	20	93	62	-10	-80	-32	43	3	-8	94	-35	-49	-85	-72	30	-97	54	43	-92	-44	-52	-98	30	56	6	-37	19	33	-45	17	-54	-65	-15	-21	59	-26	34	73	27	94	-3	42	-83	-63	49	-42	62	-4	-19	-11	68	71	89	20	98	1	-60	36	-17	60	-21	-4	-96	63	47	7	-3	82	14	12	-29	-83	-86	-53	-79	30	-57	5	8	-91	35	-49	-50	4	72	72
30	-2	-26	-25	43	23	-28	2	17	-59	-60	-81	22	14	53	-60	-52	-44	-63	-33	-41	77	43	-99	82	-36	92	72	-22	51	70	57	-96	-39	-12	1	31	84	2	-71	36	-22	-88	-6	50	94	-55	14	-89	-12	-34	-88	0	92	67	-90	-21	86	53	30	-39	-50	5	25	-7	81	58	-91	57	-17	-100	-43	95	-54	71	58	36	36	-99	-70	67	-65	0	-98	80	7	17	-63	93	-69	77	-26	-14	-99	-83	-27	-71	1	-3	22
27	-94	93	66	5	-76	15	27	-74	51	-41	82	64	46	56	-98	-33	-43	24	-35	-74	44	-14	-90	100	-65	77	-8	-21	23	63	29	-34	-45	-91	-55	59	-82	-18	-99	-55	9	-50	76	-69	-21	-50	-59	-18	52	61	40	82	-89	95	-6	-44	87	-67	-75	54	60	34	-97	-41	-56	-92	35	24	-42	-89	-19	-3	4	14	-67	-35	96	-91	-94	1	31	56	94	10	-7	94	92	36	12	-95	41	-24	-97	4	-74	-72	-22	63	-78
-40	40	-72	73	92	-17	97	55	78	58	-64	-7	30	-61	-98	-51	-47	-67	19	16	56	11	-94	-87	79	-17	42	99	-36	-5	-3	-91	-45	-86	94	62	47	-67	-45	90	36	16	-78	94	-41	29	-60	11	-86	-61	-53	22	-1	20	99	-58	-99	15	70	18	-73	-6	-16	-40	-83	-91	8	82	-27	29	-86	-93	18	12	-37	-37	-97	95	52	-62	9	-80	62	67	-49	-84	-69	-96	71	5	72	-72	74	59	-14	86	48	66	-45	28
63	19	70	-54	-6	72	-94	-90	75	-15	-69	-7	56	-93	58	-13	-19	99	-7	-38	-35	-94	91	-22	-16	29	21	-72	-23	-68	-51	38	34	-47	-43	51	98	84	92	58	-79	72	40	-55	65	69	-36	56	-7	-65	47	-63	68	49	-12	70	-37	-79	-68	93	-95	-25	11	60	-26	63	-22	75	-42	-61	23	-82	-80	-38	-68	10	-51	0	38	-59	68	-35	10	74	76	-82	40	34	94	-100	-86	11	-3	100	35	-43	-17	-94	-57	-5
-49	-91	-96	-3	-31	-38	-25	26	92	80	91	-21	65	-16	-12	-2	67	14	56	52	36	67	73	41	17	96	77	-61	45	47	73	13	-1	-87	28	-80	-83	-73	-68	19	8	-40	-56	-96	-10	-13	-76	24	62	-79	39	-99	-87	-92	-46	48	-10	67	67	96	-66	69	47	87	14	6	91	81	-24	76	-5	-39	3	-4	20	94	-58	99	-35	-17	18	-1	-27	58	64	-70	-44	-93	-25	-14	76	-91	67	19	-19	41	-54	10	67	19
38	8	-10	-44	21	43	15	32	7	12	73	-71	65	-84	61	-4	-18	-30	-98	49	56	-37	-52	-3	88	69	62	87	-71	14	92	-99	57	49	-25	-89	-24	47	-38	88	-69	-92	90	67	72	-53	-95	-28	96	-75	-38	77	-67	25	-79	-76	-33	75	88	-12	91	43	-61	97	90	-37	-52	-96	87	-62	18	13	100	-2	-50	56	-62	69	-95	-34	-20	-14	-56	-32	24	69	-31	23	9	-50	-26	86	-50	43	-75	31	36	-11	46	-95
67	15	67	21	-72	51	23	63	-96	-52	93	-89	59	75	-13	-99	4	-72	92	-42	44	-29	-84	-40	-67	9	34	10	-20	-18	-62	-40	-71	40	79	23	-15	71	-81	41	41	-51	77	11	-28	99	33	27	26	36	-77	-63	-85	65	-39	-25	38	92	-9	52	-100	10	17	-59	74	-42	-22	-43	17	-42	91	86	39	-14	-1	59	69	-86	88	33	43	25	56	-69	-26	22	-86	-37	25	-34	100	87	15	-16	15	-6	-55	90	-86	56
-47	57	98	-45	-5	-63	15	77	25	65	-15	-45	34	90	-90	-8	32	-91	-28	-34	-22	-34	0	-75	-31	-97	-52	26	9	-1	96	99	67	12	-14	60	-15	-1	93	56	-57	58	88	27	-22	55	-59	-57	62	2	-22	33	-20	40	-25	46	-67	49	-15	-96	-59	-97	-33	86	84	-36	71	31	21	-35	64	-87	-74	23	42	95	-15	1	54	38	-75	80	28	-19	-48	33	62	30	11	-70	17	-62	-66	67	-12	50	22	58	-94	43
-37	-20	-87	-11	-35	89	-43	2	-55	48	60	-82	10	80	39	-89	94	41	-46	-57	-15	41	-28	83	-38	-68	-90	97	4	17	-39	-39	-34	64	55	3	-64	-65	-89	5	-6	-94	-22	65	93	-9	-43	-64	-22	92	-7	-14	-69	80	-58	49	-84	-31	-91	-3	79	10	41	-20	-11	7	-21	-72	-32	-35	-100	32	-44	-31	24	34	-77	7	-50	-35	-19	-34	-21	20	56	100	-42	22	37	-22	-86	83	-32	12	-43	34	-29	91	-96	-26
81	-39	-48	-76	-57	7	-16	45	91	-71	-59	-77	56	20	-74	84	35	-22	-99	-29	50	-55	1	14	70	90	88	-63	89	81	47	99	31	54	-36	-99	47	13	-41	-70	-68	-38	-19	-94	88	-36	80	14	43	91	-70	-68	37	-19	-75	16	83	-65	44	32	33	-62	-19	83	51	-29	30	85	-82	-68	23	73	77	51	81	-95	-78	-97	35	53	22	-38	-64	-47	-37	-49	92	-27	57	27	-60	-69	11	86	13	47	71	-11	-49	7
90	92	27	97	-60	-23	-59	-7	15	-99	-78	10	94	90	-25	43	-36	-9	-56	34	-38	73	-24	-41	-72	43	20	-26	-2	19	-55	77	51	69	-22	89	-36	-100	-75	-95	97	48	41	-69	-92	8	-48	92	-67	-9	21	61	72	5	-39	-85	44	-100	-84	7	87	-52	27	-34	-21	100	-20	-83	8	57	93	-61	49	-5	38	45	-63	20	-54	-21	-4	84	2	49	-24	-91	-56	77	39	-80	-22	48	60	-86	18	-79	-91	-10	91	14
4	91	23	86	-19	82	-74	-29	29	-77	-43	11	-36	-58	-41	6	1	-18	86	-9	-6	10	-89	-63	71	-48	-83	-62	-14	-63	3	-18	25	16	29	-31	47	-23	16	-92	-44	-20	95	15	-52	-7	81	-45	-14	-53	100	-94	9	-54	48	-67	65	87	-77	-79	-28	-70	10	48	62	-12	-94	-52	-58	42	-85	78	-98	11	-57	66	-40	98	-80	-36	94	-90	53	-5	84	-96	-79	35	14	-60	41	-46	85	27	-61	91	73	99	-64	-14
-62	16	-52	52	61	-86	58	-49	89	-59	100	-32	-81	-34	42	-53	73	-77	-9	11	-67	99	-57	80	-5	86	72	-49	43	-39	-32	74	64	54	28	8	-93	1	81	61	-41	30	96	-7	-3	70	48	31	56	-66	75	6	-9	40	-69	73	82	-39	-32	-59	49	72	9	-15	-4	-27	10	-35	-99	94	-7	-58	-42	99	-68	-31	-91	78	-2	13	-19	56	84	94	-44	96	-92	59	-91	-38	65	-34	84	83	-91	4	39	38	-46	-87
92	-91	-50	-11	-15	85	51	53	-51	85	-82	26	10	-48	52	92	75	100	-100	27	-59	19	53	-45	-63	12	-20	84	20	96	-48	93	-1	-80	-32	-76	-82	0	-47	-96	-93	53	29	-49	-64	-69	-51	82	-50	12	14	-7	-44	-82	30	64	15	-25	-85	16	-50	-58	-65	-63	-86	15	-63	-84	-61	52	-86	-8	-89	6	63	82	3	-70	49	-14	100	27	-4	-26	18	44	-59	44	-70	-98	-11	13	66	23	59	24	-18	53	-52	-28
73	-50	93	-54	33	-60	49	7	-72	91	70	84	-21	-28	-35	-78	-91	-28	-54	78	87	-24	8	24	85	74	57	94	47	25	29	16	-8	-46	85	42	-29	60	77	-45	20	43	-56	1	86	-25	26	-22	75	-19	0	-25	89	-47	-33	17	-96	4	-73	95	-15	67	-20	-32	-25	-45	98	-75	71	-66	-43	68	-11	84	30	-81	-47	-96	32	35	76	-16	-52	-78	18	-17	-35	76	44	14	64	-100	-36	1	45	-75	-28	-30	94	53
-19	-30	-93	-50	-31	62	-71	42	78	-18	-66	-74	-81	-94	37	86	-83	48	-69	-75	-82	68	-4	-32	-76	99	-27	57	-90	10	52	64	53	-8	35	13	-5	96	92	99	36	25	2	29	-55	72	43	-100	-11	-5	3	34	98	-29	-79	26	-35	-82	35	-72	75	82	36	69	-28	22	-1	-90	84	-61	-35	-47	-10	-67	-98	-45	-53	81	79	62	12	7	73	62	-90	1	-99	35	44	19	88	57	-73	-51	-82	86	-66	24	-82	-60
95	78	97	13	-18	-19	-41	-67	-99	67	92	-18	-63	15	-48	-87	7	29	-29	-96	-99	27	16	-63	87	36	-6	-100	-77	43	6	-60	62	-99	-9	50	-12	-59	68	-79	6	-75	-93	-43	-23	54	-62	-53	-83	57	-41	-56	-15	-56	43	62	2	23	-29	34	-36	14	-69	-56	29	-93	11	94	-21	-26	-13	32	30	-17	26	16	4	77	91	-87	22	66	24	17	22	-7	71	59	-82	-68	27	7	12	-12	-7	-99	-29	36	-36	7
39	-52	32	-81	50	-55	-26	6	9	13	-89	4	-51	-80	13	-28	-85	-84	-51	-51	62	82	-50	-99	61	66	-93	-74	0	80	-71	-50	96	-5	-60	-31	-29	-97	-18	81	-71	-1	76	9	56	93	16	68	-73	59	-2	61	64	-37	-44	-90	11	-8	37	47	-94	-74	28	62	-5	66	43	-41	45	-50	74	32	23	21	-48	20	-74	90	77	29	54	18	-67	37	-8	-38	5	30	-29	-4	45	-2	98	71	42	-7	12	-60	45	93
20	49	20	-23	-32	-37	-53	-13	16	67	45	-78	-80	99	82	-38	30	-54	-26	-65	57	10	-30	-81	-27	75	27	-13	-7	-15	-14	63	11	18	-45	10	94	-4	-49	-68	-86	-61	6	-20	-95	-41	86	-36	96	-76	-11	-83	47	59	-52	3	22	8	98	57	-44	31	94	-49	15	26	-41	-43	91	19	28	59	-100	17	-52	86	39	34	23	-61	55	71	-95	17	98	-8	19	36	-57	-59	-100	-21	-29	57	-75	62	79	56	-56	-100
-78	-87	99	-36	-75	-62	-2	-33	-14	51	73	-24	-28	96	19	2	19	96	38	-59	-35	90	-64	66	14	-85	-60	65	34	35	72	-19	-33	6	56	-79	46	-61	-26	-49	58	14	79	-27	-15	20	28	-43	-75	-89	6	21	-36	-46	-94	-71	-5	18	28	61	-57	-44	1	-31	-75	42	82	-40	22	38	-73	63	-22	-76	82	2	-21	-3	97	-14	-57	44	-81	91	-79	9	9	95	64	59	-46	7	-98	-11	-15	41	94	41	98	-32
-41	27	-31	33	99	-43	60	71	0	48	53	-29	-28	-39	66	98	70	70	-24	-56	52	22	14	-84	40	-63	-27	-8	17	48	-98	-65	-74	-24	15	-70	-37	49	-60	-38	57	51	39	76	14	-54	67	-12	-39	-76	50	-87	27	-74	51	-27	-91	61	-35	86	69	57	-73	43	45	-11	-21	-94	-39	-15	-93	32	5	75	-65	7	-20	-46	-76	71	-18	-98	-78	-46	-21	44	-64	14	-17	70	67	-12	-100	69	-22	-43	-40	90	-12	-51
-93	-38	5	-13	17	-88	-83	96	-15	32	-49	-96	-2	63	52	-97	-31	56	61	28	-47	72	-53	-87	93	31	46	-61	-42	-77	-4	16	-3	-51	8	86	53	62	80	74	-59	-76	-18	19	1	-39	-59	73	-50	-92	-15	-41	-78	98	-94	40	-11	87	3	-99	42	38	-49	-40	35	31	5	33	-4	-45	-48	99	-9	-66	-65	-10	-20	-91	45	94	99	63	-21	55	95	74	-98	-45	84	-87	69	86	-50	1	-99	39	-29	-75	63	86
-35	66	-98	-79	-59	31	78	-22	-6	62	25	20	-3	-5	76	-49	-13	20	24	82	46	-61	3	50	80	-65	-82	21	-31	87	-47	-20	-13	-70	-72	-70	-52	77	11	-83	-62	-58	-54	55	-21	75	-3	-15	70	-49	11	-82	3	24	-16	-34	-30	99	88	70	-34	-39	28	-39	40	-95	48	-2	74	40	81	-5	-76	29	10	-71	-80	17	-64	-71	-97	39	-14	0	-80	-99	-45	44	-15	-40	68	-54	-10	-81	-21	39	100	-8	-62	-39
22	-85	48	-1	20	-24	38	11	-96	-35	70	83	94	-98	81	-71	11	-7	24	-96	-39	-97	42	71	-57	60	35	-41	-77	100	62	55	-89	74	-1	-58	63	30	-6	60	-23	89	70	-72	60	-28	38	56	88	-17	-22	-87	-12	-50	39	94	27	8	55	26	63	11	11	92	65	73	57	87	-47	78	-66	22	-6	80	18	-21	100	6	-36	-74	-66	65	-30	88	-79	80	-71	84	-88	37	79	6	76	-8	-75	-75	-19	59	43	-18
75	39	96	-27	4	-41	62	-53	54	-53	39	-78	-78	-48	-37	80	-28	65	72	84	100	-9	-82	48	14	13	-67	-38	20	13	95	-69	70	27	82	52	93	-40	81	31	69	48	84	35	21	29	-24	-85	-66	75	-12	75	-13	-46	84	51	-100	66	55	35	-87	-96	-88	46	62	63	69	96	-62	-5	-11	94	93	-60	-86	-15	43	-89	-2	45	42	-41	38	-96	-99	-28	-28	-96	77	-54	63	-92	56	71	-88	-73	99	-68	-55	-61
-100	60	-53	80	-69	3	-35	90	-90	-79	-100	48	45	85	-78	44	19	43	-10	-57	90	59	97	32	41	-88	27	-44	77	-66	-63	-53	94	10	-37	-70	-37	21	36	56	5	28	76	-89	-77	-12	19	3	71	-20	43	-93	78	-32	28	20	18	2	18	-59	-81	-42	-7	10	-44	95	18	58	-77	52	62	38	-31	52	85	69	-19	-87	-89	-88	14	27	90	32	-88	-30	19	-91	30	-19	81	-68	85	-93	-7	31	33	91	44	-8
43	59	79	40	-77	-53	89	25	-49	-24	-55	48	60	72	13	-29	-75	54	-39	-81	-23	48	-83	75	-30	-51	54	-7	20	-71	-52	-63	-68	-78	5	-38	6	-13	-18	47	-63	-65	-66	34	3	-6	35	-15	-67	-97	-44	80	-79	34	83	89	5	-97	25	21	-18	49	-22	84	63	6	-97	-28	25	93	-80	94	37	68	84	55	77	49	-39	-82	-48	48	46	-5	-83	-31	88	-65	42	-4	-76	56	58	-36	29	-56	58	-44	48	-30
-7	-83	-83	-41	-92	-36	46	26	-32	-51	-7	-75	-20	-5	-74	-48	-20	-65	-17	-21	-64	-31	-45	-88	-74	81	-59	56	45	-59	90	-18	-2	85	-6	-80	56	73	-39	-69	78	43	2	-94	58	-98	-15	-56	-67	-59	31	52	39	-81	-41	14	93	-2	84	60	-53	-31	-56	-96	-75	59	-15	30	-1	37	78	9	-57	-43	98	76	-83	-81	40	79	76	75	63	41	34	-58	14	85	7	100	-73	92	2	-56	-11	9	-62	-17	45	-72
17	-64	-18	70	27	77	10	21	14	-56	-76	90	-33	62	15	-4	55	-51	81	84	-97	-16	-62	-76	-24	-63	-31	-94	-36	6	-50	44	-92	10	-66	-92	-60	-14	26	-47	62	-4	34	-72	-21	-76	-24	98	-28	41	-77	31	-91	35	-66	50	-23	-49	74	50	73	60	-68	-28	98	-39	39	-46	1	-58	31	-83	18	-76	-19	23	-65	18	-56	61	92	-65	30	-6	68	-93	-26	5	-35	39	55	-44	32	-95	53	-73	12	2	9	99
-1	4	37	36	16	54	-56	-48	97	16	27	-59	-31	86	47	43	-58	-30	-41	76	-76	-3	32	-18	-84	-70	-56	42	83	-94	76	28	-100	98	-54	95	-56	21	3	33	-8	21	-7	95	78	-86	-70	25	37	-74	33	-26	32	-62	-65	-79	-39	41	42	43	-48	59	9	-38	-94	77	10	65	-80	23	57	-86	81	-64	86	-11	-45	40	-26	18	-66	71	36	36	-45	-33	83	7	100	-97	100	22	5	-82	45	-97	28	85	-96	-11
-100	-17	38	73	47	-92	61	-92	40	29	-6	-29	88	-53	-97	-30	67	-43	54	-54	-1	77	66	-19	95	-89	-13	39	51	58	50	23	64	74	21	38	87	-66	-89	14	-95	85	14	87	4	19	-10	41	-24	-30	8	22	-35	80	50	-71	-72	83	-47	27	37	35	-98	-64	-4	16	-42	86	-58	-15	-61	8	-65	20	-52	34	-18	3	52	12	21	-97	-100	38	10	-88	-74	-80	-37	12	-86	-8	93	76	81	-100	13	-58	23	43
-92	60	70	38	19	48	37	-77	-6	-30	-89	76	-45	-46	82	66	-77	36	24	-76	51	87	-26	70	39	-22	-93	75	-33	-14	-41	-74	81	-89	39	26	-29	73	96	-74	-51	-31	77	20	-69	13	-95	83	33	78	53	-4	15	-32	95	28	65	87	4	-51	-55	9	-45	-98	-82	-73	32	-81	52	-72	64	51	43	-98	73	13	-56	-76	-36	-50	20	-98	23	18	-48	-77	-22	37	-96	-27	-71	-99	62	-21	-78	6	42	84	52	96
-7	-31	46	84	-36	38	-31	67	93	69	-77	-70	-76	70	45	64	83	28	-70	91	-52	74	-8	62	-42	19	-85	-81	44	76	74	52	97	50	-89	50	91	-81	-90	99	-66	-15	9	-33	43	-84	86	-22	-95	97	59	-4	-53	67	-45	-83	58	-36	-62	-84	65	59	-24	24	15	27	26	-54	-16	-23	-15	12	78	0	-60	89	63	77	35	-60	-17	-20	-96	54	31	-56	96	73	0	-98	-43	32	7	-15	-77	11	-94	-29	-55	94
-22	5	-9	-88	-32	43	-65	-12	15	-12	-99	31	62	70	-52	-17	-19	-27	23	-28	74	-18	-5	36	-30	6	56	-8	-88	-26	28	-24	-12	-6	33	-4	-5	-43	-6	48	53	20	-21	-67	1	39	13	-73	-2	-70	-97	-10	-96	-17	-83	-3	-48	-73	99	73	-84	66	-65	-23	27	-48	-89	-64	-10	91	37	48	-30	80	-10	47	-4	-74	25	32	-45	76	90	-84	0	77	86	-26	-34	-18	50	68	-5	15	27	16	-4	-37	18	-60
93	-20	-86	-86	14	20	45	34	-44	-5	77	46	49	-63	-73	35	42	-34	-36	-43	28	-100	-88	-10	-14	-20	-79	-27	-61	-63	95	-22	73	47	-28	81	-53	-55	41	-32	-71	46	-55	94	5	68	-91	-58	-28	5	17	54	-68	-25	61	21	-44	73	-92	71	57	4	74	5	-20	-6	62	24	33	65	89	24	-91	68	-94	18	-19	37	22	-20	10	60	-66	71	7	-23	-37	63	14	19	78	88	-6	-51	100	-32	-33	-30	-43	30
94	19	17	85	54	4	17	42	-40	-69	-70	-54	-56	-41	46	10	-8	57	40	84	-35	-25	58	35	5	-52	84	-7	-34	44	-85	-58	43	100	-99	-45	53	62	-27	38	62	32	-3	6	-26	-18	-18	34	-8	-75	42	83	-25	-41	-38	82	81	62	51	-21	35	-83	-62	25	-18	-19	-55	98	-53	-97	51	47	38	81	-57	-99	-5	7	55	-9	90	-22	67	98	6	92	84	-7	19	64	-55	-12	86	24	-99	-6	49	42	46	-1
0	34	65	-34	99	86	-79	72	36	98	-38	-64	-60	82	-97	3	-30	33	33	-18	-85	92	89	24	-11	-11	-24	2	6	-51	-27	-44	-25	-86	52	-90	-96	87	-76	3	4	90	16	-98	-50	-55	20	19	54	67	-33	-69	-65	98	94	-64	-1	1	-10	-59	90	-93	-57	35	-16	-49	-69	24	-32	27	11	-82	-66	67	-12	26	-20	-27	1	-15	59	26	-99	-82	-44	-96	75	99	55	-14	-85	-49	-97	66	66	91	-41	-29	47	37
-97	-59	29	-9	-49	-9	72	42	-72	-2	25	-51	-89	73	12	-72	-50	32	-42	91	58	-56	-67	23	70	-22	-86	-11	-38	62	100	39	11	46	87	-17	-58	-72	-83	-52	98	-56	98	66	-47	-95	-2	-45	85	37	78	-35	-98	-11	31	92	43	-2	56	-71	-49	-42	68	100	81	8	17	-79	64	-83	63	84	68	7	-29	66	18	-36	25	-34	95	29	-63	54	75	-48	-60	-51	-32	-54	-21	-18	26	-41	8	54	-43	-4	3	-66
-97	72	-96	-93	98	3	-55	-96	12	-14	61	51	91	-77	10	-75	-51	50	83	-90	8	-60	54	80	-45	47	29	72	-70	92	-50	-19	64	-15	50	1	-11	43	31	-27	95	15	-35	39	62	32	-86	-18	-41	-80	-24	5	-73	68	1	100	-19	-59	85	-69	-43	100	23	93	-44	-36	-99	53	56	27	87	83	60	-32	-97	-60	78	55	53	2	18	-28	-65	-80	-73	87	85	69	25	49	-57	30	91	-11	-46	-24	5	-73	-87	14
54	91	51	1	40	-53	-37	-1	28	-57	56	54	-50	6	21	-68	-33	13	-66	-12	72	33	-24	43	-25	-26	-76	10	-38	69	-81	83	-14	-26	34	55	91	-14	37	-58	1	26	-26	6	22	-89	73	59	-51	61	-57	5	37	82	38	7	-67	-52	3	44	-95	5	71	-40	-24	-9	-97	95	22	63	-22	-6	2	-83	34	82	-58	90	0	-86	84	4	90	27	71	0	99	31	-68	-37	59	-74	-72	71	80	32	-80	-40	-15	-11
20	82	-45	15	-30	-32	-33	87	38	-78	44	-10	27	13	-14	-3	-17	-81	-45	76	14	72	-66	43	96	23	11	-47	-41	-40	-43	68	-6	-20	52	39	44	-27	61	21	85	86	-74	64	-58	48	-62	-86	65	78	95	13	-99	37	89	93	-68	-43	-31	2	45	-66	-80	-76	-81	67	59	-41	48	-48	70	74	2	-15	-72	25	44	39	99	59	18	-84	47	72	14	-38	49	64	-28	62	77	57	1	83	-66	-81	-52	4	92	-75
37	-87	50	19	4	-26	72	68	-44	-97	-80	22	-65	-68	-22	91	66	-47	-85	54	19	-9	36	-3	25	21	19	-77	-22	-99	1	74	-17	18	-60	-17	16	-86	14	-77	94	-14	18	62	59	7	-1	2	5	-11	-59	-90	37	-75	6	-18	12	97	-89	5	-23	71	94	-86	-38	-64	-36	89	41	66	-69	85	80	31	68	88	-28	-68	-20	62	44	11	-28	5	-73	-85	-92	58	-59	2	-91	91	-76	-7	-64	-87	4	50	76	-7
55	-19	-95	2	87	36	22	32	-84	62	-11	-18	67	27	-40	64	39	47	-61	-75	-57	-45	81	-6	12	-6	44	-46	38	-61	-28	-11	-76	-24	34	22	-47	-39	45	-25	64	98	82	-99	19	-51	-69	92	84	-24	-45	-54	57	-66	-47	-47	51	-85	55	-40	93	-11	87	5	63	87	-50	73	88	-97	46	-96	-39	-54	-74	16	58	95	58	-98	-49	-82	91	45	44	-29	74	55	76	63	-51	77	-45	15	-99	34	14	4	21	99
-57	-28	58	-67	58	84	1	-23	53	-6	-20	-52	-16	32	-58	-1	-95	86	-54	94	47	36	69	45	-37	61	-71	-25	-14	99	21	60	49	-38	-62	27	-91	-89	5	-41	50	-70	-86	-5	-34	90	58	99	78	-28	-38	47	51	69	-16	58	86	-48	-62	-70	-19	78	60	-46	-81	-23	26	-46	-59	-67	-100	53	-37	68	32	98	84	16	-46	-91	91	-38	1	2	-16	34	67	63	79	-93	64	63	77	97	-69	19	-49	-17	-31	30
89	-10	92	79	93	57	6	83	91	76	20	99	-34	9	-87	56	-1	13	-86	-64	-98	-16	53	82	-87	-7	17	23	-55	-78	62	-79	29	3	0	78	-23	-99	-99	-69	-19	28	21	-10	44	-62	26	81	-60	6	-63	-11	64	-45	21	-98	83	35	45	-23	-55	52	93	-74	83	-44	4	55	21	-96	-42	35	10	-33	-6	-42	-13	68	-42	54	-68	-37	-51	63	-76	74	55	-47	-63	-37	28	-44	-10	-53	93	-49	-41	72	58	89
-88	-23	-100	-57	97	-46	-98	-87	79	-93	-59	-43	-77	-58	16	-85	-2	70	7	-58	49	-87	-70	45	-16	43	-28	68	-67	-53	-66	30	-15	57	-98	-63	-54	42	-30	41	-64	-91	51	68	95	5	-83	28	6	-38	-22	58	34	77	-61	69	42	91	43	74	-57	-71	29	-3	-43	24	37	5	-20	91	69	-76	69	93	98	96	0	46	55	-81	-88	-26	-97	89	-60	-90	66	44	73	31	-76	25	3	25	76	79	-35	-63	69	21
-51	77	80	6	-91	40	85	19	71	-9	-18	-52	-24	25	-38	27	-20	-45	58	-98	-32	36	-29	51	-68	82	22	51	-16	83	91	-63	-51	-66	62	-20	-85	-77	-41	67	-54	100	-36	-89	1	84	35	98	-22	-52	-97	99	21	31	-49	31	24	22	2	-88	-93	-46	-71	-12	23	-1	-79	73	-96	84	47	-44	-95	-86	-49	-51	95	75	-74	-53	74	54	8	0	21	-90	-76	72	67	62	63	-91	-26	-9	0	59	73	-21	-37	95
-99	-65	68	-7	76	55	25	78	6	-4	23	15	70	25	57	69	54	-38	-8	-33	1	22	-23	84	-99	19	-7	-96	54	77	-76	-46	34	-51	-67	-83	98	-23	4	-55	-64	-88	97	23	-50	96	-44	-97	8	-58	69	52	9	-55	-57	18	-68	-19	49	-72	-9	63	-35	-4	39	85	95	18	-94	-76	-40	82	-73	-76	-100	44	89	-35	16	-17	76	-61	77	39	-37	-4	-98	-86	-94	-69	-100	-75	67	-77	-2	58	0	-25	52	30
-63	56	8	-17	98	79	-36	-13	23	-31	68	51	33	89	16	-57	43	23	-93	14	-36	-38	17	94	72	52	-64	44	84	13	-98	49	-60	-6	-13	99	94	75	23	82	-71	-90	78	-29	39	44	-43	72	-89	59	53	-2	-13	44	63	61	94	96	97	-62	-97	66	-62	-26	-59	-66	-38	79	29	94	92	-65	34	58	-51	-24	87	82	62	23	2	56	78	-23	61	52	29	47	-62	-32	56	7	39	-24	-72	-59	79	48	-7	3
25	6	44	-39	67	58	28	26	-73	37	48	-25	-8	56	34	60	0	-13	86	48	-89	29	-49	-94	-55	7	71	-94	7	60	99	-20	68	45	-33	34	-15	-35	-57	89	34	-65	-94	15	-86	14	1	-41	-54	11	-69	-91	58	-31	49	35	-54	9	43	-14	74	-30	-10	-85	34	-58	-26	-98	95	-83	-32	-32	-97	-83	-53	-4	93	46	-39	64	-78	57	52	-40	-90	62	60	81	62	43	33	89	71	-24	-22	54	48	33	-83	6
70	83	1	39	71	49	-27	-20	10	-2	62	-58	-76	93	-69	86	-63	87	14	5	31	12	-30	68	83	-28	-88	92	-16	-69	-64	-40	98	59	3	-73	91	-16	10	-95	-87	-12	-50	22	-96	-2	1	36	-6	97	-64	-55	91	-9	-90	-36	-42	-90	1	70	-98	75	-72	98	1	-19	-71	-13	-84	-10	0	87	-28	-21	56	-54	-21	-32	-2	21	-87	62	85	46	-92	-73	-16	2	22	87	64	-22	-53	-32	1	8	-76	-23	-26	64
-96	-1	20	10	-63	36	-14	56	16	52	-13	59	-67	73	-25	23	70	-88	-95	2	16	-32	82	-27	23	-54	34	29	5	-22	-45	-33	-55	-84	-1	50	11	32	-40	64	45	-8	18	17	12	30	-12	50	-50	-93	-91	-100	76	-56	-48	-12	-31	-44	-95	-51	-29	-27	43	46	41	-52	15	35	78	-95	84	-24	-95	-3	30	65	-69	50	-75	-9	45	22	79	-61	29	98	-21	-59	69	12	-100	-28	35	-28	-45	0	78	91	-27	31
-61	81	4	89	95	-72	21	4	66	53	-86	-27	29	-98	-91	73	-81	-12	-16	33	-3	-29	3	48	-56	27	35	-38	-54	64	-33	-75	-58	99	65	3	-34	-61	-9	-7	9	-66	-10	29	-49	-57	-28	43	-26	92	52	-53	85	13	86	-95	30	9	-11	-37	14	-61	40	-57	-16	17	26	-77	15	-42	38	84	-15	18	5	60	-74	-58	89	-88	27	-99	57	-28	13	67	-72	-83	-54	-62	97	77	-52	-67	82	54	60	9	82	-12
43	83	-55	2	-6	58	-58	55	-60	-57	6	6	96	-33	57	-55	-13	-1	-17	69	4	84	80	12	-51	-15	45	-24	-29	-47	86	95	51	-59	-30	3	100	-72	-90	-59	13	81	-46	60	-33	-50	44	-75	14	-97	-6	-23	100	5	-31	-72	71	83	-63	-89	-59	-92	-9	41	-87	-68	-1	-21	-69	-9	-53	42	29	-90	-18	92	42	97	-28	-98	-60	84	72	45	-54	30	55	-71	-6	-82	-62	58	46	59	-59	-42	11	-15	-70	-2
99	-4	55	-50	39	-65	-43	95	98	74	-34	30	-38	16	70	62	-69	97	-28	-19	21	88	35	80	-60	57	-26	-73	-7	-9	13	2	52	-65	37	85	69	75	-65	-62	-82	98	8	58	83	95	57	52	-14	22	85	29	-89	95	-58	37	-77	76	-92	59	82	-39	-72	92	-5	14	-20	6	-35	83	-19	9	65	26	11	49	-73	88	-6	13	27	1	-77	-59	-72	92	37	49	-16	-15	-95	64	81	87	69	92	-72	72	1	-40
12	97	-65	11	33	38	-44	-39	50	47	13	-20	-47	-61	90	-80	-68	41	50	-78	47	82	67	45	50	-49	58	-90	-63	35	-54	-41	31	-34	49	-59	-65	-39	18	19	-17	0	43	45	27	-5	-26	7	-70	39	-46	96	24	-92	-91	-73	-16	68	-54	-21	71	-77	-53	-76	99	-43	65	94	-41	-27	57	84	13	34	-82	79	-5	82	-56	47	91	12	-72	75	-77	63	-42	-33	70	15	80	-100	-48	-58	44	4	64	6	-10	35
20	5	60	-74	-44	-46	99	70	-10	84	-62	100	21	-97	-58	10	-27	75	28	-67	-60	-46	-77	-13	84	-73	-4	55	-58	29	45	67	2	67	80	41	2	78	76	-92	58	-23	-71	-52	77	-16	77	-62	48	-94	-95	42	-47	32	-46	-72	74	68	-67	59	-26	74	26	-5	15	-44	-43	95	-80	-73	-13	-70	19	99	33	20	-88	-39	10	77	-14	94	-48	-18	80	-68	-3	59	42	97	-62	66	51	54	-5	32	-57	-22	48	-58
48	-97	70	-65	17	6	-83	25	85	-26	-14	57	80	-82	-66	-5	61	-30	83	50	-61	65	-78	-84	-44	54	-91	72	-59	43	75	61	70	46	-60	-71	-63	-7	71	-44	-27	65	-26	-98	-85	25	9	62	-88	14	60	-72	98	37	94	82	80	95	23	77	-47	81	-47	-58	-95	-79	42	-72	-66	32	29	42	-3	-94	-55	7	-58	39	-8	75	39	16	-6	-66	-91	-28	99	-80	93	44	91	83	22	42	-97	-42	-97	11	-77	54
31	-72	-50	-75	-73	-50	-21	-59	-62	-27	-63	4	60	-84	-1	-80	-58	37	-84	-17	84	-33	16	35	-4	50	77	83	-28	9	51	10	16	21	89	-34	-84	-33	-11	23	78	-91	-1	58	-53	-5	89	-6	-92	18	96	1	-84	-52	33	-66	5	1	-55	-58	61	-33	-58	-91	56	-53	-70	-54	-89	-33	81	-78	-71	65	-25	81	62	-65	-36	13	14	-45	-48	-16	-32	-38	44	25	82	63	78	9	40	-52	49	54	-76	-83	12	-8
-40	-8	70	43	91	10	40	32	-65	-40	54	33	32	-87	-51	-24	27	55	33	-43	30	-98	54	-4	-17	-58	-59	-4	86	-39	-26	62	85	75	20	65	-67	-90	-98	-23	-45	-70	-38	-70	-9	64	25	16	-66	11	-63	41	-21	79	48	0	-40	-69	-26	30	-3	20	57	-19	12	-83	-36	55	-52	57	14	-72	86	-14	-36	-6	-48	-33	24	-97	-56	-51	-8	57	65	-8	-82	-4	-3	-66	-58	-99	95	89	-57	-80	73	42	-24	-10
33	63	12	40	-50	12	51	-23	39	92	-3	55	-62	-31	-9	-11	-61	-37	-76	75	20	46	2	83	88	-60	-89	86	26	19	14	-16	79	77	16	21	81	68	9	-39	-7	91	-97	-18	89	27	-67	-23	78	-59	-36	78	-3	52	-80	-89	-58	18	69	30	-47	56	56	41	-53	-12	61	2	83	-53	35	-88	-42	-47	-5	-69	-82	51	72	-5	-68	79	80	-29	-55	-17	15	88	-64	-81	-14	38	5	-34	95	5	52	-78	66	53
-47	-4	45	-75	-77	-51	54	13	-92	-35	35	-77	100	-78	62	-35	-48	-15	17	68	-57	-5	-16	23	-18	37	-4	2	65	-100	97	-74	-22	-78	4	56	98	97	38	-99	63	-22	-71	2	61	57	16	60	36	76	11	7	40	-25	97	-6	-23	53	43	42	-96	63	-65	-54	60	80	34	25	-8	41	-86	21	10	-87	-29	-38	58	-52	-56	-31	39	-77	-95	28	60	-45	43	-98	-4	94	13	-11	60	-15	23	88	9	78	-52	38
-94	7	-29	36	-43	18	73	-68	-3	73	16	-33	-75	52	-39	2	71	69	62	-74	16	39	63	-35	13	3	52	58	-17	-60	-22	23	69	-32	76	71	64	-29	25	74	41	-10	49	-5	-3	-92	-66	-29	-58	-32	-98	-4	11	-14	-87	56	13	-73	91	24	-74	2	-50	23	24	77	-27	-31	70	-58	38	19	32	93	-50	-53	20	-8	88	-24	-39	-30	-22	-9	-21	82	-39	-24	-29	69	-58	14	-66	-53	48	-18	79	-52	-92	-34
-64	-89	-56	46	-53	99	-61	10	51	-88	18	-59	-47	-99	66	-53	14	79	94	91	5	-39	-14	29	-63	-86	2	-41	-23	-59	-98	-69	-38	31	-51	30	53	27	-72	0	-72	-89	-78	-78	-99	34	-22	33	50	-13	100	59	93	-11	94	-50	-2	-71	-55	-31	76	-89	4	15	97	-17	59	-66	-3	-62	15	-75	83	-14	-98	-30	-20	-33	10	19	23	-76	82	-65	62	98	-67	43	79	-11	-47	-90	99	-91	-76	-54	88	-1	-75	75
-93	28	88	-88	21	67	82	24	83	83	4	35	-93	96	-47	-74	-14	23	-35	-66	-23	-40	8	24	66	-38	50	-25	-91	80	-47	91	57	96	68	-66	-13	-27	-78	-69	56	-31	53	-65	-29	-95	-74	-70	72	69	-40	-50	60	63	83	81	-70	-77	-74	-67	-94	77	4	-67	-66	0	-48	-94	-36	93	-13	-81	-70	20	37	-68	-93	-12	39	-42	-10	-78	24	-25	50	-58	-100	13	70	-58	19	-34	-88	0	46	-1	-87	-54	-18	-18
91	-54	1	11	-6	-20	58	72	-8	62	32	60	25	24	12	46	-61	-62	21	54	70	21	-4	49	20	39	88	15	-58	24	-69	-85	-63	84	62	94	55	10	-94	-36	53	-20	99	-20	-24	-11	7	55	63	-7	-40	-78	-98	-31	-100	67	3	89	83	-43	98	-6	10	-92	-90	85	-85	64	-9	-84	-63	-62	-80	-43	37	42	9	63	-45	-72	-24	-37	28	-96	-47	-4	11	61	-52	31	26	-14	22	68	75	21	-81	41	-58	66
-11	22	-23	30	-66	34	66	51	-85	-11	25	-31	42	-11	66	-39	-88	38	-37	69	-88	77	-90	-28	-66	3	64	2	-60	-16	95	34	-82	-42	-28	31	57	56	-96	-32	7	37	-82	14	-36	-80	3	-2	90	-42	-64	29	-83	-52	92	-49	59	57	-54	29	13	34	7	-93	15	99	-69	85	-96	-79	96	-14	17	-30	-26	64	-34	-11	-8	86	-23	88	-12	-8	74	17	53	-70	19	66	-57	-68	-48	30	81	83	-62	80	-60	69
-51	59	16	-32	52	-3	-15	-13	-90	-38	46	17	-5	55	-64	92	-5	-32	-37	11	50	82	-23	99	-99	-34	4	-36	62	2	35	-18	50	-32	-77	39	37	-7	-15	-99	-97	49	69	49	-28	71	-97	-76	45	29	-34	-1	56	-88	58	64	-96	24	90	-14	-20	88	-16	62	66	-1	-56	28	-10	77	1	-20	27	-23	80	-33	27	-10	-61	-71	46	32	-63	19	-50	-51	82	-73	-21	94	88	-48	23	-83	51	-72	-58	-84	-66	49
61	-31	65	3	-15	72	56	-94	67	52	-46	-47	-66	37	-18	68	-76	-1	-15	88	39	80	-82	-80	-30	98	-26	77	24	44	-4	68	45	-33	-13	19	16	-61	54	-57	61	32	55	-94	-80	8	47	94	-68	-31	-31	-82	7	-43	-72	73	-51	-80	-49	37	38	26	34	63	-32	-61	-91	43	75	35	9	93	-41	-73	-79	-28	16	-90	61	-1	11	-19	26	0	4	76	54	-69	-87	-17	44	69	-63	81	30	-77	2	29	-90	61
83	25	78	-85	-31	-8	-20	-73	42	19	84	-54	-9	40	22	-58	89	-63	-46	0	47	73	-65	37	40	87	59	-94	-75	-8	-58	46	83	24	-3	1	40	-57	29	-21	54	44	-69	49	-61	-43	-76	29	-43	-55	29	-3	53	47	-89	41	-10	61	72	-13	-69	65	60	10	-95	-5	59	67	-7	36	-38	86	-90	2	-88	38	74	-7	-47	-66	-40	-10	73	-62	30	80	-96	-24	-78	43	67	-15	-15	31	-12	-70	10	35	-18	89
34	100	-94	71	-51	22	90	-17	-37	88	81	16	-67	-52	88	56	55	57	47	-72	-83	-62	-97	-70	-26	-25	15	93	8	25	38	90	27	48	57	60	-62	-29	86	-96	79	-6	-72	71	-61	54	-39	38	-79	-20	-37	46	84	64	33	23	3	38	-92	8	-28	31	13	-60	63	-55	74	-98	-22	-56	88	42	-16	54	12	5	70	88	-16	-93	-33	-14	-18	75	-80	-69	-38	7	-3	25	-18	18	-66	-74	7	24	-100	-13	26	5
-29	-96	-97	-1	15	-90	-65	-81	74	63	64	32	-6	-4	65	-59	-90	-71	-78	-33	68	-33	-24	47	-39	-18	-27	-47	17	-43	-62	-21	17	49	-14	52	-64	33	-50	-36	-39	38	-45	-83	72	-65	37	-16	-72	-37	-63	10	-87	-33	-15	-30	71	-96	-96	-44	83	75	-88	18	-71	32	-3	-83	70	-28	-89	-5	12	-81	34	-13	8	-70	-5	81	-67	84	-69	26	7	-94	85	-5	-36	44	29	93	2	-32	35	98	-52	72	45	61
-56	86	-78	81	-30	10	-83	-10	-78	-88	-83	57	-22	73	-99	-28	-19	-72	-93	77	74	73	-87	-81	-87	-18	-83	57	-86	39	40	-40	-56	2	26	97	-13	-31	87	86	-96	-10	-52	-87	-80	-20	-5	54	-75	-14	-11	27	79	91	-64	-89	99	95	-48	-45	87	-91	-17	61	92	-96	64	-29	-59	1	-93	-60	-18	-66	96	84	-53	43	-87	1	57	-59	97	69	-92	45	0	-32	37	-89	-60	-72	92	93	-35	-75	38	53	57	-86
-57	-66	-92	-82	-59	33	88	100	63	-76	-93	-83	-55	-59	-59	74	75	-58	-98	19	-94	24	26	73	-24	-67	38	61	-49	1	14	47	14	-96	-11	-69	36	-78	75	36	-46	-32	67	67	76	-90	-4	35	-44	63	-35	0	3	87	94	77	-71	-46	-13	80	51	97	-1	-12	92	-94	52	-58	26	64	-31	71	21	43	-33	28	91	-56	-96	39	86	44	-31	9	-7	-37	-39	86	84	-59	90	85	56	49	23	49	-28	-57	35	85
40	51	-1	59	-53	69	29	100	-78	21	-90	-22	21	-87	-68	37	-64	41	18	33	-11	61	33	52	-63	-57	-69	69	-39	11	10	-83	67	74	40	64	90	20	-45	95	84	47	-41	-74	-8	-95	5	-80	-30	-30	-68	-38	-85	-74	-48	80	15	-50	-60	-27	42	-26	-44	-90	-14	29	44	-62	-49	-99	-51	11	15	65	18	-75	21	44	-97	31	-61	37	55	13	95	-24	-63	96	79	43	-24	82	49	78	63	-31	-70	15	-91	-97
42	58	-34	77	90	13	3	95	55	-59	-25	7	20	-79	-16	-43	76	-21	50	96	-69	-18	-91	47	-85	-55	-32	42	-91	-63	32	14	-3	-42	-56	65	-65	-83	24	-87	-12	39	71	95	83	-17	43	95	-10	43	86	-7	-91	-85	45	-99	-61	-21	-100	38	-11	86	-49	-26	-52	97	31	-69	65	-42	14	68	-17	-4	-52	-32	1	-64	-3	-77	10	33	-53	90	19	9	99	-85	-54	-53	15	6	78	93	-18	-92	-68	-96	48	84
-92	-32	-86	78	-88	-74	-42	-14	-88	-64	61	-99	73	4	13	93	-69	-27	53	-88	-53	-69	-13	17	-19	-25	32	-51	53	-13	3	-12	97	20	92	-24	52	-45	82	-86	42	-17	-97	4	-72	14	54	44	-32	-65	63	31	51	-43	-52	-3	-43	39	-6	-43	46	90	98	15	61	-4	39	49	27	-38	-60	-28	-46	57	33	-3	-96	-98	-92	49	39	-93	18	96	-15	-31	-8	-7	85	-59	16	85	-13	5	-35	-47	10	-2	7	-65
-5	-83	79	-52	43	-34	-95	-15	10	-6	-93	-11	27	21	-54	69	70	-86	-54	-22	2	17	40	76	-18	-43	-45	59	-76	-61	36	50	-22	67	66	-52	-57	-90	11	65	45	-61	-12	16	-53	-85	0	10	-69	-95	82	6	50	-9	-46	42	-12	63	93	91	20	-32	-77	-66	85	98	-68	81	92	12	-60	47	31	-10	81	-21	-74	-48	0	-91	-65	16	-94	-87	-24	45	-68	34	16	83	-27	28	-13	60	26	-20	88	12	20	16
-89	-14	63	42	25	-6	-26	95	-91	-49	-61	-97	-11	18	-5	-54	-27	-89	-61	87	-70	26	-26	-86	-80	37	-7	79	22	47	-87	-10	-44	61	-43	-46	-82	-83	-93	95	44	61	98	10	72	-29	-89	-53	83	10	25	-89	-73	-28	0	-50	-34	47	66	2	32	10	6	70	-7	-27	43	-54	2	-82	-47	60	27	42	51	-35	70	60	87	-50	-83	36	77	46	54	-17	0	-16	-81	-86	-88	13	20	20	-18	49	77	30	59	81
-34	21	29	-65	44	-80	92	31	62	-94	-78	13	-67	-98	13	-2	-17	99	-4	76	-91	-20	80	-19	30	-95	78	10	53	-30	28	47	72	64	93	83	34	0	32	-25	98	-67	-63	-47	65	-94	-97	-65	52	-23	50	72	-42	-27	-20	-28	-93	-59	17	-55	-67	0	94	-57	-19	76	38	94	-82	18	96	-96	-51	68	-61	-66	80	63	75	-6	-48	-88	48	-77	40	27	9	39	35	68	-43	40	97	61	85	74	-55	29	67	44
82	92	6	-8	20	42	-37	99	-96	17	72	27	-9	-78	-35	95	83	94	-61	48	-93	20	83	-67	0	-94	66	-44	-91	-24	-87	-6	76	93	73	-5	-82	59	11	-2	49	54	71	-1	81	-60	-85	62	-42	-79	7	34	90	99	85	66	-89	13	-100	71	-27	-84	5	-87	-44	32	-2	43	38	30	-31	-28	89	-33	15	-27	48	-4	-62	76	-12	59	-46	59	13	-22	18	-54	62	-95	82	-98	85	88	-82	53	52	-38	56	18
49	-3	-23	83	98	-95	69	-97	-54	-61	-13	22	-24	-47	30	79	27	44	41	93	96	84	-30	-88	70	-5	29	79	94	-18	87	-20	-43	-70	66	-69	70	4	-75	17	-5	33	72	-42	-30	29	32	81	-25	-14	-24	-79	59	-40	25	-2	-35	12	12	36	51	-42	-45	-37	-8	-29	60	78	-24	81	-41	56	-90	21	20	-55	-59	71	77	47	8	0	46	-22	-38	-88	-33	99	78	-36	99	-48	90	-50	6	69	17	-80	15	42
71	-70	-13	78	-56	-42	-35	-48	-83	-26	-84	35	-92	98	98	-62	-49	-76	13	21	-82	-20	-53	-49	-34	6	67	97	79	-74	-19	37	-28	27	-5	99	-58	-42	-23	-15	56	14	8	-91	-24	35	-67	-29	42	-17	81	32	33	-98	21	83	75	-72	7	57	20	46	4	-100	-47	-6	-67	64	52	18	78	-4	-31	93	11	1	-7	16	89	-67	18	6	10	-98	51	25	62	-51	-74	37	-63	73	24	12	47	-84	25	-21	22	83
-71	68	8	-1	-43	47	-58	94	-64	-68	100	4	-98	79	75	-47	53	-70	42	-65	-86	22	-60	45	-89	12	30	-12	68	1	-100	100	27	92	-24	54	19	-60	12	0	-43	-45	-100	39	28	-58	-42	66	-14	85	-42	-37	32	13	-81	46	28	9	97	-70	8	62	-43	-88	-86	-4	79	-55	-81	-78	-76	20	-12	-7	-91	69	-2	-46	-42	40	81	58	-24	84	-94	-23	-23	-58	-29	-61	19	63	-65	-75	-60	-87	-17	-67	-12	10
-1	-36	-19	-60	-43	21	-21	-7	81	-81	52	52	-87	97	-91	-18	72	-22	25	-55	10	77	64	-96	22	41	43	51	-88	4	89	-16	34	-22	-97	-87	64	-3	-81	-27	58	-79	94	84	-74	-51	6	96	-36	63	-87	-32	-2	-23	-37	-40	-84	93	-24	-63	-64	91	6	-26	-99	55	98	77	-68	60	-39	-51	46	-95	9	-75	88	29	32	-2	-84	24	0	-47	93	2	37	-7	-31	60	-10	-87	90	-19	-95	-6	75	96	-56	25
41	-37	66	-26	-44	49	82	-30	6	-14	-98	-10	2	-98	51	70	-50	45	-97	96	67	-97	-8	45	-34	-37	22	12	22	-38	59	86	82	-61	-55	-56	-21	-92	-41	-95	24	17	-69	-60	-67	56	8	83	20	81	-58	33	16	-43	-25	24	-72	22	-73	-83	-21	27	10	93	-57	36	-77	1	19	50	55	9	84	-23	9	-71	-40	-8	-57	-71	60	-60	32	-90	96	-12	17	-24	-48	97	57	22	45	-68	59	-92	-76	-79	-72	-56
-34	-2	-3	4	-79	-54	-84	-15	-57	-52	83	11	10	80	-24	-72	77	-56	39	-74	-70	55	27	-39	43	-90	-11	-87	-81	-55	-80	-99	-31	-46	-49	18	11	-49	51	-85	72	-2	96	11	-73	34	38	-92	-20	56	45	-47	71	94	8	68	55	-2	71	37	22	-34	-2	-59	79	-34	1	42	47	-1	8	88	58	3	-16	-86	71	-76	-74	8	42	35	-71	-30	53	29	-30	-40	50	-94	-19	-60	-86	-71	54	73	-45	-52	31	-24
4	-18	76	7	-11	-66	-44	-74	78	-14	9	-94	7	18	-56	-43	-45	-33	-43	100	-100	21	-91	-35	10	-22	-3	-77	-50	-34	61	-97	17	-52	-71	-31	75	39	-36	4	73	-67	14	27	85	28	65	-96	-50	99	-77	68	-41	-6	-44	63	6	72	85	46	-64	100	98	-93	-70	85	89	-36	-11	82	76	56	12	-20	-23	72	-68	-24	-61	-46	4	30	-43	72	98	40	-79	-71	29	72	30	-97	-29	95	36	-42	85	-98	22	-99
10	61	-73	-82	89	-76	-41	84	3	-11	4	30	-51	56	13	80	-57	10	-32	70	-35	89	-48	3	56	29	-75	95	60	61	71	53	20	-78	-82	-32	40	39	97	-31	-39	-30	32	39	-25	-20	69	82	80	-67	-88	38	53	-35	-29	-85	21	50	64	-8	-3	95	-42	58	-19	0	63	-57	48	100	-88	16	-15	31	34	-1	100	-3	-66	31	-51	-37	-61	-12	-30	68	86	16	99	70	-52	93	17	14	55	88	90	45	69	-35
-7	26	-54	83	39	47	-29	86	4	8	100	43	-10	-52	26	-86	-2	-95	-29	-22	-12	-70	-46	-1	81	-22	36	4	34	-64	-87	-60	-9	84	46	-14	33	32	31	-6	36	-94	79	-69	-75	51	94	29	-97	-68	-13	-42	30	80	12	-10	-5	34	-81	-77	-72	-92	-78	-50	92	-37	-61	63	65	-73	-58	11	-8	81	-80	-87	52	-12	59	-85	-77	-81	-97	-29	40	-47	-40	-15	83	89	70	-1	-44	35	-68	-24	18	-64	-51	-95
45	-88	67	39	-40	63	-8	-47	100	-1	39	-26	98	94	-47	79	65	57	35	7	-24	-5	-60	60	36	-51	37	-73	-11	-75	59	9	-38	-49	18	-67	30	-29	70	-79	-17	-100	14	90	-26	62	66	58	-55	47	-3	-84	38	-53	-91	-61	-81	51	61	25	65	84	29	3	-25	-20	5	34	48	45	92	77	-68	35	27	-43	-68	-91	-80	53	-84	-64	-27	-94	-35	30	75	-33	-2	73	82	-79	34	33	-24	27	21	81	-21	-90
10	-43	38	66	53	-6	-84	-6	-81	89	-65	53	0	72	-36	-75	-19	-33	93	-74	68	-17	-33	5	-90	-11	-74	64	-1	-54	31	-22	-26	46	63	-60	-32	97	33	-31	-96	1	83	-18	27	-2	-31	55	-84	88	49	-72	-25	59	10	65	-77	65	-48	-84	51	0	10	-97	30	97	-34	-60	-5	39	-30	57	95	74	90	-53	-80	12	46	18	-15	47	35	87	57	-64	-81	91	5	2	-93	-91	-91	72	-54	57	-9	-73	-49	41
15	-45	9	30	72	85	45	56	-68	-21	-43	25	-84	71	-6	3	2	2	94	34	-83	94	40	-50	-12	65	59	-11	53	52	25	-37	75	3	-40	80	-12	6	17	-11	-16	-33	-38	52	-3	9	-32	-61	81	-23	-27	-85	13	-90	-54	58	-78	29	34	79	35	86	61	-67	-75	67	-87	-76	91	-38	-46	21	67	4	94	85	12	-82	74	-41	23	23	-45	-26	-31	-53	-56	97	55	9	11	-18	-85	49	-71	-68	10	-9	70	84
97	-94	67	77	70	76	12	50	-72	-41	-53	-81	-1	88	18	-93	28	25	-41	32	95	47	38	37	3	27	60	50	65	-31	-3	0	-27	29	-38	-3	78	78	9	37	-66	68	44	15	24	27	-30	32	-24	59	-44	-89	45	32	-37	-76	-3	73	-21	83	-100	8	-70	-9	54	25	29	55	-90	100	-74	-46	-56	63	67	-48	12	-33	35	-44	-68	-79	70	-56	54	27	18	-48	64	72	20	-45	27	-77	57	-17	81	38	90	72
-5	-52	66	5	-18	-55	71	-51	58	-2	10	77	65	52	20	58	-97	-97	49	-68	71	47	80	-58	-37	-47	35	2	19	-89	48	-29	-24	22	64	11	-24	-56	69	23	21	32	77	-71	-4	42	62	-87	99	0	9	20	67	21	78	-85	-97	95	9	25	-54	18	-54	92	83	97	52	15	-76	9	65	91	-97	98	-87	9	-38	53	-14	11	-84	44	-41	92	-61	-41	-40	21	-35	-90	28	40	-54	-73	80	-86	-89	4	73	93
7	11	-72	36	9	-74	-25	-91	32	43	9	-84	2	-45	0	42	82	8	52	88	-88	-58	58	-99	-83	-79	5	-5	-81	-24	-9	55	-79	95	-6	7	-31	41	88	61	-48	36	35	67	-41	31	4	6	-57	15	-77	-83	-47	39	55	-97	13	-55	-28	70	-73	-7	-90	38	-53	-97	32	-18	38	36	70	3	41	55	23	32	-71	18	45	42	9	-23	-57	-65	54	-25	73	-48	86	-55	-7	24	-24	23	29	48	-3	-77	66	-37
93	-68	2	55	-3	-3	-95	-71	-97	-10	80	61	-19	73	5	86	7	-73	11	51	58	2	42	-62	-20	-14	-41	-80	7	70	100	-95	52	65	93	-60	42	-68	-5	-15	76	-9	84	76	87	72	93	74	90	39	-53	24	-18	-25	41	69	78	25	-52	-14	-18	-7	5	-11	28	84	94	-74	-82	-3	9	-76	6	18	-35	75	-5	-97	23	64	65	-28	86	45	-70	74	-2	-53	-62	59	-83	-85	70	23	22	81	20	40	59	99
19	34	11	34	32	46	-32	72	61	39	-80	-21	-64	13	-33	76	86	62	67	0	-55	4	-90	-53	-68	31	-74	-84	15	93	65	69	-2	49	-17	87	59	-82	20	-30	75	3	-59	89	-83	-62	-88	-26	90	-78	-38	26	84	98	-52	92	96	-52	-9	42	-18	-26	-77	49	71	-28	-94	-72	95	-66	-12	78	8	77	58	57	25	-31	77	-18	-50	1	-18	-52	65	-48	-38	-3	11	-23	18	-18	77	-23	-49	-96	35	72	85	-88
