-66	76	20	-95	78	83	-90	-42	84	34	90	-45	65	100	-79	-36	-39	59	-58	-78	-73	-57	19	-14	-10	-13	69	-56	38	-34	86	72	34	-15	6	50	-6	33	24	-100	27	-12	-5	16	1	33	78	46	21	-92	-10	-13	-83	-59	66	78	-92	-32	-14	82	-55	58	66	57	-34	-66	59	63	-79	-84	-71	-22	-55	7	-81	89	64	82	73	-62	-53	-88	19	58	94	34	64	-90	-28	-10	54	-39	83	17	-77	84	-65	-90	-79	-43
-29	-52	50	-50	31	8	-75	10	-10	-60	-19	69	-1	-89	16	-21	100	-6	-53	-10	47	-91	65	-94	88	-58	-19	-91	62	29	-65	84	-61	-24	-23	14	-11	24	-48	53	-80	21	-61	-29	-60	-32	-73	33	-72	24	41	18	56	92	-19	-16	-26	57	-22	-57	4	82	-28	-59	-18	-31	16	0	-14	-28	15	74	57	79	-84	74	89	76	-44	21	-54	35	42	21	26	-13	-16	-15	88	7	86	-86	34	72	75	-34	17	-61	-24	40
-8	-77	44	-70	57	49	76	61	100	-65	50	-63	-11	37	-79	-53	-74	54	-7	60	13	-83	-67	28	29	37	15	60	15	59	94	-83	-97	-59	-48	63	-36	-75	90	97	97	46	94	-9	-47	-50	16	86	41	42	15	77	88	-94	50	64	-9	97	84	14	-74	-29	75	-68	22	87	16	-96	-9	44	11	-91	100	-9	-55	-87	-48	79	83	36	-31	88	5	53	-12	-74	11	-7	-76	5	-29	-35	-48	-15	-80	97	90	87	78	37
-84	31	-91	-80	45	95	-76	85	-79	8	-43	6	-9	-78	-57	82	-12	46	37	-83	-93	-77	-76	96	65	0	-73	-65	-12	49	-38	-28	35	59	64	-49	-34	-53	-87	98	-7	-21	100	-27	-61	-32	-20	85	-60	-33	70	6	-43	42	-6	95	14	-56	30	-52	62	53	-9	46	-84	49	-41	40	25	48	27	45	-16	60	73	90	3	46	4	-63	16	-55	-85	-99	27	92	-84	0	-15	-42	16	31	-79	57	5	76	83	-15	-47	41
0	-95	18	-100	100	77	55	-9	-23	-99	-60	-17	56	46	-35	74	37	-33	-52	12	65	46	34	-54	-1	-44	-84	-41	-14	80	83	74	68	26	-97	2	-78	-61	-17	-80	72	-74	-44	-26	-4	1	16	5	-97	-72	-54	-25	99	99	-91	19	28	60	28	29	-96	63	-80	-74	35	7	57	96	-90	7	-27	-52	28	23	-1	58	-86	44	58	22	-34	-54	79	33	50	52	23	42	-78	-34	-1	-43	74	98	37	75	-100	-64	-19	-60
-18	-64	-29	-88	-51	41	-7	-45	-27	-79	-81	81	-4	-82	10	-73	-27	-43	44	-65	51	34	59	-77	86	12	14	98	65	38	-32	-17	-42	71	78	52	97	20	-40	41	26	-49	36	-1	-73	52	-81	21	-47	-48	61	-88	48	-13	-70	-34	-87	-82	33	-6	72	-37	80	70	-71	-81	-1	-49	-66	69	-95	-90	52	-92	-37	32	30	99	-47	-97	31	56	76	-88	38	69	-83	-74	23	2	-95	50	-35	35	38	91	-72	-82	67	4
20	-30	-7	-15	-70	-64	49	33	-1	64	14	-68	72	-20	-63	-98	75	-54	-9	74	14	34	61	-91	57	64	-45	73	9	-65	-88	-77	-52	-78	52	-10	-32	-90	-37	-58	16	30	0	-45	-37	0	-10	-72	-30	86	10	76	-5	97	95	63	-88	-60	23	77	-90	-44	-2	-90	43	-91	79	-4	-22	89	-60	60	18	-72	-70	70	-95	18	-30	-72	-93	3	83	34	95	6	91	86	-79	-35	-78	-87	94	-14	-97	-81	92	68	2	-69
-69	81	21	27	-70	-53	-3	-30	95	-94	81	-53	49	-9	-66	12	-46	-50	42	-86	-33	-25	-36	-69	-59	24	28	-30	-39	-51	100	-60	-5	37	77	-26	3	-21	76	-70	-74	68	33	9	-6	-96	49	23	82	-65	-50	60	67	9	36	46	-49	21	70	-42	-74	-60	-73	19	18	-91	64	-52	-71	26	47	-31	-87	-9	-46	-9	-16	-35	14	-41	95	29	-48	-56	18	-42	-64	69	-70	8	85	-85	-12	30	-4	59	-88	-54	-27	-92
-39	-43	88	55	-91	-7	-30	-41	-97	46	26	30	21	-65	10	35	-96	-29	-34	78	93	41	44	-61	-52	71	25	48	-52	-91	31	-82	-85	-66	77	56	16	-60	16	-26	-15	-97	10	-51	51	12	-45	-45	-13	-62	26	9	21	44	39	-63	39	41	-79	-92	64	98	-17	-7	82	72	79	-74	77	82	-75	-17	-20	42	-69	-64	52	71	89	11	27	-54	-66	58	-23	67	60	-56	-89	65	-55	-79	-89	-71	-87	10	99	56	-89	-18
6	55	67	26	-8	8	17	-59	28	-70	73	0	18	46	87	-22	33	35	65	-99	-9	-47	94	87	-96	49	20	-88	99	-73	24	86	63	18	45	-96	-57	54	47	-86	6	-2	-7	-56	-93	-54	-28	-8	66	52	-73	-54	46	64	-97	-45	70	-74	0	-9	-77	-15	-28	83	45	3	69	-57	-91	-8	-79	23	-95	72	-10	58	43	0	-69	87	-35	28	-37	99	-48	-51	40	64	95	57	79	-25	42	-9	31	20	22	77	0	79
-87	-11	-35	73	75	-88	15	-60	-98	66	-71	95	-5	85	37	-94	6	-44	-21	-48	6	-29	-37	48	-54	24	-77	59	67	85	-48	14	39	13	-31	-38	-74	-78	77	98	-30	66	-23	-49	85	11	12	100	30	-81	-65	79	-14	27	-8	-78	99	-44	5	96	14	33	-62	2	-35	62	-10	75	88	16	-57	90	35	-43	-22	99	-54	40	68	20	4	-79	-28	-69	5	77	-53	48	-54	63	-11	55	10	95	76	-94	42	34	16	10
-32	11	-21	3	84	93	73	9	-89	21	-27	81	-1	11	86	-47	-91	-97	-72	-71	-21	54	86	89	24	-20	53	60	51	69	-87	62	-51	50	-22	-78	-39	23	21	-32	44	-95	90	49	-5	46	-83	90	48	-63	-15	-71	-5	-67	-38	-42	31	46	97	-38	34	-41	81	52	29	-81	-55	-45	89	83	69	-38	-95	29	61	81	-6	-68	63	-81	-85	15	45	47	-25	27	-11	-28	69	7	70	-30	-29	-43	-64	-32	-38	33	18	-73
64	5	-83	-58	55	-80	9	36	-82	-69	62	11	-5	-56	-99	-46	5	85	-92	60	-1	67	82	96	88	-14	20	-18	39	-70	-37	-97	-98	-36	100	-26	77	-80	3	-21	35	29	-67	44	90	-71	-77	43	-42	-100	24	97	-14	94	38	41	-41	-20	26	-54	6	15	-23	-13	-20	-67	-68	-83	-12	54	98	-63	56	23	45	98	-72	80	-27	41	8	-76	-15	-80	-45	29	-56	42	-64	50	-82	39	77	-98	-86	-86	30	70	-13	64
10	-71	55	33	-5	-81	85	-84	77	-10	-85	73	-26	17	-1	31	-58	89	9	37	6	22	43	-92	57	-87	-20	22	9	-90	24	-88	64	12	-70	79	-96	-62	64	-31	-6	19	-58	19	-31	3	-1	91	22	95	79	35	11	-12	-85	87	-72	-90	-29	-36	49	-51	35	-56	-65	-57	-12	-3	10	99	81	62	-52	-57	57	54	64	88	-2	28	6	15	-17	-1	-92	66	-63	-2	-70	77	98	20	6	-84	56	-61	-35	-87	70	-20
-29	20	15	-26	-78	-12	38	14	44	62	35	84	-54	-35	-23	-67	-97	-10	-31	-66	4	-51	-79	-68	80	54	52	17	26	-77	-11	-53	36	-2	41	77	-39	61	14	90	73	23	-76	44	16	-73	-84	56	-53	-41	-82	-18	-26	39	-40	-31	-96	-91	36	63	13	30	-70	-7	-4	85	90	-50	21	-14	-80	-54	-69	19	93	100	-14	71	-24	35	39	-31	-86	68	53	97	-19	17	-32	64	-64	38	-67	-97	-26	35	66	85	-50	-41
-61	38	-58	-46	-44	-82	85	-75	86	-45	26	6	15	-75	52	-55	-41	7	92	99	91	-28	-90	-69	77	16	-11	25	12	34	-48	-72	-55	-6	-83	35	-73	15	25	-45	-61	46	-41	-39	-48	100	95	-30	-51	-2	-20	-42	38	-5	96	1	37	-3	-42	13	77	31	-47	-46	99	-40	31	21	-59	-26	-63	-11	88	82	93	-6	-83	-44	52	-71	-69	54	-89	80	21	4	77	-55	-14	-76	-43	41	71	22	73	21	-65	54	-17	51
83	18	-8	-39	4	0	-58	-39	-36	-7	-87	-100	-10	-9	34	75	24	81	-11	-47	0	93	11	19	81	42	-54	-39	-15	-79	27	-7	-99	-86	-100	33	37	-26	31	-23	49	41	-85	58	-32	52	-86	58	-58	-95	-40	-23	-67	-99	85	52	2	73	81	-43	68	-72	20	66	-40	-4	80	65	-46	-8	-78	-13	100	-31	-24	34	10	39	-52	-47	-23	62	-55	30	-57	-9	-29	16	88	-58	-16	-71	-10	-54	33	24	-45	44	31	-12
-31	-52	-2	-6	16	-14	-67	-40	-51	94	85	-23	-66	-84	25	-76	80	18	24	3	41	-16	41	-68	42	85	-48	8	-94	79	-7	87	5	90	69	-85	42	61	63	89	-32	-76	-72	-60	93	-78	-53	-35	-42	52	-60	-8	72	87	-82	-60	17	51	84	-87	-6	47	-46	-19	-28	38	4	-47	-96	-32	94	-56	16	-63	-30	39	20	13	-14	40	-5	85	-2	-77	-88	0	38	23	49	95	-42	51	-1	-4	53	3	95	73	-45	-59
-66	-53	-81	43	-34	37	-34	-17	83	78	-78	-63	-16	-82	81	58	82	66	34	-52	-24	17	78	9	-64	43	-91	37	81	-55	5	10	-5	62	37	-29	-7	57	60	-52	63	-13	-74	-45	-95	-77	-14	-12	-21	27	-28	7	-44	88	55	15	9	40	78	-24	-4	70	1	83	-72	42	2	-84	-45	-27	97	-62	93	-57	-22	57	-41	-8	3	-5	23	-26	72	55	52	-81	61	47	48	-23	81	74	-54	26	-82	12	-98	-10	65	1
87	-34	75	-23	-35	-15	100	-70	48	-87	-35	83	77	-46	-67	38	-16	81	49	-33	-51	-47	-30	85	5	-39	-16	-87	-15	-91	-28	-31	79	-18	-19	93	-52	49	79	-14	-68	82	-67	65	99	0	-58	-8	-69	80	-68	32	-5	-53	-93	-15	-97	-90	-75	74	22	-98	44	-81	99	46	47	31	-7	65	8	-20	34	-91	-45	39	-40	-18	-95	-19	-70	54	93	-57	-31	97	-81	-27	41	-55	-62	-90	-70	54	14	44	-58	62	8	19
-23	-50	53	-86	94	94	-81	80	67	-89	17	-6	-15	51	41	43	16	-66	-6	34	-8	33	88	-75	74	53	23	72	-87	-64	-38	-53	-63	-44	-57	-12	-17	-88	11	-75	-36	-92	82	67	21	75	77	19	-39	77	-10	-29	-16	-80	58	-54	-11	-22	37	61	85	24	59	-24	-97	-12	-42	-29	-5	85	-46	99	-89	72	72	31	2	-22	73	83	80	-56	-44	100	20	-56	-38	41	-4	20	-56	85	-7	36	81	40	-13	-41	11	-46
87	-65	-11	-18	27	-89	-95	-14	82	-32	-88	16	-39	-78	55	62	-97	-18	-99	61	53	-90	28	0	-1	95	90	-3	-98	-8	-79	-68	-84	35	-14	17	-83	-47	10	49	-30	-52	-95	-89	28	-16	-61	21	57	-50	-95	-91	33	-26	-44	34	72	8	81	-8	26	53	-69	69	43	-92	23	-3	62	-67	73	92	-10	-15	-86	67	-34	-37	-87	70	20	78	-57	-3	6	99	-29	7	76	33	-5	-18	69	-30	42	-54	33	46	98	-100
-2	-83	-9	-66	-5	65	76	-90	55	-32	17	10	-5	-94	-30	30	-4	13	-8	35	48	-7	27	-51	-69	-18	-20	11	16	-98	-87	-86	13	28	-79	21	-91	32	100	-90	21	-85	-50	91	-42	-26	-68	68	71	-5	-20	-36	79	-75	-14	-39	-40	-45	-88	-100	-27	17	-9	71	19	18	-29	-24	-22	26	92	-87	-80	65	72	-24	32	-99	-97	51	-34	-66	33	-93	40	46	-4	-46	78	1	-58	57	75	3	-84	11	60	17	-20	-79
-62	-20	96	-94	-23	-34	-70	-82	-35	-39	49	73	-63	22	19	97	35	39	-82	18	-12	-6	39	-1	23	-29	25	-14	-98	-95	17	-49	-43	-76	84	43	43	22	-35	-31	-87	-88	90	94	4	-30	18	-100	83	99	12	-30	-26	23	-27	37	-79	-87	97	-62	33	-35	71	-26	-79	-40	-72	83	29	90	-94	9	-89	72	51	-62	17	-42	-47	-88	45	-28	-91	82	93	-9	-73	67	6	85	-96	-67	-18	-32	-28	0	11	-92	85	18
88	-38	58	-64	-91	-5	-73	11	28	5	7	-74	-91	46	82	-63	10	97	97	2	-16	15	23	-100	80	-19	4	-46	-93	-53	-50	-9	-23	12	-30	-28	45	-50	-85	45	-97	-60	21	7	80	94	-18	-24	41	22	-88	9	57	50	-82	76	79	-19	-24	38	37	38	-33	70	-26	19	-48	-57	-22	56	-85	13	-27	-55	10	86	-63	65	-13	-88	47	7	23	-46	-71	-96	-9	-74	63	-92	-49	93	-98	-74	-40	-98	50	-42	-22	10
89	31	-90	-76	-86	41	-11	-97	18	11	-92	-84	-37	-35	-68	87	27	-51	-96	59	-32	-94	-22	-16	-57	33	84	-2	73	-3	70	75	-73	-30	-1	-88	0	1	-97	-96	90	-77	-42	55	96	90	-57	-8	-77	-84	-71	-53	-86	-49	75	5	-83	13	-77	-25	86	58	4	42	-26	73	11	49	69	42	-8	-39	-53	73	13	50	-3	27	-77	88	33	95	-88	-60	36	-8	-80	-69	-87	1	-45	7	79	25	-15	-73	-23	-85	-69	-3
28	-69	-16	53	-82	-3	50	-99	-17	-55	87	25	-61	-84	82	-84	-87	-64	71	62	-75	87	92	-12	-78	-29	99	-30	29	-79	-8	-99	17	17	-44	29	23	-4	69	15	55	-38	70	43	85	-56	48	-94	50	17	-98	-36	5	4	-69	-58	3	-38	58	10	-41	29	-13	4	-36	18	-7	-69	-87	40	39	-21	93	-28	-93	-3	99	66	57	-8	-75	-33	89	35	-98	-10	47	55	48	72	-46	-98	-65	-68	5	23	84	73	-73	-60
-30	-64	-96	-59	87	7	45	8	48	77	14	78	21	9	63	-88	63	-27	-42	62	64	-38	-43	41	-48	-72	-4	-11	-26	100	-12	14	11	90	-44	73	17	-72	41	-83	63	98	-100	20	31	-22	-52	73	1	-5	-25	-95	-89	-74	13	13	-47	-95	-95	0	5	-73	-28	37	39	-50	46	78	4	71	88	90	-91	62	-89	91	56	5	-32	36	-94	20	-49	31	-59	75	-18	6	81	40	47	73	-40	-61	-83	27	19	80	93	-16
-87	42	23	-11	0	44	-54	62	-37	-50	90	12	-5	-85	-23	23	3	70	-94	-43	93	-82	-37	20	55	-79	62	-89	40	-9	63	58	-56	47	30	54	59	66	-12	-41	98	48	56	4	94	40	3	-58	-80	-63	1	-52	30	-9	93	89	-98	-27	57	66	-5	76	21	1	-63	81	-61	-22	70	-51	-35	50	95	-67	33	-16	15	78	-94	-86	-19	-66	34	32	19	-9	56	66	-4	-41	53	40	5	-65	37	80	91	-17	-21	-28
-28	-14	37	52	59	-73	75	10	74	19	-76	23	-44	-67	-28	13	-71	-76	-2	-59	-19	86	86	76	87	79	-26	-89	-95	-82	-64	71	-40	-41	50	49	-7	-64	67	-81	-92	27	-2	-29	9	-14	-51	-48	73	33	95	46	-58	-72	85	34	-86	39	39	-63	46	40	-75	-25	-1	3	-41	-78	59	-43	86	95	-81	-50	-100	67	21	13	-89	-79	42	76	68	59	16	67	21	92	-20	-8	-7	-4	99	36	20	72	-87	89	-86	44
42	-59	-45	73	-62	-65	37	-19	-4	-4	48	-59	37	-49	-11	-86	42	-85	21	92	-85	-94	-12	-77	-98	-53	57	-83	51	-39	61	-54	-18	70	94	-48	-81	35	90	-7	-40	98	-92	25	-100	-76	-99	-88	49	49	-84	-48	-46	-37	23	-19	19	78	-25	-59	-46	8	-71	23	48	47	88	39	64	38	-51	-65	50	-35	-63	-78	-35	-55	-11	-72	82	27	-25	1	-42	-53	-61	18	25	26	-2	-70	-55	-77	-65	-79	-27	83	-95	-65
-54	-78	40	-8	-92	-54	-20	-100	62	-3	49	-65	88	43	-99	-63	-20	-36	84	51	-70	65	-58	80	50	-35	12	-36	-88	52	-92	3	69	2	9	19	6	34	42	70	42	-94	94	16	-64	-77	-19	-33	-19	-94	59	-90	49	90	3	-42	-21	-91	79	-16	79	68	-40	56	66	92	79	-11	-90	9	-20	-43	-49	-47	67	22	25	-85	94	57	20	-15	18	29	-64	41	-37	76	-22	5	69	-95	42	33	57	48	-8	-32	37	10
43	-44	13	-99	37	85	49	-16	41	47	-85	9	-12	13	-76	83	-88	-24	-61	-59	-64	-7	64	-17	-34	29	65	-38	46	61	-12	-80	-21	-70	53	2	40	4	-42	-96	-89	-42	5	-63	8	50	91	83	73	83	-38	64	51	-84	-5	-99	-36	39	39	-45	96	74	-8	-30	41	80	-25	2	-28	37	89	97	65	-93	98	80	0	59	85	-96	94	-13	86	-33	98	49	-58	-15	-12	3	85	-56	-24	-61	-2	-76	5	29	7	96
-84	22	44	27	-42	10	24	-80	5	32	-51	-28	30	-14	88	48	26	78	-97	3	91	11	-17	32	78	6	-34	31	-1	28	-61	-5	-50	31	52	53	42	-42	75	18	51	48	14	-43	88	75	-25	99	-69	-96	94	-71	91	32	-68	51	-14	-57	-6	43	-63	61	85	-7	-87	52	86	40	-99	93	-77	10	-27	21	42	-41	24	-41	-39	11	-49	-5	-63	-6	-99	20	68	15	86	100	-83	89	36	-82	-71	36	65	46	88	3
27	54	-14	-21	63	-19	-95	-34	-37	89	89	-3	-62	-15	32	75	75	-22	-44	17	-60	79	-95	63	30	-46	22	-13	28	5	36	86	-21	36	-66	79	-55	-71	-40	-69	-33	-57	-14	84	66	95	17	50	91	64	-36	44	-13	-26	-20	14	80	-78	-18	-3	49	-34	-4	-92	16	26	33	82	-22	87	33	85	20	76	60	-51	16	39	69	-67	43	63	45	67	-82	-58	82	-100	96	33	-29	83	60	75	31	-68	-14	60	-7	75
-53	67	57	56	13	100	55	97	69	-16	99	-59	80	97	-15	60	81	-68	-49	9	19	91	-58	-40	50	35	80	-85	-62	2	-76	-40	91	-11	40	9	20	-67	2	72	-58	-43	-38	-23	32	-71	-27	-49	-1	32	-88	24	8	3	-23	-83	-75	71	39	-78	-56	73	30	-85	-88	-68	0	6	21	-91	-19	-65	2	17	2	-64	-19	94	57	-7	10	52	90	36	-50	73	-36	34	-74	26	52	96	-59	99	10	-51	-67	-23	-60	91
-95	91	80	-25	-89	-74	-100	44	-21	23	10	-58	-29	6	-48	-79	-84	88	34	-32	99	-5	69	-44	46	-24	6	80	-32	-2	-36	67	-71	12	-1	39	-97	27	25	-7	72	-48	89	54	-10	-46	51	37	1	-2	68	-75	38	81	43	51	16	-62	18	21	-49	-28	-23	19	-32	16	-30	-65	-94	-83	64	-90	12	-57	40	-78	-41	-64	-33	58	-38	-89	-42	-56	-74	7	73	-26	-20	-95	-34	68	-81	59	-48	97	-91	39	-90	-21
54	37	98	-37	-97	-18	-63	-90	-42	-30	-60	-85	72	-62	-7	-36	-100	9	53	65	93	-88	-74	-20	-60	39	7	-54	-9	37	68	67	-11	-61	89	38	-17	-14	7	84	-20	-17	6	44	-24	10	65	96	97	82	94	55	47	23	-27	-64	5	15	100	36	72	-63	8	-64	23	15	58	36	-30	56	-55	-78	37	-19	-98	95	-63	-32	-57	90	79	-24	-10	-42	28	19	67	70	63	72	-43	-87	26	18	30	-60	77	-44	-56	-94
-91	-35	48	-48	6	75	92	-59	-89	37	31	78	-37	-78	9	18	73	-80	-100	-84	-99	27	36	6	-28	79	-96	-89	-36	-5	20	51	-64	-96	-30	-5	-42	-17	78	25	-19	-21	42	30	46	-94	11	94	-4	51	-5	7	-63	4	-3	-74	90	-34	-88	79	66	-62	9	-32	79	47	32	25	-92	25	12	-55	-74	-38	21	-95	-90	-78	-87	77	9	-77	42	62	-67	83	52	-25	-60	14	58	29	22	64	-11	-27	-42	-99	-91	4
69	-49	-92	6	94	59	88	39	-10	-82	-26	42	93	-28	-40	-65	37	-14	77	-2	-15	36	-58	72	52	-34	-38	-47	-1	-78	70	9	-98	-49	54	70	-97	-91	-87	-58	-38	-63	-9	78	-21	-64	-89	-3	-30	-79	98	25	-88	99	87	65	63	39	-57	10	-22	-68	-8	61	15	-66	-2	1	-76	-11	-72	47	-69	-86	-25	18	79	-66	-89	100	22	46	82	-70	-93	-19	82	-19	-33	-31	-93	6	76	87	-87	83	15	24	-59	-65
98	99	-5	-13	76	-26	-36	-1	-88	-86	-7	-43	21	-84	-38	79	66	22	-95	59	74	58	57	40	67	53	90	-77	15	89	66	-54	-30	91	82	93	58	-68	65	24	81	-27	-18	10	-10	-42	90	79	9	-85	-85	45	-32	53	64	-93	-42	64	-75	-20	-53	39	27	-44	78	-11	30	-81	-7	-62	-33	-9	33	89	62	34	-60	13	-36	-64	95	-83	-5	-1	-38	-58	98	-84	-54	80	50	46	1	-18	38	-65	3	95	-24	93
-100	-65	34	-8	-21	83	49	-63	3	24	25	54	-85	57	72	-28	-89	-86	72	-52	-23	-69	29	-26	86	42	-69	-74	40	-82	-58	-97	78	-32	-46	49	34	-23	87	-78	-80	-11	41	53	-23	0	79	-100	-83	65	31	94	75	-22	-86	-14	-61	-55	63	1	8	55	-18	65	-20	-35	85	50	-66	-50	-100	-51	62	41	-12	31	-56	96	-37	-64	44	50	92	-77	-7	-32	-58	-6	-28	78	-91	62	-63	79	0	-22	-32	-45	68	18
-36	49	23	0	-9	41	-36	-30	3	-48	14	-22	-18	-14	58	-36	23	-74	33	-71	65	6	-61	0	74	2	-77	-3	54	-18	-45	-95	-34	27	-47	-18	87	11	-15	96	55	-67	3	36	55	51	-51	-48	-65	-91	49	-19	75	83	-90	-76	-27	90	88	-76	-72	83	60	91	1	-96	9	29	-68	-17	23	-32	31	69	-26	59	99	9	44	61	-53	85	57	-33	38	28	1	70	5	49	-98	12	-7	-74	60	-14	-60	6	82	97
10	-95	78	39	95	-28	36	-23	-66	50	69	-33	82	36	-70	-5	-93	-49	-74	-74	-94	76	85	-69	83	83	-94	-71	26	21	-1	9	-94	-34	97	-99	-99	71	34	-54	87	-31	78	53	-83	-28	-96	63	-26	-78	-72	96	43	93	66	74	50	27	91	59	88	71	-57	63	-77	-13	95	99	-10	-93	-58	35	44	-7	-2	-76	-8	-29	-91	6	-30	93	11	40	51	88	-54	-8	-52	-58	-54	25	-81	80	-63	-14	-20	68	-73	78
39	-14	-72	-72	-34	-13	92	34	32	90	82	-83	-66	-37	38	40	37	73	15	-24	39	-96	69	11	29	-68	-48	-16	-10	-51	18	-16	57	5	-1	49	95	-97	5	-97	35	-13	-19	-81	-32	0	63	69	43	-68	-15	-7	-48	-64	-68	-43	-6	63	-39	5	56	36	-14	-76	-70	86	-45	-14	-70	-56	-31	54	79	61	-26	100	48	-60	-27	-49	84	68	-99	34	1	-75	-85	-37	-46	-81	-24	40	54	-35	-30	44	89	-29	68	-85
-2	-12	31	-2	-39	50	82	-73	9	-8	28	-11	-67	-81	-30	-23	50	-56	-12	-35	74	0	85	29	95	-28	-33	-84	21	62	16	-55	15	90	-85	17	-26	-37	-18	0	42	-47	45	42	23	78	44	-83	91	-43	48	8	18	-72	-22	44	-94	36	-27	55	-61	-73	67	-64	-66	-51	54	-18	-8	-61	-89	2	-49	48	71	95	-51	43	-39	38	-43	89	55	36	16	59	92	-64	-83	96	69	-46	71	-43	-90	61	82	-43	-92	8
84	-95	65	-53	-76	-48	-18	95	-52	63	-88	76	26	-27	82	-18	23	-59	46	25	26	-48	8	-75	-26	-61	38	-32	93	-83	-64	61	-36	-17	14	-55	8	-20	17	-58	-89	-32	-95	-42	-78	4	-12	-42	20	39	44	39	-21	-50	14	-43	21	-51	-46	-35	37	58	-92	69	-68	95	79	-69	89	62	-71	65	2	93	-95	-14	38	72	-2	87	3	-20	-23	-34	66	4	-68	-65	-46	6	-78	-34	-67	56	96	-97	31	43	-72	28
-64	-58	88	35	62	-19	-86	40	-94	25	-54	-86	70	-74	-19	4	32	-66	55	98	-17	59	-70	-75	4	-34	-90	-79	30	54	-100	-91	13	-71	-44	66	22	60	-24	-1	88	-6	67	54	19	-42	-36	18	91	87	-81	-77	-15	-48	83	-24	10	-74	28	32	-42	-6	-1	-77	-70	35	71	46	32	21	90	21	78	51	-56	26	18	29	72	37	93	-57	96	-94	72	39	15	17	27	33	2	-22	40	71	80	-97	74	-56	17	-74
-29	-74	-53	82	93	56	-26	-16	24	-69	70	39	5	1	84	-84	82	24	-48	-75	-37	60	-43	-17	62	90	71	-35	-65	2	-61	-33	89	-39	-27	-50	70	66	-76	43	67	85	85	-89	69	-59	48	-75	22	76	-85	8	73	-71	-16	-11	82	-72	-90	88	47	-93	73	-57	94	66	83	-63	13	8	-13	-95	1	-73	70	-49	64	-15	66	-82	71	86	56	96	74	49	1	37	-21	41	56	90	-54	23	79	-91	-85	-20	1	-8
46	82	23	73	-49	-68	-8	-79	-81	91	46	-13	55	63	45	-34	-2	80	-22	77	-37	62	69	-92	-85	-8	43	-20	-86	-95	-58	31	52	-46	-39	-19	-59	-96	-84	8	19	27	-66	5	-10	-9	-9	0	36	-34	80	8	-84	34	-95	20	-83	76	50	-6	-98	24	-6	97	-37	98	98	-58	85	-21	83	87	-38	-33	-20	-86	9	-33	49	18	-9	46	52	12	54	24	3	-74	-64	6	97	77	96	-58	63	-99	50	-6	12	8
-50	3	-69	-28	64	-67	-33	-40	59	-100	-77	76	1	14	-100	-26	100	-33	-33	16	36	-28	-14	53	87	-16	-45	-11	-78	83	34	-38	-60	14	69	-22	-86	49	65	63	-35	37	20	27	5	1	-79	-2	92	-5	-70	-16	81	-98	50	-9	-10	-6	-86	87	17	-90	-36	-9	-29	74	0	93	47	-55	-51	-80	-81	81	70	66	-30	-12	-40	-56	68	19	-72	58	-48	-62	12	-69	63	10	12	33	11	93	25	-21	-63	-39	90	9
-47	-99	41	59	-14	29	20	-2	-70	94	-6	-35	45	-80	-91	62	-80	-57	-3	-76	51	-43	-3	9	64	-70	-95	-40	-54	36	-35	85	-93	-40	5	-12	-37	-37	-68	41	81	-100	55	-25	17	11	-34	13	-19	-11	36	39	33	7	-79	32	-98	-55	-64	-79	-66	-84	-60	-25	10	-34	47	-36	65	-96	-30	16	46	62	-74	3	-11	95	41	38	33	39	34	74	-41	-20	49	-95	-3	40	-9	48	-44	-91	49	-30	8	100	6	-83
-7	-64	97	-95	-30	-61	83	-80	-17	98	-56	61	-65	-24	51	36	-7	33	39	-9	100	41	18	75	17	83	-60	34	-63	20	-25	-75	-2	20	11	14	3	40	30	98	-18	-38	71	39	-27	-1	-53	-25	-91	-71	-53	-40	85	100	-39	-94	99	72	58	-64	-16	-55	-78	-24	48	8	25	-21	-62	84	-48	88	97	-7	55	68	79	-70	-84	-82	98	-89	-35	-11	62	56	78	60	82	-67	-81	58	6	11	95	-38	11	-69	-10	99
-47	92	66	-22	28	-45	24	-36	14	79	47	-65	-14	-54	-42	-73	-29	16	-56	44	-47	-23	76	-17	-13	-4	-71	96	-56	-89	-10	-63	-59	-40	-51	-96	84	99	72	-7	-79	90	78	-91	62	-28	43	34	-38	-25	-64	26	-93	-15	-54	26	98	-26	-34	-71	58	-62	80	-38	64	10	44	41	6	10	96	-46	98	92	43	91	-21	67	-98	18	-89	-84	-58	62	-10	-40	-3	-95	-90	-90	31	33	47	10	73	-81	59	84	-72	-20
19	-34	7	20	-21	-46	28	91	45	-34	-86	-68	-28	-71	25	-71	-65	7	23	32	95	-94	-24	-57	35	83	-52	-6	-76	-28	-67	-82	-30	45	8	-34	-93	-54	-52	-1	-80	75	-99	-8	-81	-46	29	74	-47	76	13	64	17	-89	40	-55	-10	-32	0	86	52	-52	9	64	92	-30	-16	12	77	-81	11	37	83	31	-41	5	91	-53	-79	11	20	-53	60	-57	-61	21	-95	-99	70	3	-37	11	-50	-98	75	-31	-39	41	-51	79
-63	47	-93	-83	-93	-39	24	-12	26	35	65	-62	38	-95	94	-65	28	67	-31	99	47	8	-13	91	-28	38	97	-79	-47	-97	-75	-40	-14	-28	73	8	-24	-16	-80	-73	-38	-13	-91	75	-55	32	18	67	-37	-59	-5	-87	-70	91	-52	85	48	90	98	27	80	76	-43	-47	-7	-70	-38	-78	-88	45	-19	-67	-28	24	89	-73	-35	91	87	82	-62	-3	29	30	-70	-23	79	66	-36	-63	1	-77	-84	-67	34	-75	-79	41	64	55
-84	86	-80	-97	30	-89	65	93	-5	19	46	18	84	-2	24	-82	-35	-37	48	-78	3	22	-14	-44	-47	56	-35	-57	-35	72	-27	78	98	72	89	-78	-66	-95	21	46	-81	-67	-19	-10	-2	82	7	44	14	1	-42	72	-10	-30	-90	-93	79	-28	-75	21	95	60	-18	57	27	-89	-49	-90	-55	-53	-85	9	68	-34	95	92	35	52	30	-74	21	-37	66	46	86	-75	-69	-43	30	-33	35	-57	-12	-22	58	-84	66	95	-72	-10
52	42	91	96	45	93	-37	-1	-8	-47	-22	33	11	15	-78	84	-12	-50	-76	-71	85	47	60	81	85	44	34	-48	71	96	12	71	60	3	-43	3	-31	52	34	-80	60	69	11	-76	-51	70	-18	-7	84	57	8	8	24	-56	-43	-79	-14	-97	-6	76	80	35	15	14	-32	27	32	25	-79	-73	13	-62	-14	-76	-61	-15	-44	-69	8	-71	98	72	51	84	53	-31	-91	-98	87	83	45	-38	17	25	-40	-40	-18	9	-2	57
-21	-13	5	-53	-49	-72	-8	-17	-22	-28	-49	-94	16	-29	88	61	87	94	41	63	-69	99	86	21	69	13	60	78	10	1	-42	23	-91	35	77	73	-27	35	78	80	-48	-54	32	-7	26	-67	83	-88	84	4	-93	-58	-10	96	43	67	34	48	-50	-98	22	-31	-98	-76	-85	-60	22	42	-99	-48	30	63	-97	4	-62	35	7	66	2	-51	41	17	75	3	46	52	51	-86	43	-42	-58	-41	64	28	-43	62	-55	47	55	-23
85	25	91	-10	3	9	-41	-35	63	22	48	-98	-54	62	-56	-14	37	61	95	42	-82	33	90	81	14	-85	34	-54	-22	23	-9	-98	-81	-50	63	-61	-10	21	-72	-1	46	36	72	-85	30	49	35	24	71	-5	4	-75	-99	86	59	-22	97	70	-67	4	86	8	42	85	69	12	-11	-10	-99	88	48	0	-56	82	-2	4	-80	-98	2	-91	-26	88	-87	-21	-54	10	84	-30	-13	-65	13	-82	60	-23	-52	48	-69	91	-98	54
-83	39	-62	-90	52	-77	75	-20	80	-5	-48	19	-23	-16	-94	-79	-36	56	-60	67	66	60	-88	66	29	-36	-9	86	49	92	35	50	-17	-99	41	29	19	-18	-83	5	23	-55	12	-54	-1	-64	-56	-32	-26	-53	99	14	-73	-35	25	-74	-37	29	17	-49	13	-91	-72	-94	22	-65	-61	-27	41	94	-61	26	-49	-92	95	-94	-87	-81	-30	-48	-78	33	-97	-33	39	83	-59	74	-6	-52	18	-77	78	-33	-2	29	-54	-56	50	-56
-28	24	-51	-60	48	-80	-78	-49	78	2	4	79	83	-4	-23	40	-5	-2	-63	-12	44	29	-61	14	-20	-77	54	-28	-94	63	-42	2	-35	-19	-14	45	-59	29	-25	73	-28	-76	76	94	-14	32	-87	78	90	-36	-87	-85	-43	69	72	-3	-86	-50	-86	73	94	-5	-58	82	-34	-62	2	-3	-97	-19	34	48	7	45	-96	61	-8	53	-41	-57	36	-52	-88	-32	-27	75	22	24	66	-79	-79	93	-98	64	4	23	39	42	-5	-46
8	12	-53	-49	31	50	-13	59	16	59	-13	5	35	97	-44	48	-74	30	-40	-5	78	-35	18	40	17	40	15	-72	13	-9	26	85	-92	-89	-83	67	-49	5	89	65	-57	-77	-90	55	-2	33	-62	-27	-14	-84	33	-3	27	95	70	16	-4	43	-76	-62	-25	3	-1	69	-64	-32	-89	-77	49	-32	69	47	39	-43	79	14	-29	28	-100	-79	-98	-28	17	-30	-80	-20	9	-87	14	25	42	-39	33	-85	95	-21	42	47	-13	-37
-23	0	-80	55	-55	-65	-100	-12	-83	-18	-41	-6	62	-54	54	67	17	-14	-24	-36	-99	48	-23	36	-4	16	67	-73	-52	12	48	41	52	22	98	86	-89	-86	-6	54	-77	38	55	-4	92	5	-73	-16	90	49	-21	91	90	-79	44	82	-50	-87	-19	-15	-66	29	17	-46	19	35	-81	-66	-10	-2	88	-86	-69	11	-53	23	-14	-47	-99	94	-6	-65	-79	85	6	-98	68	-82	-76	50	-35	-83	87	-51	-39	-42	24	-26	-88	-100
90	-100	-11	-75	-99	60	-92	65	100	14	88	11	58	14	-100	93	30	-25	-8	11	70	61	-16	-81	67	67	14	21	-99	45	-11	72	-40	5	1	98	28	37	-20	92	-53	-76	-37	-31	61	-64	29	18	-88	-36	-61	18	-1	-44	11	77	47	-89	-26	-8	43	-2	-95	54	11	76	-100	46	-35	28	-60	-17	-16	-55	-4	81	-51	83	-86	-76	-87	73	9	53	96	10	41	-79	-72	76	0	51	-54	-67	95	31	27	93	99	72
-60	44	-4	93	14	12	-8	-42	27	-93	-77	-2	-76	-96	-82	-21	57	6	-39	-89	-64	12	95	-22	66	62	60	-29	42	84	-95	23	28	-7	-32	54	98	-58	-7	31	-6	65	85	-64	12	97	-100	3	53	-40	60	24	-96	2	-84	-25	81	23	-59	35	38	81	70	-64	-36	-80	-2	-96	-62	-68	26	-63	-17	84	-25	-30	-3	-51	-63	-71	-42	-72	46	-41	-45	76	91	51	-42	-49	-84	-38	19	-71	51	-4	-52	2	19	32
-20	-94	37	-90	51	36	13	-65	93	-93	-47	-87	-15	-39	-65	20	-92	99	2	63	-19	-61	100	-94	-38	-34	100	27	45	71	79	-72	47	-100	-26	74	55	-66	78	20	-15	-94	-10	-10	-45	-72	38	-96	-76	-16	-75	21	35	-37	77	-82	95	-35	-69	28	35	7	90	86	-61	82	-16	35	-97	-12	-60	-76	-89	51	41	73	-80	11	-14	46	-47	-96	77	23	79	51	-83	-6	-87	73	-57	-34	-34	-59	-68	15	28	-29	-67	-50
71	-21	-4	-17	-30	51	91	10	-100	64	45	-6	-43	-19	-59	-79	-85	17	34	6	-61	97	50	-77	-77	93	-34	-100	6	22	93	-92	-88	59	-50	2	-86	21	-53	21	-59	-27	88	-45	66	-71	88	-76	9	96	41	-21	7	27	-22	23	76	4	73	-93	-61	71	-88	96	-11	-19	53	58	36	-19	16	68	-78	57	23	1	11	-76	-32	62	-61	24	-92	74	91	-62	79	-80	38	14	99	-56	14	-72	41	17	-53	-43	-65	-52
83	82	46	-90	76	88	-53	-31	-20	46	-69	65	73	50	-18	-58	51	45	12	80	15	0	23	0	-68	49	-79	-67	-3	-37	-9	-72	43	-51	-26	-4	1	22	70	-50	-22	-37	90	22	-91	37	-59	25	9	-63	33	-52	-7	80	15	-53	-19	65	49	-88	16	-18	-88	-99	88	13	58	86	76	54	-62	32	-4	31	12	-65	-11	11	19	-96	-57	-6	-47	33	-62	-32	-76	57	62	-83	-63	37	-82	-87	86	-2	79	60	20	71
-18	-2	-69	98	69	34	-59	65	-97	2	-39	61	46	61	56	-7	35	-36	47	42	-42	-87	-82	21	-2	-86	53	45	-1	-97	-81	88	-9	-21	-86	-38	-72	90	55	-95	53	100	-90	-66	-12	12	-74	57	-90	16	65	-81	-54	40	58	-95	100	-99	37	30	-8	58	-65	54	9	-89	-77	54	19	34	60	-42	84	-23	7	-100	-50	-74	69	-36	-36	54	-79	61	35	-39	34	43	26	-80	-47	86	97	77	96	-90	-83	68	-60	-66
16	-14	33	48	29	-8	98	-73	37	-46	-52	16	-96	-60	-100	98	-4	7	87	27	42	99	23	-64	10	-58	-77	-98	40	-9	83	65	-15	7	-76	69	-42	10	-53	-20	-88	-64	43	29	16	-35	8	45	-99	94	29	-58	-92	26	10	37	-56	-50	-54	-13	-33	-11	-73	-61	85	-87	44	-8	73	-48	-72	47	-53	92	64	70	-2	-55	-80	-76	96	10	39	-66	-61	37	-19	95	-48	-26	31	30	-46	1	89	-77	-46	8	56	54
-9	-55	19	-14	59	-82	42	-15	87	-93	-47	27	72	0	-32	-9	-94	30	86	78	-77	-91	40	-58	-5	-8	-84	50	44	91	-40	19	48	-87	-65	-42	-19	-26	3	81	61	37	-14	-41	43	-48	-60	98	-71	60	-69	99	35	-45	-51	59	18	-31	-13	-68	-21	44	-78	38	21	-77	97	-1	12	-64	57	-26	-88	66	-38	-32	-89	13	53	76	-22	85	-2	-71	48	33	-73	-62	63	-72	62	-53	51	42	67	62	-54	1	62	12
5	13	58	-17	12	-49	-32	92	-61	-94	-92	-50	-73	68	34	48	-69	19	-44	-84	-42	73	-30	-9	-80	-75	39	-49	-45	-83	-53	19	35	42	-62	75	54	-36	76	78	-84	79	-54	44	37	66	28	95	-52	49	-28	87	2	-54	87	-87	-55	10	54	85	73	74	-20	-67	-91	14	68	66	6	-25	-56	-88	26	-81	-71	-3	18	-28	-12	-94	58	-42	-54	46	-29	97	-1	-85	37	23	57	100	88	-58	-43	-38	41	-3	-17	36
-5	-89	-92	54	-12	23	77	-93	83	27	2	73	-83	76	62	-55	3	63	-16	77	-68	-26	99	-96	77	-18	-39	-23	-70	63	47	-59	32	-52	42	-56	65	-46	62	-32	15	84	54	-43	-86	15	-59	15	34	-34	-12	-32	-33	-38	-8	41	-40	83	78	-78	-59	14	-60	-33	-77	-6	62	-58	61	-25	63	-30	-98	-5	-54	59	-58	86	56	-92	14	54	23	-11	71	-91	-56	94	77	-59	72	12	39	-66	-41	66	27	-35	95	97
59	-3	-45	6	-27	-36	-12	-29	49	-80	37	-64	-100	-93	80	-19	-91	35	33	74	85	65	-8	95	99	26	20	51	42	-73	-24	-54	61	-17	-44	33	40	-27	17	55	-49	-7	-100	33	-79	24	-47	-81	-12	28	-12	60	10	-34	-94	-10	-66	-46	-42	85	-72	79	-80	-18	56	-10	-64	100	45	85	96	88	23	-57	-39	56	58	3	13	-96	40	14	81	-25	77	-1	83	26	49	-65	-12	6	63	13	86	-97	-15	11	-89	-71
-6	-92	-64	96	45	7	-12	-77	-76	1	87	-75	69	-16	58	77	89	-19	26	-94	6	-88	74	-39	8	-72	17	32	32	28	-12	-15	98	-39	32	47	-48	82	61	-96	-85	-45	-51	69	43	-9	-66	-3	-50	40	39	-36	-47	37	47	100	-56	-44	21	-57	14	63	-48	-62	60	89	-98	-33	92	-5	64	-46	37	-69	-50	8	-3	-32	-37	100	53	99	-24	-7	73	-26	-98	-43	62	23	-43	8	-80	-59	-66	-48	-84	-2	-4	22
95	26	64	-61	-1	-37	12	28	-85	34	67	-53	-61	7	-57	-71	-43	41	27	17	74	-31	65	-52	-30	-11	-43	-87	-52	49	46	-41	9	-11	-2	-30	20	-96	51	7	-51	-35	47	-35	69	-40	-67	58	-36	-26	35	45	82	97	25	4	-51	14	-64	64	17	-86	-80	-66	22	72	-11	-59	96	34	83	-35	-74	23	45	20	-44	30	-32	-53	100	87	30	-48	65	-8	97	80	-68	-83	25	32	-95	49	-83	-13	-36	67	-92	-79
-21	-77	-86	42	-95	56	45	-61	82	-47	-52	-16	-34	-63	-47	-63	45	60	-87	-77	100	10	66	34	36	-47	-60	7	27	-79	28	78	-16	-57	-56	6	-69	-86	9	-95	-83	-18	-59	-9	83	-54	21	23	63	-23	-48	-42	77	-34	-26	48	-88	76	78	-84	-78	91	60	35	45	41	75	59	20	-34	50	63	-9	-19	30	28	56	-50	-36	-7	69	-16	-44	-98	43	57	-26	-61	-68	-7	8	0	3	-62	69	16	-92	32	-75	-53
40	-38	-24	81	-49	-12	-66	47	-10	48	10	57	-92	79	-28	58	98	10	-23	57	-52	73	-73	-95	-93	38	75	4	-34	-68	-13	16	-2	-59	-99	-14	43	10	87	55	49	-61	62	48	37	-35	18	-15	85	57	-84	84	-7	-13	51	-99	43	15	-72	-90	-31	2	83	-93	-22	-45	-100	-22	37	48	-85	57	91	8	-43	-26	-83	-1	-8	26	48	-97	-38	-51	29	-95	91	98	-90	-67	58	-57	-4	67	55	67	75	-7	18	-73
-28	93	5	10	-74	13	80	-95	-54	27	-63	-44	38	-32	-84	92	-49	57	6	24	13	-38	17	-9	10	-40	-63	-24	-46	26	31	68	54	-74	-93	-19	58	9	97	25	81	100	54	-78	-23	14	-67	-29	-87	27	-89	-56	-62	17	-46	25	1	-20	19	-91	29	-39	-75	31	91	-95	75	25	19	-78	-9	60	-44	72	-42	-50	-78	-47	-16	-18	22	-12	97	59	-39	-67	-61	-22	-25	79	47	39	74	-7	-27	-26	25	-98	21	-58
18	-31	-63	-12	-44	-72	47	-10	7	-6	-76	-58	-13	-84	56	22	-12	81	37	-78	-95	70	-58	8	20	-10	-89	83	76	-68	50	-92	-18	11	-2	23	33	-65	-23	-53	-99	-89	58	71	90	-73	2	-5	87	-15	-69	7	5	55	-73	88	80	4	-100	-73	-82	52	-69	69	-33	45	-9	-57	73	-44	63	26	84	-17	-31	73	-60	-87	21	-32	-87	42	65	62	41	-30	-44	75	33	-74	99	-71	84	16	44	74	-64	-53	-81	52
-23	0	86	76	-99	-82	-10	65	74	-41	93	-8	-5	-84	75	95	66	99	5	25	62	54	-31	-62	-79	-67	95	-42	-55	-40	-87	39	74	29	-78	0	-47	-51	-1	-8	-14	71	-38	-98	-44	-80	34	-7	-39	-100	83	-8	-17	5	-25	42	6	-14	-47	-68	-38	-6	-75	-14	-89	-4	-91	-9	-81	-52	-81	-13	-10	-86	22	50	-99	-95	53	-8	-38	8	17	-69	-54	-43	25	7	-1	-90	53	-72	-60	-85	-52	-16	-75	76	-38	24
31	-19	-90	73	-84	-64	2	-32	-69	5	-24	80	29	11	34	22	97	32	-33	-29	3	47	-62	62	46	22	-45	-97	94	91	-40	-91	-73	-10	-66	41	19	-66	65	-79	10	9	82	-63	-19	-86	-84	-77	-6	-71	22	-93	-98	-14	94	43	35	23	-67	18	97	-82	-90	26	72	69	44	-39	-72	19	-33	27	37	99	-17	19	-97	8	5	-56	69	17	13	8	-19	55	-49	-47	73	-53	-33	-76	-31	-71	-37	60	-47	-99	-80	-53
0	-59	24	91	14	-15	62	-14	-87	10	-24	-16	-7	-36	18	55	-73	-48	69	61	98	-14	4	60	-9	44	33	14	74	-2	59	-52	-68	-99	90	-37	-45	-76	35	-27	-62	55	-97	58	-74	14	71	52	-59	56	-35	32	17	-65	69	-5	-4	37	-48	2	17	-56	-61	-16	1	5	-5	-27	70	25	-21	46	-5	22	-76	-41	50	70	25	46	-2	-44	-2	61	89	74	25	-89	-18	-86	-90	-53	-11	-52	40	-66	-88	-29	-23	-64
9	-90	2	-91	-47	87	-10	-75	28	-21	-25	-63	-92	25	-13	-89	-77	-51	23	-93	-37	10	14	-19	-29	-23	-12	90	74	52	5	34	-44	-79	81	8	8	32	27	-65	58	40	-93	-83	-96	1	65	-84	-57	64	-90	2	90	23	-53	87	-34	-35	-86	-23	-77	-41	-88	-98	-2	-27	6	4	-18	20	47	88	7	-14	-35	32	-41	20	14	-48	85	6	-25	-3	30	-24	-5	19	89	55	89	-15	-70	-54	-46	-13	-81	92	-35	-82
-79	56	-37	-42	75	-10	-77	8	-35	24	-82	-86	-59	32	-47	-2	-81	51	-46	-18	11	-62	53	-75	9	41	64	-2	24	83	84	88	52	89	24	4	-26	48	-63	-65	22	34	55	71	-12	73	38	-50	-90	22	4	77	87	-76	27	52	19	-99	6	-92	53	-49	-21	-49	13	35	91	-49	-70	-8	-88	64	58	56	-63	30	99	69	-5	-15	-56	8	50	-45	81	64	-70	66	-45	-78	66	-13	-32	71	77	-38	68	61	90	74
-55	3	95	-75	-44	91	-35	81	67	58	49	22	49	66	-4	-66	-58	-98	-63	-23	-19	-17	-69	79	-100	5	62	-63	-97	11	1	-61	-74	33	-100	-65	40	10	-11	-48	30	50	-71	-62	64	-24	64	30	-24	-96	-90	-86	-100	79	-43	87	-90	10	-49	-56	-49	35	-29	-28	-28	-62	12	66	-12	-17	78	-68	97	5	53	-14	-65	7	79	-55	-45	66	-88	8	6	-66	-96	47	-96	-30	-47	-12	55	81	86	-93	17	46	-71	35
-62	-19	-30	91	-32	87	79	52	83	9	85	-50	-6	-85	-22	-14	-18	-35	-21	-89	-26	-26	42	-42	65	-29	21	50	-63	13	-30	-49	-28	96	-5	-20	39	100	-23	14	43	-19	53	-89	-60	-62	66	-18	-86	60	20	-80	53	-92	-74	54	-21	-16	-95	63	-46	-88	-48	89	18	-89	80	25	-60	-45	-79	-2	-16	11	-43	52	36	16	-19	-24	59	43	73	-55	-13	-94	79	76	14	100	64	1	-94	93	57	85	-93	-65	84	-82
5	67	-43	77	51	-88	-65	31	12	-84	-49	98	-89	92	-66	43	10	-10	66	65	-65	-15	-98	56	-89	-11	-54	-45	-5	-24	4	-79	78	19	11	26	-39	-67	-51	-18	84	1	29	-99	-96	57	-66	-69	41	83	-22	97	24	27	-80	-79	44	60	34	55	-17	-57	-83	5	-99	-31	30	49	-50	-63	-36	32	-26	-50	-9	69	15	-45	-47	-43	48	74	60	81	-79	10	9	-38	30	-75	-42	-55	79	15	-57	36	-21	-38	-11	-33
-57	-23	20	-22	65	-42	92	77	-27	-80	-48	-8	74	-20	57	-64	-98	-17	-56	72	68	88	73	-94	43	18	3	-89	72	79	56	-64	100	69	-41	-10	90	-98	-23	-2	75	-40	-79	-44	51	-87	26	48	-22	29	-2	95	77	50	17	25	-91	11	47	66	-27	-15	16	21	-55	-64	-38	39	-36	23	89	-11	-20	37	-35	80	-92	-89	98	-13	10	59	-38	-6	-28	69	-66	-93	-64	-86	0	87	64	-36	83	-47	100	-12	-50	-2
85	-14	-17	-57	47	28	62	-97	20	-30	-80	-25	12	-20	11	31	-47	16	17	-13	21	43	-72	-25	-32	-25	34	13	73	-33	37	-30	-10	18	-18	-83	9	80	-29	-6	-70	93	26	77	43	51	41	20	-48	-35	45	-95	-11	-89	-28	-35	71	-82	-78	-29	6	-9	45	-5	-31	-11	-13	8	28	-80	60	56	66	-38	55	96	97	-20	64	96	56	7	-14	-5	59	-47	65	-51	30	-62	-78	-87	-60	77	53	-77	-66	45	-33	-70
95	-62	-26	5	-99	6	-60	-78	-85	-5	32	43	-21	-91	-89	48	-76	13	-91	-70	33	18	-79	66	94	99	40	-7	50	-83	15	-57	41	69	78	87	-49	-20	58	0	-62	-58	21	90	27	79	85	2	47	71	-39	66	-15	81	-72	-44	8	-36	96	-5	-94	-6	53	1	-10	-11	-53	61	98	-68	-70	9	54	59	-93	30	-77	89	-15	40	-32	73	-61	29	-74	33	-26	83	17	-74	31	-41	13	-47	39	-16	27	43	-87	-59
98	88	-53	73	-11	70	30	-53	26	-100	-48	59	11	-38	3	30	-16	27	77	-33	64	100	84	42	38	1	27	72	70	52	-66	-41	49	66	-9	53	59	-4	-4	69	22	0	-75	64	-50	11	84	67	-67	51	-94	-14	-29	22	4	-82	-23	-73	-94	-40	40	3	69	74	-85	88	0	-74	29	72	-33	-69	14	-61	17	95	67	-79	89	-40	68	-5	43	-32	59	-16	-47	98	-100	70	19	74	-49	-90	15	-12	-47	74	47	-90
56	-34	-44	-6	-78	2	-57	-1	48	-39	-50	7	38	-20	64	16	-66	-18	-41	91	71	-77	-11	-14	-48	-77	-50	79	-12	18	85	27	27	-11	-48	-72	9	36	-49	-78	19	55	39	-33	87	-40	-31	25	15	-54	-49	64	-76	-67	71	-96	92	5	-42	97	58	7	11	100	25	-13	21	17	19	17	65	99	-6	-85	-30	-94	26	78	-19	-71	-3	-49	-11	-85	8	70	43	12	45	-19	17	-12	71	90	-33	-93	68	27	-72	80
12	-28	72	63	95	-40	16	92	-24	-33	-4	59	64	65	85	15	-51	32	19	-84	18	13	66	72	-84	-34	-58	-21	100	-69	57	-14	-28	-51	-45	-41	56	51	63	-74	19	-61	-63	-80	61	-17	-31	-8	92	20	49	91	48	4	-10	72	-95	-77	-48	21	97	-44	-13	62	77	-7	78	99	-34	-30	-22	-47	-96	59	34	-35	-50	45	-98	52	-6	-76	-65	77	83	32	-81	38	-13	-40	38	-39	66	60	63	-11	-18	-46	49	-10
-86	-50	-100	43	47	-7	-87	94	-88	24	-37	-100	-6	44	-62	34	-16	-62	89	-66	-5	7	85	81	9	3	-27	84	-44	31	82	9	14	68	-61	55	-66	-16	47	-11	81	-79	87	35	84	-90	47	44	-39	12	-76	72	11	74	-97	82	-22	-57	-11	-42	-52	-23	85	-42	-23	-24	-69	41	70	97	-42	-55	28	88	-50	-34	16	-3	-44	-12	92	-47	38	59	-30	-74	-50	-94	-52	-51	58	-31	46	-23	20	-56	48	22	26	16
83	-55	57	-10	22	-15	-12	86	-24	-56	35	53	23	47	-68	77	-15	-91	-95	57	-30	35	2	-89	92	32	-53	35	-95	-86	-81	-41	62	75	6	90	76	98	84	84	34	92	-43	3	64	-58	41	-10	12	75	94	22	75	50	-42	45	-73	77	-42	55	14	-45	63	-98	-68	44	-7	-34	-22	-54	9	88	-1	-18	-5	38	76	85	-100	69	11	15	93	85	-49	36	52	-21	55	85	90	62	84	-50	-100	100	-77	24	16	35
86	2	-29	56	-46	-98	-95	-43	-67	-87	78	-40	2	-33	-18	35	71	20	-57	-39	7	21	81	81	31	100	-27	73	63	-70	-32	36	-28	-23	76	-58	79	99	-92	-46	2	-77	8	-99	-93	-90	-25	75	77	63	54	43	-4	-67	30	-76	81	25	-95	-65	-33	-23	2	-71	-72	55	-4	19	-14	19	-29	-42	-15	-42	-100	-65	24	79	-98	85	-21	-98	34	-55	83	1	63	91	14	49	-76	37	78	-98	-46	15	-52	-6	16	30
85	-95	46	-3	26	26	-63	93	-44	-67	74	89	13	-12	27	-74	31	-17	13	-93	49	-32	95	81	56	44	-5	33	11	27	-77	95	-14	13	27	66	-6	16	53	86	-43	72	-78	-88	73	3	95	9	20	-93	33	-85	-30	68	-77	90	-55	-5	-31	-98	17	-72	98	-75	-8	4	-3	36	81	32	44	75	18	17	-27	-10	99	-38	-93	-13	-14	63	-20	12	86	-50	-67	-47	-46	-16	-6	-44	-61	-24	26	-89	-46	39	6	-100
-37	57	95	-55	99	27	-8	-14	-47	-46	66	-89	-68	-1	28	59	0	20	-42	-30	4	39	84	-72	25	-44	66	-1	-94	6	-67	-48	-10	-58	54	-75	20	-64	-97	-35	61	88	-98	16	-45	-60	-99	-26	-47	-55	-29	-30	17	42	-87	-4	91	-80	44	-37	24	43	43	-26	92	-49	25	-27	93	-89	18	9	82	-69	35	-10	-34	34	-45	-36	87	8	-35	-67	-21	-41	-11	-13	-84	-55	39	49	-74	69	-67	-69	-80	-1	-61	67
