74	-61	39	2	-92	-96	71	-85	-61	34	-67	79	-25	8	17	2	47	91	72	77	-69	57	39	22	-22	-82	51	-23	74	34	81	-98	56	-17	-89	-15	73	-96	64	73	-80	100	89	-7	-31	49	17	-71	85	76	-37	-20	29	13	86	-91	-85	85	23	92	-1	43	22	53	-48	-43	-40	-16	54	-88	67	77	64	-7	52	-13	-35	-72	85	-86	68	-30	89	100	-15	14	-14	24	-39	46	-38	94	-15	-9	64	-27	-50	-34	14	-45
-71	-70	41	-30	-31	-65	61	-73	10	-38	43	-60	-44	35	11	33	-44	-100	-69	58	39	-1	-13	78	-55	-47	-62	-72	95	19	-23	-10	37	-52	99	-51	-82	7	17	48	50	-20	-95	-35	-28	-25	13	60	84	38	-76	-35	-89	35	56	-50	92	56	34	98	-63	55	56	91	-77	54	-97	19	-15	-78	48	-78	-13	60	42	23	-89	43	37	77	35	-3	-34	66	-86	90	-60	-9	44	62	-86	-83	-92	41	67	-21	-61	5	35	93
54	-50	55	-93	21	54	-97	-30	-79	-29	-3	-28	-90	76	74	-37	98	78	-65	-58	100	-64	-96	17	74	-79	-56	95	-68	85	48	41	1	-86	46	-28	72	52	-3	58	39	-83	74	-98	59	93	47	-75	39	16	29	92	46	-8	-98	29	-92	44	26	-91	-10	-37	-21	44	22	-23	32	-79	29	-63	-80	35	81	-14	36	87	-43	50	-4	68	-15	12	-73	-69	94	-60	-64	4	30	-79	77	92	98	14	68	3	-84	-43	33	-40
-69	-24	33	55	-14	-31	-48	24	-7	71	-3	-4	-36	-86	-63	-83	80	-84	-79	-98	-3	-9	8	23	80	68	-3	-73	-44	70	31	34	7	-9	-14	44	-75	94	-61	-75	80	13	31	53	-20	-50	-18	99	-91	-70	10	-10	-45	64	-96	-36	-62	6	28	61	-47	59	61	-1	47	64	79	61	-66	-30	0	97	97	69	14	86	-79	47	2	9	-57	-10	-36	-54	17	10	-10	-20	-29	-26	-78	71	-6	36	56	86	81	-38	-65	98
8	-36	-92	82	-97	-27	43	-7	65	96	-27	-40	90	-12	2	-99	69	-38	96	77	5	38	43	-70	-40	78	-55	-9	64	-94	-69	90	18	21	-89	-55	-93	48	75	-99	6	-52	64	-39	50	62	51	45	98	46	-72	-75	-100	44	-10	71	-16	34	35	52	49	-35	95	-10	-26	75	64	-93	-21	-83	-53	44	70	-39	-24	65	-41	-21	32	-59	9	34	-27	4	-89	-48	-32	83	95	38	44	-5	13	-27	70	59	-9	34	5	32
-36	-52	-89	81	-5	-41	-73	67	-72	-5	34	53	-26	1	59	71	31	65	-82	14	74	17	-31	-45	90	-5	94	-61	23	41	-75	57	81	58	99	42	-75	-39	72	85	-32	-77	7	-75	-68	-13	-65	10	75	-62	88	6	40	-89	63	-55	-59	94	43	42	-48	96	-24	44	69	-35	-36	-64	33	-28	-3	49	35	11	73	47	-39	-81	56	-47	11	-14	47	-44	-32	23	-88	-79	83	-79	-93	13	40	17	-17	-76	-43	2	-52	44
-92	-76	-46	35	74	-88	-71	-8	95	-67	27	15	-84	93	23	-78	-93	-17	37	-98	35	65	46	-44	-11	-91	-10	-61	100	45	45	-73	-92	72	-31	-87	-21	-76	9	53	-12	77	28	-57	43	-75	-99	38	6	97	32	-58	-8	17	-90	-60	15	14	4	-77	88	88	-26	14	-6	-13	54	-49	-88	-40	-7	65	51	-74	25	-92	14	51	-26	-77	-85	91	63	-7	61	-25	-58	79	83	-37	6	9	-70	-80	-54	39	56	1	13	-37
-26	-51	-88	93	5	92	-3	-34	-6	-69	22	-35	-57	71	-17	80	24	29	-30	-100	65	67	98	66	-6	91	-100	-12	77	59	4	-41	-77	-44	89	92	-1	45	-37	19	-15	47	-49	-85	-84	-40	-96	-80	-99	-85	-43	54	63	-44	73	60	99	-55	98	-64	-62	-81	-63	-7	35	-4	42	63	-37	-100	68	-59	-47	85	9	-44	-7	-84	13	-30	-49	-66	-37	60	-66	-72	82	-100	86	37	46	-6	51	22	-85	90	35	-26	35	11
24	-25	69	-69	-65	-28	70	19	10	99	-8	-44	64	-23	3	-29	32	-89	-92	45	30	20	74	-60	16	-25	41	30	64	-64	68	66	58	-24	-37	-18	59	76	1	-52	-25	-48	87	93	-51	-10	31	-90	37	-13	7	-16	-75	45	26	98	-16	19	-27	-42	57	45	16	37	-95	-66	-16	43	55	16	60	87	33	-85	54	89	-82	-19	-94	19	83	-76	-11	3	-32	-84	95	-91	25	92	-84	93	-25	36	7	-63	-77	50	46	83
-21	0	81	24	-83	-53	97	19	-42	-18	-18	53	-97	69	-25	92	66	61	7	10	-24	44	-9	-24	94	67	46	-82	35	-54	-80	-13	-25	44	85	-90	-26	-64	23	11	35	-14	0	56	-22	74	-27	-39	-30	-8	84	25	-61	68	58	-44	39	-91	84	33	-59	19	-82	91	1	-75	46	-23	-3	46	75	21	-40	66	-72	0	92	84	81	89	5	-6	21	43	-21	12	73	11	23	74	17	-18	9	-47	-10	65	92	-41	-50	49
2	-8	37	5	-56	-95	-5	-25	53	73	86	-45	94	33	-67	-27	-13	-23	-91	-23	-52	10	4	10	63	97	41	14	-82	56	-11	7	55	-32	8	-25	-30	-88	97	-11	-91	-9	-24	17	-68	-12	-20	-30	98	-34	80	10	-60	2	29	64	-43	24	-66	-96	94	-43	49	-3	88	-84	-64	-46	-94	-26	-34	-54	22	23	28	-97	35	-84	-71	-54	34	-49	57	-34	-65	70	64	-99	-30	-26	-70	-65	-28	-97	-27	-62	11	-31	-45	-97
7	46	52	-97	2	74	33	-37	42	48	95	18	3	27	-26	95	20	-13	-74	77	96	21	-29	-36	-10	36	56	82	74	63	46	-5	66	46	-45	-77	-64	-56	30	54	-19	0	93	3	66	-25	-84	65	73	-100	-98	42	17	-85	-87	-34	-53	68	33	10	-26	83	-21	-20	1	-50	-33	-68	61	-69	48	-45	-76	73	-33	92	-70	67	-3	-13	-47	53	-52	83	-53	-33	-75	-26	43	88	62	-25	57	-5	-16	45	17	-20	-72	45
-8	-90	-12	80	36	51	-44	100	-16	-62	-50	-20	13	-43	25	-89	-30	-19	-25	-88	-54	-9	-8	-44	-57	-12	96	81	-74	-27	12	-63	-27	-58	-9	-65	-42	-89	12	-59	-74	-71	-82	44	67	56	76	-79	-80	85	-64	51	2	-56	97	-68	-14	-40	9	94	-77	-20	34	81	82	93	-54	14	48	9	-6	42	-27	46	46	37	-52	-58	-97	-93	85	44	35	-49	4	-69	6	-81	-61	62	25	-63	98	-97	69	22	88	-24	-35	-10
18	-26	83	-87	-37	-44	-29	69	-31	-45	15	-97	-88	85	1	-38	-94	58	-68	-8	18	98	-58	80	11	-63	-85	-46	-73	-99	76	83	58	99	10	10	-99	-75	-16	-46	15	-76	-97	92	-94	62	45	32	84	28	5	-67	-97	-44	-48	87	-7	79	26	-65	-57	-73	1	73	95	-77	3	27	-23	-36	-65	75	-76	49	-80	61	53	-17	-19	-4	-31	-43	30	-52	37	-6	90	-25	38	-35	95	-45	29	86	-79	58	-22	17	79	-46
15	37	9	-24	23	-67	-32	3	100	-35	-28	-54	-98	30	72	-92	84	32	-4	94	-28	-20	-67	77	-43	58	-96	-32	66	45	-2	33	-79	-4	91	71	97	-39	-51	-7	-27	92	-7	88	57	52	-30	-94	94	19	65	14	-41	-92	-8	74	-2	-6	-66	60	-74	56	92	74	45	92	-25	54	32	-36	-37	-68	-8	-43	-28	-2	41	-66	-70	-37	-17	1	-85	-50	-18	-75	36	85	-89	-52	-71	-57	12	64	-42	44	52	-45	80	-55
-33	-26	-29	-49	30	-45	60	-96	-97	-64	-14	43	-24	-74	-92	93	25	-99	-18	22	11	35	-85	-8	40	45	-18	-60	98	-29	80	83	-17	-21	-35	77	60	-34	-21	37	-37	-100	73	48	45	98	100	89	17	23	-26	-6	-75	-78	73	2	43	-53	-51	60	-31	24	50	74	-64	0	-25	19	-46	-39	-22	48	-28	-23	1	-69	-77	-56	-91	28	75	7	-34	63	-4	-90	86	-7	-1	27	-95	24	-33	54	-33	86	93	42	-18	92
-2	-97	-72	-87	81	-80	57	-19	69	40	80	41	55	67	-33	23	-38	75	20	-71	43	31	23	-22	-88	83	46	-17	10	78	79	-36	-28	66	66	-89	-35	13	46	45	43	23	-26	96	91	82	-55	9	-88	60	-10	72	90	-88	-39	-75	5	-9	65	-17	-29	-42	67	-26	-51	25	-82	-67	-26	18	-65	-62	57	-21	39	-60	-90	-95	78	-12	-55	-61	-52	90	-95	7	-4	-62	10	95	24	-59	6	-81	-95	-49	4	80	-74	42
-35	22	76	-9	-48	-41	4	43	67	17	-38	-22	27	-69	-24	50	-64	-77	42	-52	-21	-14	-31	-12	-17	92	56	-74	68	-17	66	2	19	96	86	-2	-37	5	-20	21	-7	55	-82	-8	31	56	-62	-92	90	-34	-16	-62	-38	-94	4	-65	-17	-48	-95	93	-12	15	92	60	-97	82	-79	32	36	-54	18	-89	-30	75	-16	21	45	55	17	6	95	-83	-96	47	34	56	-20	33	-82	-19	53	60	65	-37	88	-94	46	72	46	82
-91	8	43	90	-93	20	-91	49	73	10	-94	30	89	-97	21	89	-81	-92	86	-83	75	-6	-82	68	60	-96	-14	-34	41	-99	-28	-99	-88	95	-90	-82	70	-99	-59	93	0	79	-24	60	14	-94	91	-48	76	-13	-84	-23	87	38	15	-85	25	70	-66	-91	98	-58	-70	-14	-11	78	-7	8	-76	3	-31	-3	-9	-14	-9	67	47	-19	-55	-48	85	-34	99	38	-76	-22	32	-56	55	99	0	-64	-12	-65	-67	31	87	88	-58	38
-78	-77	59	46	22	-77	98	-15	-41	40	30	-76	-2	92	18	-87	69	79	-75	6	-42	-37	79	-53	-43	-70	-9	-32	-41	55	94	41	94	51	1	-71	-29	-20	81	29	-20	-69	-7	85	-65	-67	43	48	89	-55	-19	85	-55	-79	-5	62	79	61	99	-74	38	22	-53	67	63	73	21	-74	-26	-29	-92	-77	51	28	46	56	60	94	96	-53	66	-72	-21	32	32	72	-43	97	73	46	7	71	-44	-89	61	-58	-94	12	-100	-96
97	3	89	96	60	-5	-28	-99	55	-28	-24	-68	-42	-80	-55	4	-62	35	96	-80	-36	31	4	61	-85	0	-49	-48	-66	100	-37	-66	-75	66	61	84	-69	-35	-38	-79	52	-41	91	-73	63	77	-62	-83	-92	49	-49	-35	-57	-78	-81	-46	84	-70	-60	73	-71	-78	93	89	15	-36	97	-95	82	-64	77	-9	-5	-88	75	95	38	24	100	-81	89	82	18	-64	-63	-41	-48	-89	-55	26	-17	9	10	6	91	-28	47	-92	-92	84
-4	97	-86	-41	24	-50	54	0	-81	-91	83	14	-41	-97	-31	22	12	-50	-18	35	-90	-3	-85	-84	39	84	-35	-48	-89	-72	42	65	-46	1	38	-33	94	-31	40	22	17	48	-74	-99	-1	-94	-43	-97	-71	26	99	65	-73	-12	7	-45	84	-70	40	-32	83	-81	-5	-43	39	47	-15	-41	33	99	88	-82	-32	94	-35	55	77	-99	-78	44	-34	27	-62	72	-59	7	-7	-46	21	75	-32	-6	22	-50	-5	74	80	-44	66	-14
0	-53	-73	-34	63	-61	-58	-86	47	-19	72	-15	31	-60	8	-34	-59	-97	-97	65	-74	-73	89	10	57	-91	-39	50	-68	51	93	-73	62	-48	-88	-48	-22	-55	-14	-73	-24	0	-13	81	57	72	-89	45	19	-44	85	33	-6	22	2	50	-36	74	17	18	80	-90	-67	-21	-85	28	83	11	-80	-56	63	-33	9	-77	-1	95	5	-87	75	-50	10	46	55	-30	-90	-28	45	-21	69	-85	64	-88	13	-54	61	56	-14	66	1	-100
60	31	72	71	-36	65	6	83	-80	14	-38	63	45	97	-77	-83	14	-32	-59	-15	-33	-66	46	-60	-30	41	17	-55	31	1	67	-50	-47	21	7	28	-68	-63	-23	-57	-28	-1	55	-98	86	-9	-75	-9	65	-3	-95	-31	6	-66	-79	5	74	70	-57	85	38	-67	-24	84	-23	-10	-41	57	-32	-25	-31	46	-92	-85	-96	-95	-11	94	-12	-35	8	80	-67	-29	-92	50	-99	-84	-66	-44	-54	-83	76	-21	28	74	-86	100	-35	75
58	87	-6	82	30	-63	60	-46	87	-50	69	71	46	-37	87	3	-97	-75	-85	-40	55	83	-28	-35	48	-59	88	-32	22	-39	65	-79	94	-65	59	63	-50	-47	-39	5	52	-83	-5	-93	-25	-85	-6	-16	74	-95	-30	89	100	-16	-51	-99	51	-89	14	73	14	58	-7	-42	-74	-70	-31	23	94	69	100	82	9	65	81	-50	-43	-54	-34	-82	-67	37	22	44	32	56	-73	20	14	25	-1	-64	91	4	-33	21	-89	38	55	-91
-8	-38	39	-35	-67	-96	-37	36	-49	-81	33	59	8	45	-50	-70	64	87	88	-83	-94	-56	-1	-24	-51	-57	40	31	-62	96	62	31	-37	-51	33	42	92	33	15	-31	29	-5	84	-15	-12	-57	-74	-55	49	77	19	-77	-35	48	-73	-47	42	-52	-25	75	-25	-69	0	89	88	-28	-98	36	-2	85	-68	3	-84	-27	16	-35	15	23	34	3	-75	-15	-89	-69	-8	9	65	87	-55	67	41	68	-62	90	11	-100	90	-70	-97	-79
-22	44	-60	67	-3	-93	-61	30	22	28	66	-30	58	79	-23	-2	44	73	90	32	-58	-17	-92	47	81	-47	-31	12	74	68	69	27	95	-27	-11	-98	89	10	-58	-48	89	-41	-17	-7	34	19	-32	-100	40	-7	45	-50	13	92	81	-54	-88	3	-51	48	-34	3	-70	-74	65	88	-22	-34	-49	11	6	66	-52	85	-47	59	86	50	-38	-38	51	-93	-12	-83	-96	-53	-89	59	1	72	87	57	-11	72	4	84	-24	42	74	-20
18	42	-27	57	47	-91	30	-77	42	37	-95	67	-8	-86	-60	86	-76	15	-45	-86	74	70	-29	-40	-87	96	81	54	-96	-90	-83	25	-21	63	54	-61	-29	97	-24	16	63	65	-73	50	41	-79	42	-50	-39	72	97	-75	-54	63	87	13	-23	-85	-17	6	-79	-13	90	-5	-71	-8	51	41	-100	91	-30	-40	-21	39	87	70	99	-94	-32	11	72	4	-40	98	6	-81	64	-36	8	49	55	-90	-85	-10	60	25	-86	23	0	-30
-34	4	-61	-73	62	-95	-12	-64	34	-6	-45	-20	84	45	-51	-97	-86	33	45	11	79	-48	75	-82	-5	29	64	-72	70	78	-93	54	84	21	81	-78	18	-17	-6	-26	100	-74	-25	-85	-96	-99	-89	-91	-66	35	-31	2	74	-2	-9	-70	-35	10	-96	-70	5	24	73	71	8	97	-73	-51	11	21	61	-72	77	-47	-28	68	30	57	86	-20	-73	-23	-16	-8	-14	-21	48	-95	-1	5	13	85	-88	79	-92	-52	29	38	-73	-51
-49	94	-71	-8	-67	-46	-64	71	83	9	84	91	-78	69	-66	-34	84	2	66	-91	18	10	-88	29	61	50	-38	16	85	-97	29	23	-31	81	-2	-73	5	88	92	-55	-73	-43	45	96	-94	100	-34	73	-99	-61	-33	-29	-39	-87	66	33	-61	27	42	-74	-50	-61	40	96	-94	-73	28	-93	99	-68	52	-25	72	-37	55	73	-42	92	-94	-21	15	86	-32	-50	54	-41	58	-1	86	-30	-69	-35	-44	-65	-94	-17	-98	28	-39	-60
-36	-69	58	-29	69	75	1	41	-30	90	-61	-31	13	-83	16	-14	-53	-18	-45	55	-28	22	-35	17	-5	-39	43	-35	-91	-16	-100	-64	84	91	44	-30	-34	34	4	-23	-86	23	-18	-84	50	-21	40	67	-24	-42	-82	13	29	-48	-88	60	12	98	-89	67	13	-30	-83	2	84	66	78	-26	-43	-54	5	79	37	82	22	-8	8	-62	-62	-26	-14	8	6	75	73	-63	-39	56	95	-17	-66	-60	-10	-30	-86	92	4	-42	-41	-61
-2	49	-57	-50	-40	33	68	-10	6	-29	-27	-59	-89	18	20	94	55	-19	4	-60	27	-74	-56	-35	-31	9	-70	-33	-32	-32	-9	-18	53	-70	-2	97	-35	14	-80	32	-26	-55	-24	-4	38	-18	18	-62	98	-81	-51	-89	-71	86	-16	60	-37	-54	-32	-87	85	69	-99	-56	-73	41	-19	-2	45	-46	58	-44	-53	-10	-23	15	66	-56	-40	-32	54	-46	-99	54	42	-71	-26	-4	-9	-55	92	-16	-45	-52	-66	86	1	56	-6	-79
-57	42	10	14	99	55	85	-26	16	-53	24	15	-19	-4	-33	-65	-93	46	-58	-72	-96	-10	87	-2	23	36	-20	-70	-95	52	45	-21	59	92	-77	29	-100	14	-24	97	-55	4	39	16	18	-99	-54	28	-25	73	49	-22	-58	100	65	6	66	46	-2	-57	61	12	-56	84	1	99	95	-12	30	3	65	47	43	-3	47	50	-8	18	42	53	-7	95	-87	-48	75	44	90	100	11	44	-33	55	-15	8	-3	-93	52	-37	-36	-99
-69	34	-89	-91	81	71	15	-58	47	-58	-50	-79	-23	-66	84	-49	99	-37	-6	-88	96	70	-44	-65	96	66	-99	-44	42	-79	-5	-98	3	-81	100	-74	-39	-67	-73	-95	44	46	-33	68	-42	-46	-53	0	91	4	-98	-15	-46	-68	-32	55	-27	11	-68	-11	69	-18	53	-82	38	-100	45	20	23	-78	-92	96	78	43	56	31	5	49	-48	-23	-51	9	85	-78	26	-10	95	-75	24	66	35	99	-70	64	-12	24	15	72	-68	41
32	-24	57	23	-6	78	-5	39	-16	-83	-61	40	-95	94	22	-55	-49	29	52	17	-98	0	58	89	63	63	34	-4	47	64	98	-59	86	5	-45	1	64	-32	55	55	-25	-85	5	-80	20	21	-31	-28	49	-18	8	-64	-94	39	-62	-74	59	-27	-94	11	-11	87	85	-81	45	7	-26	-12	44	-17	95	28	48	68	-13	18	99	-45	-7	45	69	-24	-15	73	46	49	38	-90	-22	-78	-4	95	-59	93	39	82	70	-85	-91	-84
72	24	71	5	70	-8	-63	-36	55	-27	2	74	-88	49	79	62	41	-95	-88	-27	81	-6	10	78	-64	6	-37	36	86	96	45	-38	53	72	95	38	-63	42	77	-78	92	-40	-30	-78	-62	-6	87	21	91	-62	-7	64	68	-85	74	-72	81	-41	20	-99	-16	22	-6	-25	-21	84	-28	-5	25	-85	0	38	-42	21	-28	-96	81	89	-12	16	-76	1	-14	57	-84	36	-67	12	74	-30	-5	70	-2	88	51	-53	58	-84	23	19
-2	28	60	-70	-18	63	7	80	41	51	53	-70	12	45	-53	-23	-78	33	-30	-48	-2	68	-20	-37	-74	-49	-15	-71	42	-15	57	-23	-91	-68	-78	-7	-7	-79	-14	36	-80	-19	-60	5	84	80	42	16	33	96	79	87	34	13	5	22	-70	-46	-14	-100	51	52	-57	-31	54	5	-68	59	-41	19	-11	18	42	-98	71	78	-8	-63	73	83	-64	25	94	-36	48	56	-47	14	-71	-1	21	-65	-5	-45	26	47	-43	74	-53	58
37	90	82	-9	35	-51	-54	11	-47	16	-46	10	-25	-79	23	25	-55	19	17	49	-20	-47	-80	82	67	-37	-16	32	49	62	-74	-39	-26	-8	10	-87	-6	92	-76	-81	-60	-54	27	-30	-67	89	-95	-87	-15	58	-24	25	-21	-28	-69	-22	82	70	-7	16	92	-96	59	-41	-40	-79	-78	-68	94	-51	25	-69	-37	84	89	-76	-93	40	-5	-9	95	-65	5	86	-63	30	-20	1	2	-10	-91	88	4	-34	58	-52	-77	-58	-60	98
85	91	-76	-46	-24	-34	47	55	-63	-39	-40	9	-36	-27	1	-70	72	24	37	71	43	0	98	51	81	87	13	-54	43	-63	-3	1	78	-5	57	-90	-36	-87	-66	-20	-4	-49	-66	13	54	46	-46	-15	34	-27	-82	20	-95	-45	-77	-27	-49	84	44	28	-36	-46	53	24	17	33	77	59	61	-80	-1	-91	88	-90	43	76	-30	-57	66	-63	22	-95	73	44	12	57	72	41	39	26	71	-23	-61	-91	2	51	-68	-14	58	80
30	45	-71	73	5	3	14	-47	-42	-73	67	-4	50	-35	-59	97	-81	70	77	-51	25	41	20	-11	-62	-44	-43	2	24	97	33	-38	16	-28	-38	-5	-6	-36	-93	-60	22	77	11	28	-7	-6	100	-8	-7	-31	93	-77	33	-49	-61	-93	-54	19	7	28	-14	-25	-16	-70	-40	22	-9	-92	-13	93	30	92	12	37	61	60	-94	-1	61	84	-51	-17	39	-73	3	-14	-31	-34	58	37	-45	-28	-21	62	80	-84	-86	48	-61	86
-31	83	67	-6	-72	2	78	78	70	35	18	48	-25	-48	-88	36	-36	0	-56	-68	-19	-23	-16	98	7	-45	0	-35	54	60	5	-100	-97	-26	21	-50	81	-30	-48	51	-90	48	-98	51	57	-86	-56	-19	-21	30	-65	-24	-53	-79	95	-35	97	-82	42	-50	47	10	72	30	-88	88	-20	12	-88	-95	59	80	74	-11	77	-16	0	-98	-60	48	-15	-41	-78	62	57	29	-84	-54	-24	-56	86	-30	-87	-2	83	93	59	50	42	50
-89	96	-11	-19	29	-8	-41	-37	-27	8	-66	-53	-47	-38	66	24	44	64	-61	-54	71	-7	-14	86	49	-28	27	-73	-87	-6	37	-33	12	52	20	26	-35	-36	85	-48	-23	-78	-23	-49	3	-85	94	-2	-85	-38	-65	45	55	83	8	-92	-11	70	-76	-3	-15	-61	75	100	-71	-29	42	83	79	-19	24	-90	49	-28	-20	-40	-68	-97	-74	-37	21	-80	46	-46	37	-61	28	89	6	99	15	59	-74	15	14	86	72	-66	18	32
57	-68	-5	-37	-61	-34	-60	32	36	-3	49	-68	36	27	-100	-81	17	18	30	18	79	8	-3	-6	-68	-61	13	80	-29	49	73	56	-23	-53	96	16	32	90	55	16	21	-46	2	-59	-100	-72	72	-54	-12	23	74	26	-59	92	65	62	24	88	-25	100	4	-20	23	-97	6	-41	23	-43	28	34	-36	-51	57	39	-18	70	23	31	100	12	-80	-6	25	97	-23	-66	-32	-50	0	54	-72	54	10	73	-45	-3	-99	23	-23	63
48	12	-18	-32	65	28	-85	80	-98	-59	56	44	-71	-11	-65	-29	9	81	65	97	74	-50	46	18	-85	-60	48	-26	-9	61	-25	24	-80	-78	1	37	-100	75	-84	-78	36	88	68	29	-69	47	-60	71	-10	17	-92	-97	4	-19	7	15	-1	6	16	29	-26	58	-83	35	-81	-26	-7	-53	-54	92	-93	-41	60	42	-97	-67	66	-100	-10	-3	8	39	80	-23	-16	47	59	21	-63	60	90	48	92	-23	-14	-17	51	-82	50	44
-76	29	69	-25	-68	48	-96	-74	29	-41	62	89	41	87	83	11	-37	-91	-64	-14	93	6	54	43	-13	-26	-64	-34	-88	8	-64	8	-10	-86	-98	-68	-99	-48	17	89	88	85	63	67	72	18	-1	69	78	-71	4	0	-63	85	-86	82	22	-27	92	-35	-11	-43	-96	-98	-31	-80	0	-68	-32	94	-51	65	-10	-14	-54	-50	56	8	-54	8	-48	47	16	66	-24	51	85	80	17	-8	-87	-30	71	78	-80	96	46	91	-30	-19
-85	-93	51	-26	-55	84	-18	2	83	23	-26	9	2	32	-27	-57	-45	-76	2	-59	86	57	35	-99	-41	-22	-39	13	5	83	68	-78	-77	78	-89	-79	73	-39	91	72	50	-58	78	-98	9	70	96	12	-60	-58	45	16	-8	-72	72	-8	-96	58	15	-26	-55	68	15	60	79	37	91	-90	71	92	69	11	43	54	-23	-6	-78	-25	-99	-88	-33	-6	42	-27	-4	19	-86	74	-20	-21	42	32	-3	18	-44	-8	-38	-70	81	75
46	-26	-30	20	7	-37	-48	10	54	11	-54	92	26	-67	-96	90	-96	-5	-21	-74	31	-23	-40	-76	67	-31	73	82	-50	87	52	5	-8	-14	-29	-40	-61	26	-47	-76	32	-85	62	2	-92	6	98	-23	-50	-67	98	58	-14	36	12	-52	41	-6	-3	-32	-28	58	-39	-53	-89	-55	73	21	89	62	-31	81	73	76	78	-74	68	-17	81	-20	-18	-92	79	15	61	18	50	60	-94	55	79	-98	-31	29	-54	41	-68	94	-39	-59
14	44	-85	-89	83	-4	-16	-3	-75	-4	-30	-22	44	52	-99	86	-33	-35	-29	-91	-5	87	-46	-83	-40	-56	-44	-1	-68	-14	4	-10	-55	56	16	-25	-34	44	84	95	-65	82	24	-54	-43	64	84	79	-87	-95	5	-93	-15	86	-71	-55	76	35	-73	-46	-35	-100	-26	-73	39	57	-32	54	56	92	11	17	100	-40	-3	78	-7	-90	-54	-32	29	-8	62	96	19	-80	-64	-87	-84	-31	1	-34	32	-89	-90	-80	54	67	-6	71
-14	52	-7	36	51	15	60	-79	-48	-80	-16	-26	-54	-56	98	78	43	12	-95	-12	33	32	-20	-27	-17	-25	58	41	85	-46	-31	-35	-86	-27	66	-83	8	-31	40	48	-46	46	59	8	-63	78	-65	13	69	29	-10	96	-98	1	55	12	-84	-84	40	-13	-56	31	57	41	-96	86	79	2	35	98	-14	21	-34	7	21	42	41	51	-81	86	86	69	-17	15	6	-43	-16	-100	73	37	-8	-27	-88	-94	7	58	-61	-90	85	8
56	95	-8	6	-81	-11	-25	100	-3	5	57	-64	-2	21	-26	-27	79	-39	-84	0	27	10	11	38	47	88	82	-93	82	3	-28	-98	-52	-69	88	69	54	86	-35	-48	78	-86	-80	-24	-94	-67	-49	70	-78	-78	48	31	-62	80	5	-93	-31	2	3	22	-31	81	-55	9	86	-25	-9	-62	-15	26	-77	48	-65	55	23	-15	8	-32	-30	59	4	-96	79	-41	23	-49	-93	1	4	16	-41	42	-69	16	-35	-99	-31	83	-9	2
-92	14	75	76	90	75	-51	77	-21	44	-98	-92	81	-71	-18	10	-39	-93	-38	0	-33	68	-30	-97	55	-65	-27	-4	20	5	-57	-23	-65	45	-69	62	-96	93	35	-36	-82	-30	-15	-98	-92	-79	28	-24	-17	32	49	-92	-21	5	54	43	7	93	26	54	-89	-96	85	45	38	-56	65	75	22	-18	-90	-60	66	-78	-21	78	-92	-24	93	-85	72	19	95	25	-33	1	32	-37	83	66	-35	68	-61	78	-26	39	-87	85	30	-40
-59	36	-37	26	37	7	-56	42	-57	85	-85	-60	34	-50	33	-99	35	-4	-15	88	-67	-62	-46	37	15	55	-51	-15	-47	-32	73	88	-7	-91	-10	-59	53	3	-17	-46	-99	45	57	-6	-59	-17	75	89	-86	-44	-87	2	-28	-88	61	-89	-36	-93	-64	-28	-41	65	-40	1	53	14	70	-12	-10	100	-78	-55	43	-17	-39	11	49	-100	47	100	-49	-18	-12	61	-53	-23	-37	83	81	67	10	11	-9	-75	-87	46	60	-10	2	-23
-53	91	-6	73	3	-58	-19	-57	65	-16	-18	34	-42	-31	-93	46	29	83	15	-31	-63	-59	72	-43	-44	86	-63	76	98	30	-3	61	3	95	-14	9	10	85	-18	-44	-75	54	-14	-58	-100	1	-65	-67	35	13	-11	-10	-61	61	-47	69	56	-21	41	22	-78	88	28	-94	-57	-74	96	94	-82	-17	94	-92	-35	-26	94	76	32	-30	-28	-81	10	61	-97	-52	45	-75	37	-77	1	2	90	-73	65	-87	94	-35	88	-29	2	24
21	-75	-9	-52	-49	39	59	-52	80	66	-5	91	45	-54	-3	-59	-94	42	-23	-11	-71	87	53	-49	-18	70	-19	0	57	35	97	87	-66	-64	89	-64	-88	27	57	-14	-63	-75	-36	-24	-61	58	-50	-14	-13	-98	-93	-36	54	84	88	-16	-67	91	-58	-84	-33	83	-9	12	94	31	19	-95	6	70	13	66	65	55	-44	-91	-51	-19	100	-76	-7	61	6	-12	-77	14	-39	-55	-2	-71	59	75	-96	73	29	-16	22	-55	42	16
-97	73	-54	-38	17	-10	0	14	52	84	76	33	-7	10	-50	-88	92	-80	-20	0	-91	94	-7	1	65	-25	-55	45	68	-31	-72	56	98	7	84	23	39	85	-15	-17	-6	91	-41	-24	-96	72	-87	54	-6	-65	-6	51	38	91	-68	82	-17	30	-77	-24	27	-74	-14	100	-9	-93	29	-60	79	-3	66	21	5	94	94	88	48	-91	-97	14	-15	56	-59	-59	57	59	70	-60	-73	54	40	21	30	-20	-58	-10	86	-86	-3	81
36	-37	11	-53	-40	23	-91	-30	18	-58	-25	-4	-62	1	-43	45	65	99	-42	-96	-87	70	38	-4	0	83	43	-67	-2	9	-75	36	-66	-56	50	18	-9	-45	-51	43	-8	-28	-27	-95	95	-24	-100	-90	80	-3	86	49	-62	-63	26	-33	96	-23	-17	34	-95	-7	-51	42	-99	-29	-19	-95	93	-45	69	-19	-79	-97	-82	51	-24	-90	-14	-60	-63	-36	69	67	1	-20	-50	-23	-74	85	-50	-69	-32	-89	-65	-21	-82	73	100	14
-39	-11	-17	73	26	-65	75	-88	82	-13	2	7	34	-88	92	-95	55	90	44	-71	-3	-88	-31	-66	-51	-29	-94	39	64	87	-89	-74	-75	-82	-66	-70	-85	100	-7	31	-55	46	-14	-48	-40	-32	78	3	47	-43	38	45	10	80	88	-91	10	-40	-85	-92	57	90	-73	91	-60	-29	-36	37	-70	91	-77	93	67	-60	20	46	66	-40	-12	20	-10	86	22	-14	-10	-73	11	30	-50	96	-71	-64	-66	89	43	29	-42	-16	45	-17
-7	-56	30	-95	-83	-21	-45	-78	-43	-92	15	-81	-99	64	-52	-86	49	-62	-56	-28	98	91	-36	-38	60	49	-44	10	90	-13	60	50	-73	-40	-25	87	-15	11	69	4	67	91	42	84	100	-58	-32	-58	-81	-48	-17	-4	80	-47	-63	98	100	30	-42	35	4	-43	-81	61	73	-54	-95	-90	96	51	16	22	20	58	-81	13	68	-43	-56	55	100	-34	29	-57	-47	-90	-24	52	98	18	-73	-91	80	99	-25	63	-82	84	-63	96
10	-88	-66	-84	72	67	-69	19	37	-23	-49	55	43	-93	-78	-70	-10	-20	6	55	-44	42	-54	-8	85	94	-44	-56	-8	-14	-35	23	-62	2	-36	-22	65	62	-26	-4	-12	-99	5	80	91	55	-33	-95	6	-82	-21	-69	99	-54	-79	-79	-75	-34	81	-33	-87	-98	-7	-78	-82	-42	78	60	-8	-20	-6	-6	65	93	-41	-88	-65	-29	98	96	-81	-31	-39	-76	23	94	27	-64	29	56	-100	-56	-21	54	71	18	41	-50	-83	-24
13	-82	-99	-61	-20	90	65	-22	97	48	-91	56	-45	3	16	20	3	-85	89	18	-38	11	-14	-58	-47	30	-74	-47	-80	-66	95	85	29	34	-7	-97	70	70	38	2	-50	50	-84	18	72	32	-54	-4	-33	-52	1	-53	-93	95	92	-47	0	78	94	39	-16	78	-42	83	-100	47	-83	2	95	86	14	-21	-10	-92	5	88	28	-87	-98	16	-74	24	-82	-47	-44	99	6	93	-79	-96	29	100	-84	-41	-70	-59	-51	-64	30	63
-42	2	50	99	14	-36	35	71	79	59	45	70	14	-23	91	-27	-68	69	1	-65	-37	-23	-68	-44	-13	51	75	-95	-86	-99	-15	94	67	-32	90	-15	91	-30	-82	-55	92	35	82	-81	-62	20	-39	70	-65	8	-42	9	72	-40	-22	12	42	-61	-6	-8	6	58	-12	24	-46	90	47	43	-91	73	-66	-18	-27	83	67	7	31	-31	18	-29	94	7	-67	-81	-36	92	-22	-75	29	-33	-43	99	36	-45	-100	80	42	-47	52	71
-31	-51	94	-87	98	99	47	-44	-48	49	-71	80	-90	33	-4	75	-96	-95	-91	-24	-55	-99	44	-38	94	-81	32	87	3	96	-55	67	90	29	56	-71	39	-98	-9	-86	91	-39	7	-19	-84	87	72	-37	-21	-91	-33	-12	55	53	94	24	-12	47	-29	-87	-89	-53	-50	-100	-55	16	-30	89	-30	59	41	-35	13	-75	99	-96	73	61	-51	41	-66	-78	86	-75	-70	65	-87	23	-65	2	-31	-20	-33	-25	-71	-53	69	-75	89	-55
-64	5	11	79	-43	23	-52	-37	-11	-83	20	-8	-79	-62	-91	-84	40	52	45	18	-30	-63	89	-44	33	63	-57	79	77	-10	41	-38	-84	10	-66	32	38	-49	-39	28	-18	-65	-95	-31	-2	-82	-59	86	-12	-88	74	1	77	-7	-8	-61	-91	71	-40	-64	51	-28	0	6	81	7	-98	71	76	-11	49	67	-8	10	80	-43	-41	83	100	78	-77	-80	-94	57	98	-81	-7	10	-8	59	77	-97	-45	9	-61	-80	-21	-33	47	62
88	82	-4	12	5	7	5	-62	-11	91	-91	40	5	91	38	96	46	-12	18	-50	72	-5	95	4	76	66	-21	-69	-32	-53	65	72	-49	3	30	80	6	28	-35	-56	-8	-90	-44	-43	71	-57	-39	-20	-17	-36	69	-99	-62	-22	-14	79	-38	-44	-82	-71	71	-51	-19	47	-40	-93	-16	3	83	23	61	-81	-49	56	5	77	-54	56	-46	-70	97	92	27	48	-93	76	59	-84	-32	12	-26	-64	58	-16	90	-80	-78	-62	-39	94
-80	-49	-41	29	46	-22	-65	-4	-6	-12	-73	-72	93	-83	88	-97	27	62	-86	43	49	-73	-91	90	-58	63	14	21	65	64	12	43	82	-93	-99	0	-27	78	-32	53	40	-67	-90	8	99	7	87	67	70	-37	100	33	43	-96	35	-17	-98	76	4	-25	-63	-45	-96	30	-88	40	12	52	-5	-90	-67	-79	-45	6	-84	6	-72	89	63	48	85	8	32	96	-82	-11	-24	42	-24	-60	-7	-43	68	-57	34	-43	13	54	-88	-35
16	68	75	64	68	45	50	-85	30	84	38	-70	-62	5	48	42	-31	-7	-30	86	-8	40	-30	23	-3	-72	-33	46	-23	-56	27	84	68	50	-90	65	-72	13	46	37	-42	-48	-90	-35	89	-26	57	21	74	-63	56	-18	98	22	67	-69	1	-35	20	67	-81	-22	-71	-11	-41	-97	19	-32	-50	74	54	67	2	-11	-14	31	43	7	71	90	-13	86	78	-23	70	-1	-8	-44	49	-41	76	79	-31	-13	-60	-30	-19	8	-35	-50
40	92	36	21	26	78	-58	85	-84	10	-74	75	-35	93	100	76	-90	-29	-100	27	40	-41	46	-55	69	-86	-26	-9	-64	-59	26	10	-58	43	-6	6	66	-44	-6	-81	64	-40	52	38	59	-96	69	-53	-16	52	22	75	-20	49	3	75	-28	43	47	85	-75	-12	100	26	9	22	90	-8	57	-29	73	67	-42	-51	-89	-37	-38	-43	-99	21	-72	-6	90	2	-77	-33	25	14	-91	-38	86	-84	-49	10	-29	70	-53	24	93	57
-34	-85	47	-57	86	4	98	33	28	50	28	87	99	-12	98	-78	96	-95	2	-61	-90	-58	-70	-42	-73	-19	-37	-83	-46	-82	-76	-2	-48	57	-79	-59	-72	-23	46	-87	-73	88	99	-42	-91	-56	-72	81	70	-78	18	-20	-23	68	-94	-99	81	-65	30	11	63	-65	-84	6	4	2	21	-36	7	-14	49	-55	-19	-82	11	-5	-90	74	-32	-92	-98	69	81	61	57	-59	72	5	0	95	81	-36	82	57	49	-62	0	42	-85	23
60	-5	-91	-3	12	65	15	45	-94	22	49	-28	-24	-84	-1	-69	33	58	-80	2	-90	-97	-27	-98	89	-86	-51	-63	11	-14	65	8	-32	92	-65	-8	13	-28	77	16	3	-90	89	37	1	40	-42	73	-40	-41	-33	34	89	29	-54	64	-3	9	-76	-15	99	-15	-51	-62	-74	-20	50	18	12	81	89	55	99	-87	-76	20	-32	49	29	-18	18	-61	-95	91	35	68	85	17	3	-52	100	-20	81	95	41	-32	57	4	7	-73
-62	-27	80	-29	-65	-79	-56	92	-71	26	29	32	-81	-6	87	-74	26	33	10	-46	16	-67	4	8	32	-15	95	-95	5	-20	-60	41	-42	77	-17	29	-96	53	-76	98	99	98	35	-40	-9	-50	42	-67	-38	-38	-85	25	86	76	-61	-21	-42	-87	43	42	-87	-79	23	10	64	-69	28	75	-31	43	-64	-8	87	84	63	57	16	84	17	89	-63	-43	68	-89	94	-30	-85	-25	43	38	51	81	-25	88	-26	-73	0	54	88	89
44	-33	32	-1	-17	-90	-15	28	-8	92	29	-13	-26	2	41	-89	-51	73	-6	-42	-92	-94	5	41	58	-32	47	10	-87	99	31	84	-89	41	-43	-70	-34	-70	57	-37	62	46	-18	14	18	-64	-91	79	-100	-57	-73	-32	84	45	-97	68	-25	57	2	-63	-56	64	-79	16	-97	60	-78	-15	72	97	87	72	97	68	-59	-75	-68	74	-7	55	40	-29	12	-34	-6	-66	40	6	49	-34	-51	-16	-54	84	-86	16	91	-87	-90	-11
-6	-78	15	100	-3	-51	-30	90	-69	-29	62	47	9	-66	-89	26	-33	-75	-86	-91	-14	95	-64	-40	-80	82	-72	81	84	38	67	-6	55	73	-36	-98	77	50	56	20	28	14	94	-46	-79	28	83	-55	5	49	42	-22	56	-86	10	71	-40	-72	41	91	33	-41	-41	22	-40	-96	32	67	-62	-5	23	90	-28	-27	51	86	-45	-69	-50	60	73	32	-92	7	-15	89	-87	82	95	9	68	-96	60	56	-53	-36	91	-17	-40	1
92	72	33	-54	92	-40	90	-91	83	20	-32	84	-52	39	-60	71	36	45	-36	74	38	-12	7	50	68	53	-94	-78	6	22	45	92	48	-62	54	32	7	-11	84	-16	13	-24	-23	35	77	-63	83	-90	44	25	-63	16	94	78	-39	72	-3	18	-98	30	-59	21	-84	67	-20	62	100	-67	21	32	85	-99	-80	-85	28	-61	-13	79	99	-3	-57	68	-37	-75	14	41	-22	31	-93	-21	40	-22	-72	35	-67	-10	59	4	24	28
40	-95	34	-31	35	-33	-47	22	73	-7	-96	-18	32	11	-65	-89	31	-44	72	24	26	-25	44	36	-56	-81	48	94	6	-74	78	35	-60	-96	35	52	34	50	14	-70	41	-23	50	-10	54	-90	15	37	-3	56	89	89	1	-47	5	91	-20	99	-63	84	76	-96	39	99	84	-96	-70	-92	-70	33	72	74	-16	-46	-50	-37	83	-96	-39	-19	-40	23	-100	53	61	61	18	59	21	-9	-41	-31	-80	80	2	-83	70	-17	-62	-46
-72	-40	-71	-30	89	-1	-84	82	-19	-37	93	-39	58	60	-87	-28	1	-29	61	-56	69	-12	-92	95	72	94	-48	1	28	-73	47	-41	-3	-85	46	36	-57	-92	-90	-63	82	68	-90	-94	56	-55	-24	94	63	-79	61	-36	-93	-79	-29	-96	-84	62	69	-46	18	29	79	31	76	-71	60	59	96	-42	20	62	72	-56	29	24	-47	-7	12	-84	85	68	53	-1	-14	41	67	30	-70	-39	-17	96	-76	-7	-93	23	-6	46	44	-90
-93	-22	14	10	99	-72	97	-49	36	-38	-18	12	-68	42	-37	-23	-77	76	-82	30	31	-78	27	-19	100	74	-94	37	86	56	90	91	30	5	-66	5	-40	-45	29	-47	5	28	-75	16	-97	82	5	-78	39	82	9	67	-95	13	-86	-98	-58	-5	84	92	13	67	-94	15	-63	88	75	41	90	-10	-47	-26	-85	21	36	-100	-27	-71	35	65	-70	28	-62	86	-62	-6	24	-75	60	4	-74	23	34	-51	19	4	42	-42	-97	-82
-14	-55	-7	-55	-11	50	-7	-58	46	71	-19	32	-72	57	63	-52	73	52	-68	32	34	-50	44	-9	11	-54	-22	-92	-70	-39	57	49	-50	56	-4	44	-60	-15	2	-96	50	46	3	81	13	100	-50	-12	-34	-19	-97	26	58	-70	-87	-100	-61	-41	-21	83	-92	18	69	85	62	-4	11	-98	-56	-76	-27	-42	-39	78	3	66	-28	-40	-80	-10	71	52	-74	-95	93	99	96	54	-38	-64	-70	36	9	-17	-81	-21	-80	59	-19	-71
74	10	67	16	30	-3	39	81	48	62	-70	18	-63	-82	58	71	-61	-68	85	-57	-60	-10	80	50	79	-46	-53	22	-1	47	16	20	-48	-2	95	-57	30	40	-41	-12	29	81	25	21	-60	49	-75	-83	76	-96	-17	-12	-90	-34	50	-53	-7	-31	-93	61	-60	58	-96	-78	51	-82	-60	41	-72	-85	-56	-94	-40	57	-83	-80	-62	32	-25	-16	57	-8	95	-38	17	-42	-55	63	47	-11	67	-76	14	-60	52	35	39	63	-54	30
7	-88	-4	7	86	-4	88	89	-78	39	15	11	21	36	-79	-59	-54	65	-31	35	78	20	-33	-43	-79	42	44	60	-70	8	-1	96	-45	-3	-49	16	82	-8	-20	-93	55	-71	-89	14	28	-89	-55	63	52	-68	-44	83	-11	18	-66	96	52	93	-80	84	15	-82	51	-99	-12	-25	-88	-64	-86	-47	-47	-7	-74	-20	24	-12	6	60	-64	72	63	-93	-93	-84	46	-49	-30	25	-91	5	-69	95	53	27	87	-9	-20	45	-18	-54
23	-38	-39	-8	23	50	39	-78	-12	83	36	80	50	57	-76	-55	-19	63	-58	-92	31	1	-26	-66	-10	67	-20	86	21	45	79	-83	-94	63	20	82	55	7	35	-36	66	29	-46	-46	87	91	-82	59	-9	48	-54	62	-22	-64	-32	-62	-98	60	35	-78	-23	87	-95	94	-9	-28	-36	-57	86	65	-46	-82	-12	40	6	-37	-21	91	-25	25	16	44	-98	13	19	-98	33	30	-96	-56	-6	94	-3	84	-30	64	94	-25	-85	-4
-70	-85	35	12	-43	-64	87	-31	94	72	-6	-23	24	89	73	75	-46	66	-43	37	-44	7	-52	-65	-12	-12	-37	-62	2	56	-41	-18	90	80	-41	-86	-43	43	-40	-5	21	-52	-49	12	-56	-31	-68	-14	-78	89	2	35	87	62	-51	95	7	25	26	83	-99	88	92	84	-17	-100	-21	35	76	70	57	15	-74	48	29	-65	-82	92	-35	-64	-23	16	15	-46	-77	89	-14	83	19	40	-98	92	-24	84	73	71	-67	-11	-76	44
-18	77	19	33	-13	-33	-26	-99	4	-68	16	94	-81	-50	-38	-31	23	-7	-50	62	63	-93	100	65	92	-52	-61	65	98	45	37	-47	3	-69	-54	69	52	71	-5	-12	-71	42	-94	-78	23	24	74	34	-11	-61	87	-74	50	-2	-61	3	72	56	-28	-68	65	-6	-49	30	-61	51	61	31	73	71	67	-55	-10	-97	-99	96	68	6	-70	-52	4	37	-84	-65	-7	-88	37	-25	98	-76	-25	-63	42	-45	39	-87	-9	67	-19	-25
50	49	-69	84	10	-37	-57	88	-25	100	56	45	-60	-8	-2	-37	0	17	18	-21	-50	18	-85	-71	-64	-84	65	-62	-78	38	100	-88	7	92	93	35	81	86	-21	-55	-50	-36	83	2	-90	54	21	80	-49	-59	92	-95	-27	65	-84	2	26	12	47	98	-52	18	-5	-92	4	-52	-22	27	-42	-74	38	-39	-36	74	-100	-7	61	10	55	-48	28	14	-47	-58	-89	-20	-24	33	-74	62	3	27	15	-60	-58	93	93	-31	71	-87
-66	23	89	-79	1	69	9	-74	88	54	-13	84	-51	-36	-34	-28	-64	67	-27	-24	-65	29	-35	60	-57	74	-10	-18	-96	88	-90	22	65	-43	6	-90	-64	-11	-98	17	48	-6	-94	-34	-89	-92	-1	-87	25	-53	62	15	-56	98	24	97	0	46	70	14	60	-57	-26	-87	21	26	46	92	-74	89	5	-72	-6	31	-64	14	-98	79	11	6	-64	5	-51	72	-32	39	-11	-44	-69	-15	3	-22	-79	-76	-47	-68	68	-24	100	83
34	-23	66	-91	-5	36	73	-81	59	52	44	95	-97	21	4	-46	73	-93	23	82	29	46	58	42	-86	6	10	-49	6	-44	98	-62	-70	76	28	74	-50	-89	-76	-93	15	22	58	21	20	-88	29	92	-81	58	-31	99	-40	71	-89	92	55	85	54	-32	-63	58	-99	3	-52	-30	90	-83	-28	-71	62	-96	36	22	-81	52	-3	95	-23	6	-73	-28	-73	81	-9	-22	7	85	-16	-27	-5	-93	-54	36	52	8	82	-50	-96	100
60	-70	-61	-6	76	27	80	34	86	-44	3	-39	-53	37	75	-37	89	-90	-71	71	36	66	-12	-63	-86	25	-93	-79	90	-7	92	-79	-3	-23	-62	33	17	-51	40	-83	-55	-10	-63	98	-52	50	-87	67	-41	91	99	8	-92	-72	-16	29	-50	-39	14	74	25	71	80	-10	-22	44	97	-24	76	84	-68	28	-83	-75	44	32	84	-34	56	-16	76	-34	-89	-66	-67	-30	50	38	66	82	81	-16	4	-49	30	54	-39	31	-76	90
20	-27	-35	-2	-38	-11	98	71	-86	-29	82	-33	-58	-18	-81	-21	-18	53	46	-93	7	9	94	33	14	60	-16	-80	-81	-29	-47	-34	23	56	58	70	-24	-95	33	-59	18	74	91	42	-41	75	-10	90	17	56	86	-24	92	14	98	-11	48	83	-22	52	89	-48	77	-17	33	80	-28	7	-65	-47	-27	34	-89	1	64	-99	63	-58	2	18	-24	68	59	98	-61	-70	27	48	3	-84	-84	-31	85	-21	-92	-12	12	-72	-91	-47
-17	-5	-61	-42	25	20	11	19	51	14	100	38	-10	-40	22	-50	-66	-73	-25	4	-2	41	92	-27	-62	43	-83	13	86	22	16	1	-16	-15	-100	80	-34	-6	95	-86	74	-10	55	-84	-58	27	70	70	9	78	58	70	35	-30	24	-92	-57	-41	79	46	56	47	46	-66	83	79	70	20	83	-46	-7	-80	-56	75	91	55	58	92	23	46	-99	82	33	-32	89	91	27	-67	90	-76	-36	47	-13	-61	-75	-10	100	-4	-4	-14
10	-70	-52	-99	-45	71	-42	-36	59	-87	-8	-85	-41	-83	-62	27	-20	1	-68	-55	62	-57	-25	58	-8	-84	42	-25	23	-16	-69	-49	-52	18	1	-83	-85	-1	-59	93	-10	15	39	-12	49	91	-35	-2	-25	-55	54	49	-55	-98	-96	37	65	-43	7	-81	-58	83	39	-53	74	8	55	23	7	31	59	90	6	-93	-50	0	-43	21	-66	89	71	-45	71	0	49	100	-15	56	-46	33	-77	65	-65	-10	-29	-60	-88	-32	92	-67
-44	-27	60	46	-72	-31	53	-62	92	-39	8	-38	55	-11	-13	-88	72	46	49	74	-74	-79	97	-88	-57	93	15	-11	93	-9	-23	-40	67	51	48	38	-13	-26	-70	89	-46	-53	2	-25	41	-42	92	84	53	21	-26	-24	-12	-37	47	-65	16	64	38	-81	74	-48	39	-70	-3	-95	14	-66	-71	-1	43	54	64	-22	57	-58	32	-31	94	-14	-1	86	9	80	-36	15	-96	9	56	-67	-96	-4	69	79	91	85	-49	47	10	1
66	-48	-85	-49	-25	54	83	9	74	-21	-31	67	29	32	80	22	49	78	-49	-50	-84	3	-89	35	-14	67	-13	45	51	-6	90	-90	66	15	17	-31	-85	78	-86	-11	85	59	27	55	-49	18	37	-31	-47	-45	82	46	88	-43	-98	82	-73	-68	-8	-76	-89	-59	-63	52	1	-50	-40	-97	40	80	26	34	-6	-49	-80	52	46	-5	5	-93	75	-14	11	-36	-13	59	-28	-61	48	12	-50	66	26	-89	-49	64	91	4	60	-2
44	6	9	89	-51	0	-46	-25	-34	-10	61	-30	-85	85	-33	2	89	100	44	-14	43	-66	39	92	-36	52	-71	91	-100	93	-60	45	81	-62	64	-3	4	87	-97	-34	69	64	54	-61	27	-79	-36	-38	-87	-55	10	-34	-37	3	8	-7	-83	44	16	-80	-32	-77	88	35	-42	-38	65	-56	-21	9	-42	-14	56	8	23	-31	88	-34	-68	-42	-6	93	94	-76	-34	22	25	40	-32	80	-7	-39	23	-9	10	-34	-53	-92	49	-86
14	-25	97	-22	-29	-56	4	-18	77	-88	-64	56	-87	38	78	-66	-84	27	17	27	39	-26	49	12	-19	84	-12	-8	-45	-56	-60	-67	27	-41	-11	56	-15	-10	-46	-10	21	68	71	-77	80	-46	-60	-56	-59	70	60	-15	-24	-82	-34	-49	-70	80	-70	-10	12	66	-8	54	22	-31	-4	-42	-52	-49	-68	96	-17	67	24	-64	-17	72	24	43	-13	-49	50	12	82	-90	-93	-24	-5	74	60	5	-8	88	-73	53	67	66	-16	59
-32	-17	-23	43	77	78	75	49	61	-41	55	93	67	91	99	30	-30	-72	-66	-7	-43	-91	-59	35	68	-72	81	-8	-23	-39	94	21	30	-55	33	59	42	-33	48	11	19	1	-3	-27	49	-84	71	39	-56	94	-37	-27	-71	-7	-75	100	-59	89	-88	-83	83	5	-49	78	-22	91	-88	-46	-23	-73	-77	3	-80	20	91	-9	84	75	-27	-7	-66	87	-58	-68	-35	50	-73	-14	-48	-36	2	-51	74	-68	13	-35	-89	4	21	-72
-56	-38	-42	-74	-19	57	-61	-17	95	-6	-9	20	44	87	72	99	-49	81	73	69	64	-91	-84	-61	47	19	78	32	-61	48	-10	3	-46	20	-90	-37	20	98	56	94	-37	-64	-35	59	30	-63	-89	17	11	-88	52	-36	-62	-88	87	-68	-7	-84	-85	75	59	98	3	82	38	-44	-63	-75	44	-57	-38	0	-63	-61	-90	28	-88	-41	-71	-63	37	100	-77	79	55	-26	1	-42	40	-80	70	-100	29	10	40	-5	-14	-91	3	10
51	45	83	59	-62	-87	-76	-47	-54	-5	-100	26	78	-75	71	7	15	-31	-74	-28	-87	0	29	84	64	93	85	-51	66	50	39	-45	-65	-9	87	62	60	77	-87	-84	-24	97	-35	-100	-94	-35	-41	5	-29	75	9	-53	-73	94	41	-13	62	-3	27	-92	28	-86	-83	-15	-19	-9	-98	-24	-21	-78	47	35	93	-100	83	-79	-21	-53	-32	-39	13	-17	-67	54	-33	-37	-64	14	-6	-40	-86	57	-10	-79	-36	-19	-53	-49	34	59
2	74	65	2	89	8	50	28	58	64	-41	55	-52	-77	100	-70	-62	53	96	91	-80	-96	96	36	-66	-89	-42	-72	0	-67	2	63	-53	19	-79	-14	-81	-92	-45	71	29	-62	84	-70	-43	-37	24	-32	60	-69	-94	-42	-7	-69	82	87	8	18	71	-28	-92	14	-1	-81	-19	-11	-80	-86	-26	48	-35	-82	-5	-36	40	-84	23	-17	-56	28	-38	16	77	100	78	21	-14	-73	-65	-97	10	72	-12	-72	21	-35	-26	-93	43	-36
-68	9	91	68	27	53	55	61	-53	-36	60	10	30	-93	58	11	0	-16	-1	-3	78	-49	-66	-78	8	-7	-22	-12	-38	-76	-31	39	52	96	76	43	29	4	-43	-47	-8	45	75	40	-87	-83	99	-35	67	43	54	87	-15	-35	84	-32	13	-96	47	55	80	-33	67	-84	59	98	-77	60	66	2	-66	96	-30	-75	-70	88	-55	-23	56	96	90	-47	-43	64	-18	-32	-73	-54	60	-91	90	24	34	56	94	24	-4	44	18	41
39	0	-12	25	1	46	1	94	11	71	62	14	-30	20	12	-7	52	22	4	8	-58	-61	9	27	-88	-82	-65	55	-91	-70	-74	-9	70	49	-40	37	-85	-47	-16	-59	-98	75	55	-40	46	60	0	-51	-30	-93	56	87	-34	93	-2	49	39	70	86	-81	-4	-91	-20	-76	12	-11	98	45	88	73	17	52	-57	-19	89	-47	-93	47	-42	-76	-25	91	24	-73	-49	36	-30	29	-28	-36	-19	55	-29	-79	-77	-41	-13	-83	71	-62
13	-64	-39	54	-59	-63	75	12	-62	100	-16	56	59	100	46	-42	-92	64	-10	5	-33	-23	-78	8	77	30	62	-100	-93	15	14	-13	-89	81	22	23	87	11	35	75	-56	-94	-42	49	-93	-94	-85	-79	-82	-37	-18	27	80	16	-78	-1	14	-39	16	-57	47	89	62	36	-76	29	8	-53	-15	82	72	36	22	-14	-35	-89	34	-30	38	-55	70	40	-63	93	-89	-33	21	98	44	-16	25	48	-7	96	-70	-59	76	85	4	-36
