-18	8	-10	-8	52	78	-1	46	72	89	-5	47	-30	37	-45	-66	38	77	95	8	-65	97	-77	-71	26	93	-75	-31	-10	0	-15	-75	-23	-81	25	-15	51	-92	-61	-35	-17	60	36	-5	-76	22	-84	-9	96	-89	68	33	-2	63	-88	99	-47	50	25	11	69	-17	-84	-23	68	79	82	-15	-22	-79	-54	13	54	-66	9	-53	-50	-42	-37	-8	-26	-16	-64	-8	-86	89	52	-67	-8	-53	-53	-41	-57	-3	59	26	-23	8	38	48
24	-49	42	-32	88	-91	45	6	-24	-30	-21	-98	-59	52	7	-84	95	43	-90	27	-65	-44	-73	25	-100	-62	-54	32	-16	-38	-14	-86	48	-55	89	47	-81	25	50	-51	-36	50	-23	-16	47	1	-15	-64	88	99	49	33	-49	-3	-36	-52	-17	-41	-67	26	-53	-86	46	-68	17	-43	33	-36	39	-93	54	0	13	-92	-26	-31	-86	25	-12	86	-3	65	84	-27	-26	-12	-95	-63	-29	70	98	-46	1	64	-80	90	-67	52	77	-3
-18	-22	12	85	-69	45	27	-1	17	28	87	-69	-57	52	-43	77	-42	6	5	-41	34	-11	30	77	-32	63	-80	68	-88	-27	64	-49	-98	-97	95	47	-47	-83	39	-69	70	-95	-33	43	10	56	88	93	91	-77	93	79	13	-75	-66	67	95	43	75	0	90	93	-78	-91	78	-69	-65	70	81	-74	61	-98	-49	-40	-69	37	13	68	89	-20	10	-92	94	3	21	-99	42	63	-55	33	-34	22	99	43	83	-4	79	-47	-90	21
14	-73	48	15	-24	-95	-7	-76	-38	79	-57	-24	77	12	69	33	-68	45	-67	-82	-60	20	84	64	-4	25	-71	-93	-9	-69	-73	-44	-54	-93	-43	97	-73	-34	-71	93	-22	26	-30	96	-12	-1	8	-8	-67	66	58	17	-64	33	31	-29	17	-39	-2	78	77	-19	19	60	-98	-88	5	67	-61	48	-21	85	100	-76	9	12	-29	-57	-96	96	-5	-22	50	83	-35	14	-27	46	21	58	-62	5	36	-20	-94	-71	16	-62	-33	42
-51	35	-42	37	95	-94	30	86	11	-25	8	36	-3	89	-61	41	86	-61	-94	-3	-20	-44	78	77	-59	-50	-10	-35	36	-54	-30	-24	52	-29	-86	-40	88	59	-17	-62	-42	-15	-11	-5	23	-62	51	-98	77	44	-11	-69	60	-78	-1	69	32	-60	-17	87	68	-63	-93	24	-49	-3	-52	-95	-52	95	96	31	17	-20	67	96	40	-65	-10	74	-8	15	-40	-87	6	46	76	16	39	-22	-11	-84	-69	85	86	48	-85	-60	67	64
94	35	53	46	88	42	-24	-74	46	94	-47	60	-66	96	1	43	-1	-83	-1	7	14	-89	-25	10	1	-53	-64	71	34	-5	73	-78	-49	93	94	4	-50	6	40	55	-76	-5	-64	50	61	98	41	23	78	-50	23	31	85	16	7	83	1	-98	4	60	-62	-11	-50	48	65	100	83	76	-73	47	75	-97	-73	-89	6	-16	-59	-19	-75	23	-48	-42	10	46	90	99	14	-45	-5	-37	-49	-31	71	-54	-47	-70	8	51	53	5
-73	-93	-82	90	-38	-55	-47	95	57	0	30	73	-26	-53	-88	3	84	67	70	-7	4	-70	-83	17	32	-89	-87	53	87	-43	89	-20	16	60	87	72	-27	-64	-65	93	-90	76	93	30	-38	86	-51	15	-51	53	-45	78	-10	-89	83	54	88	47	-98	-76	-16	-16	-61	10	-34	86	66	-61	83	87	-1	5	-60	100	78	89	97	-53	3	24	27	66	-16	16	21	-68	69	68	-78	-55	-45	60	-55	1	98	73	-60	25	-89	23
-26	-49	-10	24	79	59	-59	91	58	-87	35	56	11	-81	92	83	42	-83	-10	50	1	-17	71	-12	33	-9	-81	4	-73	-52	27	93	17	40	95	-26	33	80	12	17	-83	57	-44	34	40	-3	-35	54	94	-64	-58	-89	-59	-64	42	-37	49	-4	93	7	-34	91	-61	-34	69	-5	9	-79	6	-72	-23	-65	8	-14	-4	-18	27	65	-36	-74	-99	60	-49	83	74	41	-52	-70	82	90	10	57	-11	30	61	-83	-49	7	-70	88
-49	64	-58	34	41	63	-12	85	4	49	-1	38	-87	-20	-51	26	-3	22	-16	-95	-97	-75	49	-58	-31	81	-49	20	-100	52	-17	80	21	49	-81	24	-7	-20	52	91	-89	-57	77	-63	-98	-59	69	-41	-35	-68	-13	85	64	-71	72	67	-22	18	25	90	-30	-37	-42	-73	29	33	29	45	80	-62	10	-96	53	58	42	-57	-47	49	-68	-16	91	17	81	76	-62	-82	20	16	24	-28	-79	64	9	38	-59	-33	-50	-8	80	58
-43	4	88	82	-27	11	-24	1	99	-16	-6	51	-90	-76	-77	-72	-84	-9	-38	99	48	-89	31	-59	-39	74	-87	55	70	-40	-1	-46	-53	97	-55	-72	27	-24	-45	73	-80	-7	20	21	49	49	-66	96	29	58	-70	96	54	-33	37	74	-38	-25	-9	-46	46	44	-45	23	80	-30	-53	-77	72	-80	-64	-24	66	-67	78	-78	35	-46	38	-64	-70	19	32	-81	89	38	-24	74	-52	21	-100	12	-45	-56	26	18	-81	59	87	-79
42	-37	-3	92	88	-48	-91	-26	-67	9	-43	-73	-56	29	99	45	-14	-6	35	-58	32	68	-36	-73	-7	-39	3	37	82	-30	67	-10	34	25	-81	68	28	29	31	-5	-24	44	-42	-58	29	26	-91	-63	28	-91	46	-43	-35	-8	-36	-37	-35	-73	-99	-67	22	-37	-78	73	-77	89	23	49	-49	85	-5	1	52	-34	38	63	59	-37	31	14	-85	-91	-24	31	0	9	-81	96	84	-39	97	79	-81	-71	-16	1	-3	-31	-67	77
-2	16	36	-82	-5	11	-4	-57	-37	-100	-57	-12	8	9	-85	-47	-5	-24	-66	-98	60	49	1	-98	-76	18	-80	-17	-86	-33	91	48	-88	-19	78	-47	29	-92	-15	-45	9	78	-57	-1	30	45	100	-65	44	48	-82	-49	21	-39	79	13	-1	-56	6	-59	85	-98	46	74	-56	64	4	52	65	-71	-86	-12	-20	-95	-54	-10	-64	91	-25	-5	59	4	77	-47	-26	-75	4	79	35	76	-45	-32	3	-46	-93	93	-82	60	-25	97
-9	-73	95	-92	8	-60	20	84	45	33	17	39	-61	26	-17	59	6	-92	48	-26	-77	39	66	-49	47	-62	53	-78	22	-4	15	81	-99	83	13	27	65	99	-2	9	-23	-53	-44	-10	45	15	86	85	-12	19	54	46	-36	10	29	-92	28	78	-4	80	-33	18	98	22	85	-30	-56	-61	-29	-62	-24	-89	72	-87	-98	52	-37	-74	-86	87	88	52	-28	66	30	-20	84	-14	-33	-81	84	51	38	-71	18	37	73	94	-12	-7
-49	63	-47	-1	93	-53	-78	44	-78	77	-41	-26	-64	-66	95	22	60	89	48	9	-17	-60	73	-88	-13	92	70	69	-97	-45	18	81	-1	-53	71	7	-56	-91	24	-60	43	-13	-6	-62	-33	75	-63	-32	-14	85	29	-23	98	-91	79	-80	-76	0	99	32	-30	45	47	44	10	-43	54	10	-97	33	-40	-57	92	-40	10	-77	12	49	-74	66	85	54	-81	70	8	44	-59	26	42	-2	-7	30	-37	65	80	-95	-12	-14	85	25
4	28	10	23	79	97	-11	17	1	17	98	50	91	47	80	14	99	-58	-92	36	-85	-3	-15	37	-76	-48	-72	-98	-70	-43	94	-29	37	-26	24	26	-59	23	21	-83	-56	-46	-43	-42	96	-81	28	-88	66	11	-12	-71	-17	61	-30	-2	67	-11	-4	-29	-16	57	-4	86	-89	70	-7	12	-51	82	-5	89	91	19	-91	-14	66	42	-16	-54	20	79	-93	82	5	-75	-20	85	-65	26	6	93	-5	-100	21	22	-58	-34	32	-66
70	-56	6	-35	14	97	-26	-5	-90	7	-21	41	-89	19	-82	28	-17	50	-12	55	59	-53	-49	3	89	8	44	37	54	-69	-3	12	17	-19	31	99	8	48	-10	94	-58	61	-92	-78	7	98	-17	51	82	59	-36	22	28	20	11	71	82	-97	-57	-74	-21	89	-90	-85	-94	41	-84	58	-82	-90	-26	100	-4	20	65	-55	-80	18	2	-52	-16	-84	38	41	36	5	-19	-9	29	86	-72	36	77	54	6	-21	59	-49	-65	-63
44	47	-52	92	-44	72	31	-22	18	-16	72	11	27	-14	-96	88	42	20	-10	56	-64	48	-1	96	16	-58	-45	-85	5	60	-42	62	-88	-43	77	-28	-82	-7	-23	-35	-68	45	-86	-7	-9	7	52	-48	-91	-2	-66	-57	-60	94	10	-27	97	-28	-47	-4	16	-36	-66	10	97	42	-91	51	-87	71	95	-25	-37	-35	35	-78	-19	54	-20	-97	80	-86	-64	-41	-55	85	-7	44	-13	17	61	27	16	77	55	13	-23	-36	35	37
-25	29	94	13	84	-15	-61	-67	-78	-96	97	-66	49	97	-97	81	34	-93	-40	-53	-18	-43	-73	-48	-95	-31	-51	74	70	-25	-55	-37	-100	50	-16	-36	-79	-9	-84	-43	-36	65	30	-36	90	5	59	40	-18	34	79	-16	-35	-70	84	38	-19	-93	-44	73	-69	-79	18	-73	-96	92	-18	-100	-10	57	-94	74	-79	-1	70	-65	87	-8	-74	18	-38	95	-20	52	79	-91	84	4	-2	46	38	17	52	74	-4	-11	-78	5	82	-62
1	-87	92	57	13	38	25	-83	67	-87	-26	-20	-76	-59	73	10	17	45	25	-80	6	15	7	36	-97	4	-49	9	-82	47	-16	40	34	-14	79	-3	-34	50	58	11	95	68	-82	5	53	-27	-37	84	-8	36	25	68	30	-36	89	25	34	91	-58	-95	2	85	-38	24	51	49	91	-32	33	23	-63	28	57	45	-93	-37	17	47	35	16	-68	41	-91	75	-100	60	-96	-25	-8	-23	62	-77	32	-9	58	75	68	-53	78	69
75	78	-51	94	-33	-8	-63	-73	-54	2	51	69	-99	-17	64	-74	-37	-35	-78	51	-67	36	-57	2	-76	-31	-88	-80	-44	23	26	42	16	30	86	-90	-7	51	-52	0	57	-92	7	-19	-49	-40	79	41	87	-30	60	-23	64	10	-6	14	44	-88	13	-34	57	-75	-90	-44	-73	47	-8	91	48	-64	47	-56	11	-97	-74	-9	-72	-14	75	-8	-90	57	-34	-60	-35	-76	-11	-7	32	58	55	37	-58	97	-37	-40	39	47	-35	-3
-58	1	-15	-48	-25	22	76	-27	-58	-94	68	-89	-22	-28	-66	33	46	57	-60	84	72	-18	-54	48	75	21	52	19	-47	-79	-70	37	7	55	52	-41	-27	69	-52	69	-82	1	80	59	7	80	-94	-45	-9	-16	-41	-51	-96	99	-76	74	66	56	14	-55	17	61	-89	-39	-4	69	-59	-54	-54	71	100	26	-6	-56	91	-31	36	-79	6	41	-83	-5	30	61	-47	4	84	-89	-99	-2	-24	-7	-87	-74	50	-16	36	-62	62	-69
100	-11	55	35	82	-60	-31	-67	66	13	24	16	18	81	-10	18	-97	75	-76	80	36	-63	-100	84	-86	-28	72	-62	0	-80	60	51	-20	-8	64	-52	-55	-8	-10	36	96	-44	-46	88	43	-26	-85	-79	75	80	-38	12	32	-74	-26	94	62	64	41	95	-42	66	-36	-99	91	-2	-27	-48	-63	100	-60	-15	-88	-81	77	-7	74	15	43	-33	5	75	-37	12	-23	53	-18	-17	70	11	-62	39	34	-36	75	-76	47	-20	50	32
-99	-81	0	65	49	13	-51	29	-63	74	94	74	7	-38	69	48	88	-75	7	-43	44	-94	-99	59	44	45	-59	88	38	4	81	19	76	-6	-36	-65	-7	37	-48	61	-82	46	-6	46	-17	-63	28	64	-21	31	-61	-78	-94	71	79	-48	-87	-75	-16	-65	-73	-46	95	-55	23	-91	41	-44	62	-33	-46	-31	-38	-48	-50	80	-4	-66	70	-84	-94	-78	56	26	95	19	41	-43	67	11	-16	99	-35	-29	-24	-100	25	-15	44	10
59	25	86	45	-8	-86	17	65	7	51	24	93	21	38	30	94	-44	18	-67	-96	-30	-24	-21	72	51	38	-69	-91	84	92	22	85	-10	76	80	-26	-44	-89	43	-48	36	-1	68	-82	-26	-17	80	-80	-84	83	82	29	78	-45	-28	42	-34	41	-21	100	87	60	63	52	35	82	78	44	-98	-66	-4	28	-7	-89	92	36	-4	-46	79	69	98	-80	-88	-16	38	-26	-10	9	51	-47	-19	-68	62	48	96	47	62	38	87	17
85	-92	-75	-46	-32	-93	-96	-44	71	-82	-95	3	57	-75	92	7	-48	-43	9	62	-84	89	53	-24	-94	-97	43	99	-73	46	25	69	-47	-99	5	-33	-88	50	-62	76	-79	-74	55	-46	-17	99	-8	-5	-72	70	-44	-93	-48	61	-29	-39	47	-76	-87	2	-53	66	-36	-32	87	-88	-59	-65	51	-23	56	-8	78	12	-21	-51	19	68	-42	-53	-23	-81	-57	64	-43	22	-83	18	54	5	-13	-82	-57	-20	-51	65	-43	23	-69	64
-44	56	31	77	-97	71	91	21	-48	48	-78	66	-33	-11	41	8	55	34	-56	-50	80	-25	-61	-78	78	86	96	-9	-6	-52	71	-37	55	-16	44	-53	72	-15	-14	-88	37	6	-65	13	-51	36	-83	-69	82	36	-78	25	85	-83	-52	-22	65	94	88	-81	2	55	-44	-40	-14	-26	-41	80	9	-52	-11	-9	52	25	-41	86	-19	-95	10	-47	47	99	-30	39	88	-55	-13	-81	-73	31	-3	-20	-47	-16	-91	39	10	16	74	-25
-5	-78	-47	-58	54	-98	66	-66	85	-88	52	-92	66	-100	34	90	97	-11	-37	67	71	28	-14	-15	87	9	1	36	-32	-67	86	87	19	-4	70	-9	34	-35	-84	-83	-15	-87	63	25	-66	-8	-39	-42	-100	67	-87	-92	97	42	32	2	84	-30	-25	-49	-59	57	32	-31	66	-76	-17	-73	-85	-73	8	-90	-30	-77	-15	-40	43	85	-47	-54	-16	70	-61	1	76	0	31	-19	-37	-78	34	-99	-14	62	24	13	90	92	0	-94
96	-6	-24	20	-9	58	-91	-4	15	-41	-26	5	-58	-8	-23	79	-73	85	83	-53	62	-33	-26	90	-30	60	-20	47	93	-52	-79	61	-17	-35	-8	29	4	-52	2	-84	100	-57	-69	-10	35	-38	54	-27	-77	-19	-11	7	59	-17	-93	-38	59	-96	78	-3	31	-23	96	-69	-84	44	-72	-73	59	70	-46	26	-25	32	61	51	74	-62	73	52	29	43	91	92	-40	-76	-23	-99	-34	6	94	20	-91	17	72	22	-58	84	-46	63
81	-94	92	-80	61	-77	39	-17	72	-47	-9	0	39	81	-30	-61	-60	-42	88	-50	-52	74	-7	-21	88	14	-14	-74	17	85	-45	-9	0	78	7	-9	31	-94	-19	48	-27	-3	-64	74	-46	62	26	54	23	-92	-75	-11	62	-27	66	-67	80	19	-86	-20	-20	42	-11	-28	-62	-37	-31	51	62	54	62	70	84	-60	91	16	74	-87	-93	-80	39	52	88	-66	-81	-4	-83	-32	41	-15	-89	-18	-100	-46	67	-18	81	4	-62	-29
-42	-35	-81	82	57	-95	-18	-63	-36	-6	-65	-78	-1	25	-21	-4	95	-49	90	-95	-52	-12	-88	21	65	88	-31	-85	99	-96	-70	49	2	85	-87	-27	39	-60	-93	-22	-7	-53	98	0	94	-66	-89	-43	-58	98	36	-47	78	30	-20	38	2	-49	-39	-19	-96	-51	38	75	45	-52	-47	-11	52	59	-5	-36	57	-79	-90	81	-64	31	-81	2	-2	-52	-14	-2	-76	87	40	2	-30	-76	95	-5	21	-62	54	87	-46	-80	94	82
-52	-20	80	27	-27	-49	13	-75	91	-80	31	94	71	-16	-64	98	78	93	-85	50	56	65	-31	47	-27	91	-59	-56	78	-96	63	44	-73	-45	-64	45	72	-31	78	66	10	90	-64	64	86	-58	20	70	24	-3	60	-17	-26	-77	62	12	-77	-57	-83	-61	-37	48	68	13	61	-48	-50	-5	-74	70	72	9	-2	-87	-24	-84	-85	-9	-71	-55	-97	-50	-27	-67	79	6	-25	-49	46	-79	-52	32	44	-54	-14	-52	13	-49	-55	33
-8	-82	-74	96	91	-48	41	70	92	25	-83	21	-22	-100	53	-16	65	35	2	-67	-47	-41	46	-8	2	12	-69	52	-68	88	-24	-97	-63	-69	-85	52	-58	50	-74	-10	-68	26	-60	-92	-95	99	64	-26	85	-84	-4	73	-81	43	-47	26	-6	6	72	44	11	32	40	41	-25	-40	27	90	-57	100	-52	-94	-6	89	41	79	87	55	-4	25	-40	14	-1	45	-27	51	58	92	18	-25	-71	90	-72	-24	31	-66	-14	72	72	15
60	-58	-80	-22	-69	38	71	8	13	50	16	-42	-28	97	-71	97	34	82	72	97	56	9	58	-16	-71	-21	24	52	-66	39	-9	52	-78	26	-8	55	40	-36	-34	80	-11	-25	14	-22	95	-99	29	-80	-46	13	5	39	43	95	-13	-75	-92	-12	-40	-27	58	42	-78	1	-15	0	-17	-32	-95	78	-13	56	48	-77	55	6	-31	47	-81	34	84	-67	65	48	45	84	-8	74	92	-80	-57	-65	38	89	53	4	49	81	72	-65
59	16	-82	-79	-99	51	72	34	15	-76	96	23	-93	0	55	-39	1	-74	21	81	-39	83	-36	34	72	-99	-44	-68	75	4	52	55	46	-11	-17	-2	-12	-96	3	14	-98	-56	-29	-9	-28	-85	-58	84	78	-74	42	-23	48	36	72	-86	-21	-28	-70	-27	-33	24	-46	26	13	25	-24	62	-59	51	91	12	20	-77	36	47	-63	-66	-90	1	71	-2	59	60	3	-34	2	8	-33	-11	-5	-10	76	62	-38	94	73	-10	78	-51
87	41	88	81	26	-50	66	84	-40	-76	96	45	73	-91	49	-82	-35	6	95	-12	-40	81	-61	53	-12	-89	92	-45	-13	9	-80	3	-77	40	-27	8	46	-14	81	49	-98	31	68	-92	-88	-97	-97	66	-72	-56	18	-49	30	92	58	18	72	30	-57	-41	-56	3	-76	-13	77	11	-96	-43	28	-25	-7	-51	77	-86	-41	9	64	-73	-33	-73	15	-48	62	-76	94	3	81	-17	10	48	-100	58	-17	-75	-25	-30	97	96	44	75
22	52	49	52	5	-35	89	-62	40	-86	16	86	55	-75	-32	53	-87	-87	-100	81	-96	-77	-7	17	-15	35	-8	-62	-50	62	-64	51	-82	11	-79	40	51	-99	69	21	-41	57	56	-39	-83	40	-81	74	77	-91	58	59	29	3	0	-29	-60	-37	-61	-61	-79	-82	91	-65	-33	68	36	27	69	48	-48	44	51	2	30	61	-37	-48	-58	81	-77	-41	12	-82	-46	-13	11	12	79	-31	68	-93	-96	-25	18	-5	74	-84	-19	-36
59	-31	-69	-66	43	-90	-71	-99	-73	32	17	72	-82	52	80	14	8	59	20	-12	80	48	-10	77	-65	-28	29	28	76	-18	-96	4	55	-8	64	-87	26	63	-5	45	7	48	-75	-63	-45	-78	2	29	31	-72	-79	24	42	89	-45	-78	64	59	28	59	64	64	25	-8	-4	76	-26	-19	-52	-58	-95	32	-37	-61	51	-48	-74	19	-14	39	87	82	23	-18	-78	-41	40	-33	-6	-56	-64	-1	-13	-86	64	-19	27	81	62	-54
-29	-67	5	-72	-66	82	37	85	25	-69	-96	45	-19	84	-82	-72	45	-75	53	-76	85	91	-26	-9	50	59	-49	91	-33	67	-47	88	-57	-95	-87	81	-92	64	19	-19	61	-58	-34	-76	-32	89	9	60	46	-64	100	-74	95	-73	53	-66	25	-58	-17	55	0	-29	-85	-91	15	83	15	0	25	-47	98	93	-24	-24	52	-46	69	91	-60	-30	63	56	62	65	27	-87	-46	4	22	3	-67	28	38	-26	-39	38	21	76	-15	-33
57	90	34	-14	64	-27	-47	-81	18	-14	30	-42	-26	16	93	46	93	63	-55	-99	-12	88	44	-6	96	-91	85	60	-34	40	25	50	30	-98	-93	88	33	-60	33	23	87	-42	-23	-21	-22	-95	1	71	-98	46	48	88	-95	41	-98	-2	8	53	-75	-94	-41	-6	-50	-28	-3	36	-2	87	70	24	16	-10	97	33	68	85	-69	-89	3	48	27	-8	25	-40	-63	-92	89	-100	-7	-27	42	-88	-74	92	32	-53	85	63	59	34
-68	1	25	-47	41	83	-50	39	-41	-22	-47	37	62	73	-24	-9	54	-88	90	-92	-26	5	99	-99	43	60	-45	32	77	76	27	51	6	-22	-9	-5	-95	44	95	47	8	23	12	-34	95	49	-81	60	40	-44	59	0	24	72	67	38	-78	-42	-18	-10	-33	99	-85	-70	30	-94	-6	-13	67	-77	82	-97	48	57	58	62	-59	27	35	-77	10	34	27	-24	23	0	51	-1	73	80	-82	62	-16	86	47	85	-97	22	-44	49
85	43	37	-44	35	-29	-27	-60	-26	-63	-68	65	32	82	52	49	-17	93	17	66	23	72	55	17	-79	61	12	-69	-97	-100	59	79	-65	-8	-30	-11	-6	39	-78	-86	72	-53	96	78	59	82	-95	14	-50	96	80	9	-36	49	-86	-13	62	8	94	-81	62	3	-68	38	-24	26	-86	-30	-64	92	-85	-76	72	79	40	35	2	-6	-91	63	51	33	-55	-78	48	-44	82	-100	99	-59	92	65	52	-98	5	56	83	-45	93	85
61	-28	98	78	-37	-41	-65	-52	45	-76	-82	-48	-80	-86	-2	77	-19	52	92	-7	61	-42	95	-49	-72	-32	-22	-89	-87	38	9	82	-56	-78	53	-89	-89	-71	38	-18	90	-52	71	-49	73	-53	-73	14	17	-8	8	76	80	-19	75	-17	-77	-53	68	-36	48	41	-5	-57	83	95	-43	0	33	28	-94	-26	81	21	29	87	61	41	-15	90	-12	37	-19	-58	-55	-21	99	-92	-18	52	100	85	-91	98	-25	-1	-30	-81	-8	2
-72	18	0	-42	5	-57	60	50	-8	-22	29	-75	53	72	12	15	-44	-85	43	-74	-17	-42	40	-52	-59	-8	-63	4	49	-21	-14	-92	-72	38	57	-51	35	-72	50	-11	-3	34	19	51	13	46	-84	23	-84	-62	-21	98	58	8	-86	-86	-79	52	57	-20	27	94	36	-13	50	-20	40	-85	92	-9	-52	-78	15	-29	28	9	30	-77	56	98	46	-32	-88	-69	8	82	55	10	81	40	-44	4	-73	46	57	50	-45	46	19	-100
-46	77	-40	-42	-27	-58	-70	-32	-97	-34	-88	-75	10	-22	-53	44	-25	-71	-89	-84	21	-5	23	-12	-52	76	-48	-71	26	83	-80	15	-27	-32	77	62	47	-16	-23	-8	-38	74	-60	96	-86	75	-36	52	-90	4	-46	63	-93	-41	-18	82	-28	76	24	-18	48	-74	75	57	-35	72	-38	59	79	79	20	31	23	7	-41	49	-100	0	-43	54	70	-95	-60	-58	20	97	-26	-94	57	57	54	-17	-63	-1	28	-30	-50	-38	-89	-19
34	-68	8	-66	-52	-79	-27	-4	82	-12	-47	13	-23	-13	-63	21	-59	70	-70	3	-38	59	31	82	30	47	33	46	-72	26	-35	-27	-48	89	-5	62	-91	30	-80	38	25	100	20	8	-22	97	-36	88	47	-93	32	15	-54	-3	40	-30	-13	78	65	10	70	44	-41	99	-66	21	-75	89	61	-46	43	66	88	56	-14	14	9	-91	-22	18	-14	-97	58	48	-23	90	23	-100	86	53	15	-91	-11	-72	55	76	-44	100	95	-75
90	-61	33	-17	93	-78	93	24	-93	90	-38	32	95	-57	-11	-71	5	-79	-18	-30	-9	-33	-3	7	-78	-62	-94	27	22	28	-45	59	4	85	-24	62	43	-84	73	-94	13	-2	34	-80	-40	96	-90	-90	87	-75	69	34	77	76	5	-52	91	6	-85	-31	59	42	38	-58	29	-92	-52	-88	-19	-47	-28	-3	91	-46	23	-90	90	-61	-39	-2	-85	-12	89	66	-71	0	83	92	80	-17	-39	-98	-46	-87	69	26	-87	83	-6	-65
90	92	-98	-15	-91	-79	-72	97	-100	-53	64	2	97	70	41	-69	31	66	-55	-25	-85	-73	86	-98	81	91	39	-20	31	45	-69	-65	71	-24	92	32	34	-96	-80	-100	-32	37	-88	-98	16	-71	-38	12	-49	-67	40	31	83	44	12	-40	-60	41	52	-71	-24	80	-79	-22	-81	-84	-77	-82	100	-12	90	42	90	84	-19	-58	6	-49	-81	-77	-7	-56	22	-8	64	-91	-17	-1	-89	-56	83	-54	38	-94	-50	84	-2	30	-19	86
-17	59	6	-6	79	-47	41	-90	-28	-54	-83	15	38	-95	-14	63	8	27	-87	-99	-34	-94	-9	59	-51	-91	14	-85	-71	85	-75	97	65	-14	-30	10	-58	33	-36	-67	67	26	44	-70	17	-42	45	30	17	41	-87	6	-57	-88	-75	-72	24	-8	33	18	23	71	-27	4	-83	16	79	4	-74	93	91	16	-86	16	64	34	-19	-95	24	19	68	39	87	20	-84	20	-27	70	-2	59	87	-42	-87	97	13	-58	14	-54	-35	100
-64	-54	67	-56	55	18	44	-3	-85	-59	-23	-76	52	-77	49	-87	62	-83	97	-58	-16	55	-2	96	50	-44	46	50	-66	15	89	77	56	27	-67	83	22	-85	77	-24	-96	80	-93	35	2	-16	-83	-68	-72	62	-74	18	-38	-51	85	44	-90	65	-96	35	-53	-88	78	54	87	94	88	-17	-9	-9	1	-21	68	59	5	9	-23	9	-70	-98	26	-32	10	82	-86	-17	-55	52	-52	-42	91	-85	-99	-51	-99	49	77	-35	-32	-78
-84	3	-72	-8	-48	41	-77	-26	73	46	23	62	0	59	61	9	-28	91	-5	-90	-71	-97	69	-13	-88	46	-50	59	-67	8	-42	86	-73	70	-21	88	-69	-2	-60	26	-18	-50	55	56	-11	92	-49	62	-80	39	-18	-64	-47	20	10	-22	48	71	-15	-93	-83	62	-43	70	68	67	34	-89	15	-87	6	-79	-15	-36	41	-79	-87	1	-87	31	3	70	13	-51	54	73	-42	-21	-51	-88	-97	-93	-47	-23	-26	62	91	91	-4	61
-100	-38	7	58	59	-13	-75	-9	7	20	-69	57	-61	2	94	57	38	-54	41	44	-32	-67	28	34	-15	-5	20	25	-36	-13	-75	44	-97	96	86	-19	-54	-37	-50	-88	49	9	-33	64	-91	93	-33	18	-45	40	10	-70	84	17	-1	-61	73	-72	26	-52	21	95	27	98	100	-36	28	36	57	-9	-79	69	-76	90	-38	-77	-20	-68	83	50	-80	30	95	-29	32	-53	17	49	0	41	-24	55	-54	-100	-44	-55	95	-14	58	61
9	4	-70	-9	49	-60	-92	4	-87	-37	-57	-57	-59	-3	82	51	-90	36	-53	-12	64	60	-94	78	4	-83	40	79	23	70	63	3	1	-43	23	87	-70	35	-46	-36	-39	15	40	48	-39	-6	7	12	-39	-36	21	-66	-79	76	-16	-23	26	-34	-82	44	-34	60	-39	-20	93	76	-77	-71	93	-83	43	-61	-13	10	2	-36	-81	56	4	-14	-73	42	-26	95	-92	51	66	-8	34	13	-38	-47	-19	98	54	100	31	-66	12	53
71	-73	-39	-99	60	-57	14	95	-45	-13	59	-59	-55	53	46	-19	-97	-80	97	21	48	56	-100	13	85	1	-97	-48	13	33	40	22	-17	-19	75	30	39	-7	54	56	-67	-62	17	21	-38	-27	-33	57	62	34	-53	-82	15	0	55	76	-16	-34	-76	-9	-95	48	46	34	76	25	13	52	-64	-50	-14	-67	29	9	-41	68	-82	61	94	-79	37	19	35	-76	-53	91	-72	53	-9	-40	15	43	91	35	49	88	-17	-98	27	42
-22	-71	99	-29	94	45	-48	95	-53	-17	-99	91	43	90	14	-40	53	-23	-88	84	-45	10	4	93	34	-70	1	-43	99	5	-37	42	-22	48	-92	-38	-33	84	47	34	-46	56	-18	-23	71	44	-90	-9	-60	-57	-56	46	-84	-43	16	0	-23	-8	-13	-60	36	3	-42	23	77	-42	73	53	3	-46	59	-96	-1	50	-23	-50	-41	61	40	43	75	50	6	24	4	23	-72	-71	25	-54	-98	-97	81	59	17	-91	85	-82	77	-20
81	-37	45	-98	-88	87	70	-90	24	-88	28	-74	-8	-54	-48	43	43	-58	77	58	-92	18	-47	-76	21	44	1	-100	78	56	-70	25	87	-64	-68	41	-29	-18	56	25	-1	81	54	-31	87	-52	2	41	54	68	-19	-22	67	-28	14	60	4	47	-69	-29	-7	-27	-33	-22	-12	31	-93	84	-26	56	-75	46	-90	46	98	-33	-25	-75	-31	46	3	-49	-96	-19	-45	-49	-13	-34	86	-26	-21	81	-53	9	-45	22	82	82	69	60
1	-45	-63	67	-14	78	-94	50	41	-97	3	-27	-87	-1	24	-7	11	-68	-12	-88	-80	51	11	51	-50	87	-37	73	-53	-85	-71	92	35	-38	81	-88	13	-30	59	91	-83	51	-68	38	-3	-35	50	-12	31	-94	22	40	87	83	99	-28	90	-22	20	-12	-47	-5	90	45	-68	-16	-11	99	87	-1	-57	61	44	81	-23	-83	-62	7	-52	47	-54	-54	79	-30	28	40	-21	-51	-26	-78	59	-2	-4	8	-64	84	57	-84	-45	-69
90	70	-50	9	-75	44	0	77	31	-13	-30	29	42	72	-9	9	-72	63	-37	-21	-66	95	-73	97	-54	36	67	92	-78	-54	62	70	-36	72	-2	38	50	51	19	98	-74	-65	28	80	-97	97	0	34	-61	59	-99	93	69	21	82	-95	-21	71	-19	-62	-11	-82	-46	94	-61	-45	-8	4	-27	6	-79	-83	-92	53	-69	60	87	42	-15	-64	65	-44	-28	35	17	-66	52	-68	-47	90	-85	-78	19	-40	-25	56	-74	-92	-95	2
99	-38	-29	-94	100	57	-98	-8	72	53	-72	2	90	-64	92	83	69	-39	-39	31	-59	-84	91	52	-34	-54	-20	37	51	13	12	2	-2	-68	12	64	-46	-73	86	-16	-57	41	-98	6	-15	46	22	-98	-100	40	18	95	12	27	-64	-6	-68	-63	-84	-56	-81	-11	97	-92	-52	25	-47	55	31	65	-61	-79	85	-34	-82	12	23	-41	16	35	-67	13	83	-46	8	-70	-9	-71	-48	25	-84	-69	-97	-79	69	-91	-5	37	-3	40
-95	-96	-69	83	-33	-52	37	16	-70	63	91	-35	-87	60	-26	23	5	-58	25	26	-11	-46	16	-81	54	93	27	-63	17	-2	-12	54	-100	74	-86	32	-15	83	-41	-34	9	63	-62	-55	26	94	-68	80	36	49	18	66	-44	-96	-42	-78	-83	-90	-45	43	-53	-66	36	-35	30	26	-13	-38	-14	-64	-21	-53	-94	-34	-65	93	75	-2	59	-25	51	6	-10	-74	34	83	-7	5	74	44	60	34	42	-63	15	75	32	-66	68	-41
61	-10	4	22	65	60	-50	-71	31	63	-66	44	72	-70	72	39	-30	-52	30	-53	90	57	-3	23	-17	3	44	42	99	-83	47	17	-33	97	-68	-36	-94	17	21	-14	100	59	-17	-30	-22	-4	-29	22	-86	-99	73	17	69	95	33	7	94	-20	30	77	73	37	-93	-81	10	-16	95	-43	-76	-15	-10	63	90	-19	-53	-45	-72	14	50	-75	45	-34	-47	18	-52	5	23	-98	74	3	56	-43	71	61	44	-55	-72	4	-23	-15
-91	33	-24	99	86	16	67	-3	-30	11	-89	81	34	-76	-89	-69	30	35	52	93	29	35	-84	22	-63	73	-73	-40	-44	-84	-100	97	88	-20	83	9	-26	91	-15	49	83	-6	-68	51	82	62	-24	21	17	98	72	51	-10	98	-16	-27	-99	67	-96	7	52	71	42	100	85	100	58	42	-69	-97	-4	91	-78	-65	79	61	-60	-67	53	-77	69	59	64	91	13	-43	4	-56	70	-18	50	-7	-31	12	-38	-8	-41	-11	49	-74
27	-73	10	12	9	-74	-58	-34	-90	-40	-48	12	-46	-84	-46	-27	52	10	65	67	17	89	-67	-67	-53	47	93	19	75	-47	-56	-45	30	53	-77	5	19	-13	68	-8	30	96	4	-40	-9	1	10	49	-54	44	25	18	-95	98	-95	-8	-60	92	28	17	61	-81	54	-52	72	-40	38	-36	-67	-93	21	-71	87	36	67	-59	66	82	8	-72	-38	-76	-24	-61	-68	-76	-11	20	-21	23	96	32	4	44	-58	-87	-22	1	21	93
-37	-12	-54	-96	-90	-6	51	70	-87	81	-62	-48	-28	49	-52	99	22	56	3	62	79	26	-4	-31	1	20	-63	-41	69	-59	95	90	-21	-11	-82	42	46	-48	38	45	-18	-33	-14	74	-84	-36	-13	-44	95	6	44	25	28	-1	-95	-93	66	3	-72	90	46	31	20	56	-24	46	22	-17	42	-72	62	93	-79	71	14	31	-32	14	-75	-91	66	80	35	11	-60	-87	25	-25	77	85	82	-74	-84	-29	-14	-94	8	-84	62	45
19	51	16	96	-70	-64	37	-37	-34	92	17	59	-7	35	54	20	-73	34	81	-46	-14	3	-72	7	39	83	-41	-86	-28	38	-98	-29	-13	-22	-91	79	68	66	39	-96	14	21	5	54	-73	-92	54	50	93	83	60	-5	-5	82	-39	15	45	31	58	-88	68	-47	80	-67	8	87	55	27	-71	-91	34	30	-14	-31	-99	30	-59	90	-30	23	50	-91	-44	-97	6	48	16	6	33	21	98	63	3	37	87	75	-91	-42	84	-31
18	-84	6	39	-70	67	-45	55	-79	6	-49	-96	-23	-69	-48	8	7	-22	-50	-8	87	-53	-56	69	96	-38	-30	85	-20	-40	1	-69	88	33	26	91	4	-59	38	27	-57	42	-19	-95	-28	-5	67	0	-83	-53	90	-34	-79	-47	22	-73	58	-10	-28	-4	44	14	-66	-72	68	53	-9	47	80	-16	-5	8	97	-16	41	-2	25	5	-87	-97	-32	84	-12	74	100	72	-82	-52	-64	23	44	-73	5	43	39	81	18	38	-47	72
-37	-74	-83	-46	87	12	-3	75	85	79	-6	26	-64	-3	-31	62	-53	-63	17	-98	-23	-15	-46	69	-25	26	87	23	15	-67	-96	-91	59	-7	72	76	-59	-58	88	58	-50	-82	-84	-19	23	0	-41	65	-98	-24	-67	20	84	-54	88	-50	-20	2	20	-30	-81	-67	47	-72	23	20	27	62	6	57	80	33	20	-54	77	9	22	-20	-5	18	33	-63	-46	52	87	58	-49	-37	15	19	13	-51	-76	57	-84	92	20	-84	7	70
-70	-40	-14	35	10	-10	-41	-73	29	-15	66	-32	-41	42	58	31	74	-79	70	-22	-24	56	-28	79	-81	66	1	48	17	-44	-33	-71	69	4	-78	89	-84	-90	-74	-79	-32	28	61	-59	100	-79	99	-4	76	90	56	48	40	17	36	43	-34	-17	-42	-23	-31	44	48	-61	-77	95	-72	-63	-75	32	-23	62	-8	38	73	-99	73	-64	80	-93	-35	-83	-36	-48	-92	49	55	29	93	-77	98	-40	15	-36	-66	2	31	-93	34	-22
32	-70	-40	-68	-42	63	-20	-72	-55	14	31	5	17	-7	95	-90	95	-83	9	-8	37	97	-17	-26	-24	73	31	-67	-52	37	26	82	57	56	61	36	-37	-46	29	-37	63	49	-59	-60	-81	-48	59	81	20	78	-75	41	1	28	-18	63	-86	71	72	-93	66	88	-67	-18	68	58	-32	40	-72	96	-37	63	-68	-54	70	-49	-50	4	64	-77	-41	-33	56	18	-48	-36	-42	-64	83	70	-20	70	79	20	25	-96	-2	-37	-20	26
79	88	88	-65	-52	-29	-17	42	56	-68	-72	53	67	74	53	-78	17	37	-87	62	-39	-1	-45	-31	54	-75	-89	19	78	-86	66	-19	-25	-57	-60	-28	-99	-41	77	-28	-24	-32	-82	-14	56	14	-86	36	88	-1	70	2	-86	-13	-10	-15	-89	90	-32	-65	55	53	-37	-94	65	-51	25	-29	52	-59	-19	54	29	59	-50	50	-47	-97	-78	-56	85	-19	39	97	78	-57	-12	67	66	59	34	-38	64	-85	-62	38	5	24	-54	-98
-21	-36	-76	-40	56	27	39	-7	-33	-57	-60	10	-67	-19	39	31	75	-51	12	-74	-29	48	59	59	-68	-87	-53	-77	10	8	46	-99	-14	93	27	-74	5	-22	32	78	-71	-42	50	-5	-59	13	87	-54	-52	-51	39	-90	59	-90	-55	-39	-23	13	-14	-40	32	-99	96	-67	-84	51	60	-26	46	67	14	28	75	46	61	10	-93	-68	80	99	38	-16	-90	-92	-7	-18	-8	-85	-87	93	48	-69	89	-86	-85	53	-81	-61	-28	75
56	66	61	-65	-7	-91	68	-83	-41	-74	-84	-95	55	79	0	70	88	-51	13	-100	32	33	-69	-99	35	-37	99	-26	39	-25	-44	51	-40	13	63	-15	-25	77	95	-89	-55	-87	65	68	27	-58	6	-61	-5	27	38	-97	-82	-41	-45	29	20	-91	45	-55	41	-30	-57	-40	-31	32	68	77	-35	-18	-72	83	-15	86	76	-22	97	-64	61	-52	-59	-79	-66	78	45	-72	2	4	-73	36	-28	-56	-15	33	63	-40	-2	50	90	100
-44	-17	64	61	89	-33	-60	82	-47	21	72	15	-28	-19	70	91	6	-59	-26	-46	64	-89	47	-45	87	-29	-76	3	-40	-59	54	100	-87	-80	65	20	18	-76	-89	99	-5	-7	14	25	-52	-23	-26	25	-41	-81	-28	-88	-83	-64	-21	-68	87	57	89	96	-79	-97	-84	86	56	23	19	-60	77	43	8	10	36	-75	-97	-42	75	-84	-61	-19	-88	-55	-61	84	-23	27	95	28	11	-13	86	22	55	-60	35	-26	58	30	64	-18
22	-10	-40	-41	71	42	29	-15	50	-37	-44	96	74	-5	-29	96	-69	10	77	8	5	54	98	97	21	-65	49	-31	-14	-99	-93	38	-88	48	10	74	-61	-72	-16	-95	92	-93	54	78	65	95	-11	-35	34	-26	80	32	-78	8	48	-38	-71	6	-80	78	-30	50	-77	-42	55	-41	-49	97	18	63	82	60	4	-82	-76	64	85	49	-11	32	-99	15	-32	-72	-42	-51	-87	53	-26	8	-20	-86	-42	8	-61	91	-82	77	-52	45
-76	24	2	67	41	-85	-80	37	-80	-36	-99	-6	-81	-77	-11	20	81	15	87	-62	-17	61	-47	30	61	37	26	-8	72	60	57	97	41	-24	92	-29	31	17	77	44	49	71	75	56	72	-74	-5	-32	-5	36	-49	100	-75	-20	-27	-69	-20	19	-71	16	12	62	35	30	-86	-21	-51	15	3	51	-51	55	49	-97	-4	-52	-28	-2	-28	-43	-4	47	96	-66	20	-5	-38	-12	83	-73	24	-81	5	-60	-62	88	-95	-7	-57	-82
92	-10	-54	-84	48	-21	-21	-56	61	-64	-13	88	-59	-23	10	59	-30	58	-23	-44	-44	10	-20	95	54	-28	54	-53	24	7	-95	75	-99	-20	-5	44	12	-15	48	56	-17	53	22	-2	-97	23	-73	50	84	-23	-53	1	-100	0	-75	-21	-73	96	-64	39	-92	-12	-87	62	-5	98	3	100	33	9	-68	61	-86	65	-88	-14	54	45	-94	-10	94	87	44	55	-76	73	42	69	18	-29	-98	-16	51	11	32	95	55	-18	-53	-25
65	-60	87	-61	-45	-4	-80	17	34	53	49	63	-85	0	-42	-81	72	44	44	-23	44	-18	69	-44	72	-26	-57	3	18	-3	96	34	-47	-4	-24	-18	78	-71	-94	81	-63	9	54	-43	-35	0	24	10	-54	20	35	62	-35	-83	-56	25	-84	-38	72	43	-39	-50	-78	46	30	-69	-88	-22	52	63	53	-45	57	69	14	7	86	52	32	-16	-67	72	47	46	-37	37	98	45	74	-42	0	74	38	43	34	10	25	-98	-89	76
70	50	25	-23	-77	-89	-60	-15	-58	-28	-46	7	-94	-49	80	51	99	-88	-72	22	61	-60	34	-21	-100	-97	-29	-16	76	87	-67	-73	-69	38	86	76	36	-62	59	82	38	-53	10	63	86	68	31	-74	-50	-23	-1	-24	-2	-57	41	83	-30	4	-4	27	-80	-19	79	37	74	74	-80	38	-51	-12	94	84	30	30	29	-94	-8	-94	-30	51	57	11	74	-36	28	-52	-85	12	71	48	-11	75	-65	21	-97	95	59	-45	-12	-82
100	-12	45	-80	-15	36	5	-35	-60	62	89	72	82	13	-22	-6	-93	-4	-83	-71	22	-89	60	-35	47	-93	15	-68	-71	41	18	84	-100	58	-55	78	-86	-96	82	-89	-52	60	20	51	-1	38	32	-71	-47	72	-3	25	-18	38	50	-8	56	85	-82	27	-16	-64	33	49	-79	-73	-24	-13	27	-16	27	-22	-29	31	56	92	59	-14	-50	1	-67	-80	92	-33	66	-59	-76	17	-10	-6	12	81	39	-22	71	68	17	-49	-34	78
70	67	39	-44	-23	58	-49	-65	16	88	-41	-42	-35	-62	53	-66	-48	14	-10	71	29	69	-14	9	46	-56	57	-70	-49	-70	-2	56	32	78	92	-1	94	16	-16	-23	28	-74	88	-87	28	16	-28	65	55	55	-28	46	-77	-16	-69	-50	-47	-89	-21	-83	-35	92	-49	23	-15	36	-16	-88	81	-39	57	66	-74	4	-69	-48	-67	42	58	80	-7	-58	-19	77	84	80	14	-89	13	-20	49	-8	-81	-72	98	6	-57	23	70	-40
-73	100	-29	-20	82	11	77	-56	58	-79	82	75	-29	-49	-56	90	-67	9	-13	-2	54	1	76	-3	33	48	-6	97	-88	-95	-26	26	59	-7	69	-27	40	61	-71	-76	-53	47	61	-49	88	17	-28	-79	-20	-83	49	89	80	-12	98	8	95	-93	36	-18	-58	-43	-36	-39	82	64	-98	3	16	-74	30	1	44	35	-45	-53	-37	25	-22	-23	9	-45	39	-15	-76	60	20	-75	88	-30	25	-99	-43	54	31	77	-92	-98	-96	46
70	-59	9	-16	-3	-96	-96	-39	-27	16	78	56	-77	50	10	38	76	70	95	-27	-80	50	32	19	-53	-45	54	-53	-50	-54	73	-27	12	11	24	75	-61	-54	-48	-91	-33	-97	-86	-25	-49	22	-40	-99	-91	-94	66	-75	82	-41	-7	8	21	2	38	-63	45	30	-26	-43	84	19	94	72	36	-73	-43	89	-29	-70	24	32	44	40	-98	-73	-77	83	88	-1	78	76	39	19	60	-88	-81	76	-1	19	85	23	-39	39	72	-26
-1	-7	44	24	-53	31	83	44	74	-13	-54	-72	10	-22	83	-38	-16	84	51	-49	49	-37	-59	40	-16	-35	-51	10	-50	-45	62	61	79	27	-87	31	72	97	21	-53	43	38	-37	37	57	92	65	31	2	-30	-3	32	-85	5	28	3	-6	92	66	-54	81	-5	-45	-65	94	29	32	-43	38	-77	41	-48	15	8	87	65	53	84	70	64	-46	91	-52	64	9	-26	35	-54	-79	-77	-85	8	-44	64	-78	-47	95	78	-48	-49
-78	96	17	-38	42	-69	92	-48	89	95	-36	-33	54	63	-85	76	-17	100	-90	-57	-70	-57	34	-14	-2	18	22	-63	-78	64	70	-47	-10	76	-73	-38	-77	-1	69	25	85	-56	63	84	-94	-94	-53	74	-40	31	52	16	-40	-76	-72	-71	87	0	21	31	-76	25	-49	-24	25	-50	85	-99	-7	-80	-56	63	38	-80	27	-12	12	-24	88	19	93	52	21	-57	23	65	-11	-97	40	51	91	86	-95	40	-11	-1	-32	47	-82	-64
99	-40	-81	-47	-53	-51	-43	16	-48	3	12	96	61	-90	13	-41	-75	69	16	0	-72	-59	85	-1	-23	-32	-76	69	-59	-86	26	-14	62	-28	-5	70	80	-10	-43	52	-74	24	93	15	-25	-47	-39	31	-66	39	12	-88	-18	-12	-89	-66	6	-51	40	28	56	53	74	-71	30	-87	29	-1	-48	89	2	89	11	92	23	73	29	9	-89	65	-67	15	-14	-34	-3	-77	-56	77	-96	2	100	5	-54	-84	-22	14	23	-66	66	-47
-2	69	-9	90	-39	-2	-84	9	71	0	98	44	-9	-25	45	48	-7	62	21	-49	96	82	35	39	-90	44	40	-91	-87	18	23	-63	13	-94	-97	4	25	71	-47	56	-77	60	-19	-98	-61	-36	98	81	3	93	-19	-100	-84	88	-56	48	-100	22	-95	-9	16	-51	-23	-86	-44	-80	-62	73	10	-34	69	73	42	-46	-11	7	-90	49	82	97	-75	30	-38	22	-89	14	87	-44	-79	-43	62	-97	55	61	-79	-98	-5	-65	-37	94
-14	12	-30	65	7	15	-48	-53	34	24	43	86	17	-21	79	46	-9	-54	-46	7	77	-28	-53	-40	-21	25	43	0	-84	-17	57	5	87	-11	-86	-74	17	93	66	-16	79	-18	-20	59	-24	-28	-26	18	31	-74	35	60	-43	70	4	99	-61	-68	-13	-18	52	2	-43	99	-70	-84	-57	-25	90	83	-25	-5	-27	-70	-99	17	64	-69	55	81	-68	-97	-36	-11	-78	69	-22	29	-81	55	-85	-86	58	0	-99	100	36	25	-92	38
78	71	-49	30	-64	-3	-25	-64	31	-40	-44	25	-36	-100	39	-34	-66	-4	-97	-78	-56	41	87	58	79	-96	94	-8	83	-73	94	79	85	57	24	86	22	64	16	-65	-96	-15	85	31	-44	-8	48	16	-19	-77	20	-21	-77	25	18	-30	-57	-28	7	40	-3	73	-17	-46	20	-76	29	51	83	89	-41	-84	13	43	17	-45	60	-37	21	13	53	56	7	-31	73	-82	-11	92	-29	15	-62	-44	-48	-5	11	-51	17	48	-99	81
78	-80	63	23	-47	-93	62	-87	11	-97	9	55	-99	48	60	-35	-59	-24	28	10	-94	-31	-74	36	61	-89	-21	53	-11	95	84	-93	-26	72	89	52	-63	-49	0	-88	-23	31	58	70	51	93	-29	68	-96	50	19	-24	1	62	67	53	46	75	-49	-70	-9	56	31	69	-64	91	-30	1	-52	-100	97	-46	-29	18	-97	1	-87	-83	-59	72	-93	81	34	58	49	-66	42	-82	-99	-32	33	-52	-21	-4	43	-68	-54	-55	52	-24
88	-89	55	-18	14	-40	-11	82	-100	-8	-16	-9	-49	5	65	8	67	24	-92	9	-1	-62	-12	-7	-84	30	1	7	90	18	19	-95	-2	49	1	89	60	-81	98	-48	-11	-96	9	-64	-41	-49	17	-42	16	59	64	-44	62	-13	-8	84	-87	47	-58	65	55	40	-18	36	64	72	-71	48	94	45	70	66	91	-33	-31	-96	60	24	95	2	97	-20	-69	-82	46	41	20	63	74	72	-36	88	-68	-64	57	-52	-75	58	-92	-88
40	-41	-72	98	-59	-13	95	-29	-6	19	-74	-59	24	-44	-46	-97	-14	-48	-95	-47	60	-83	46	-44	6	-40	-26	70	-49	42	-71	-87	-10	-68	-62	68	0	65	-46	11	-86	11	14	87	56	80	-91	43	86	72	20	-76	-89	49	84	33	100	-56	21	-93	18	25	-36	-56	97	1	26	87	-5	9	86	-96	95	-19	92	-61	84	42	-88	50	-33	-69	16	5	-85	-53	-9	-91	-97	-52	81	79	-6	-95	70	93	53	-5	-25	90
-57	13	55	0	-73	-41	98	-11	4	-18	-71	-54	-34	56	-66	87	67	87	-87	72	4	87	-25	-20	57	-95	-62	-89	76	-19	21	94	-80	-33	29	53	-87	-50	26	16	-49	84	28	-62	-85	16	63	26	-84	-47	-73	-84	64	-64	50	46	83	-44	25	69	98	22	83	61	76	41	40	-76	-93	85	30	14	-47	-61	-59	62	99	-13	9	55	-72	-42	76	29	-25	-92	-53	-80	-6	16	13	74	85	-22	83	27	-21	-64	74	-52
81	62	-44	-40	-5	-40	-75	-17	-57	79	22	-7	100	-56	-41	-23	-35	-86	65	15	-33	29	-46	66	44	39	-82	-82	-16	-98	-53	81	45	-74	-64	81	-66	-27	-52	-10	-52	22	-96	23	57	41	-80	64	-6	-12	-80	-93	-71	-12	-34	38	-91	-2	46	-68	28	-10	-64	-55	-95	-48	71	-69	-90	-51	-65	-59	99	-78	74	47	65	48	-49	-96	6	-56	1	-38	-54	-23	-29	99	-97	36	-36	8	40	-35	-28	49	27	13	59	-45
-66	-46	-94	-98	-100	-100	-84	-87	-22	13	-32	-95	-31	-59	-9	-40	70	31	95	-32	-53	67	86	35	17	-1	-15	-47	66	-43	-66	-35	83	99	-30	44	55	-7	86	9	-37	-93	-81	-11	73	-19	40	35	-10	49	-86	75	7	-9	36	-2	30	-16	64	56	-98	78	54	9	-3	34	-69	42	-7	-69	94	-27	48	-41	28	-93	71	77	-27	68	57	-33	72	30	4	-16	20	56	-46	-21	77	-38	-76	31	-94	67	95	79	57	29
-84	-94	5	-72	80	93	-51	-13	-35	16	51	-1	21	-38	-8	87	-80	-88	-88	12	61	86	89	64	37	-53	-43	-45	-31	-69	-52	-66	37	22	20	-58	11	94	56	86	-19	-81	-81	52	-33	-81	51	24	63	74	33	-26	-8	-37	-25	-86	-20	-17	36	-73	-58	76	-54	34	-73	91	47	75	32	-66	65	75	26	39	-82	-96	63	-8	-41	55	91	6	-38	-25	-98	94	-33	87	-5	-97	94	-69	-8	-43	-69	4	-36	94	-45	56
-68	-39	28	-69	-5	20	54	-34	-83	-50	77	24	-57	62	54	-93	19	-18	33	70	-26	25	78	58	15	-72	63	-59	45	-29	37	3	-46	82	-35	-87	-93	-7	61	17	52	-76	-87	27	19	-47	42	-56	6	-19	54	0	60	71	60	24	-75	-59	52	-3	17	15	35	96	-94	-55	-45	70	-96	57	-89	-30	-12	-27	-56	37	-1	45	83	-11	70	-59	97	98	94	-41	4	95	-94	74	-19	12	-93	68	23	65	37	11	93	-87
90	57	37	-50	19	-26	-53	87	-76	6	-19	-83	9	25	78	-78	-87	-21	58	-76	79	-6	41	48	10	-79	0	-22	97	-42	82	91	13	27	85	30	65	91	-1	-11	-14	-27	-91	75	-46	93	15	-48	3	91	94	-72	82	-80	-34	-13	24	67	-43	-54	-70	40	67	78	-15	-28	-61	-90	85	-32	92	-85	-72	2	81	-46	43	78	93	89	38	70	95	-28	-10	-7	-39	36	91	64	67	6	-93	-51	-26	87	63	-1	52	-93
-45	79	35	55	-38	13	-81	7	82	-13	-44	-45	54	-77	88	-85	-49	44	97	-85	-28	-100	-59	-56	69	-4	16	-69	-24	57	28	49	34	21	47	-98	-47	-13	-100	-88	-97	93	-62	-44	-30	-5	95	63	-51	18	22	40	-14	-36	-70	7	21	16	61	-91	-71	23	-80	-57	99	-34	-39	95	-22	-41	-93	-23	37	96	98	-72	-69	19	57	-37	76	-9	52	100	-66	91	53	5	39	-88	83	24	19	-76	89	-76	72	25	-37	-28
47	17	74	82	81	-2	-3	85	88	-27	75	-54	38	55	-48	-9	-40	-92	54	80	-49	-62	-8	56	-48	12	-30	-95	80	-34	-53	64	67	69	43	-98	18	-12	29	-29	-48	93	27	-50	71	-75	53	82	15	44	-22	-16	-35	-72	34	26	-35	91	-88	74	22	57	-21	49	-70	89	-33	-37	-13	-50	17	-30	-32	75	-56	-57	-16	-99	40	64	-33	-100	-36	-82	-71	-72	-3	56	-54	-33	-15	83	81	61	81	24	-9	56	-46	1
-40	74	70	-87	41	-81	-96	-34	38	78	-41	10	-38	-29	94	23	14	16	49	5	-39	-82	39	-34	-50	-43	-41	16	-55	93	98	-78	-50	-30	76	-40	-87	-21	27	25	-85	58	60	62	67	-85	95	21	23	-86	-33	-76	41	4	-25	93	-60	-31	41	-67	-1	100	39	-49	-81	16	-1	-48	-33	-45	0	26	-13	42	11	84	-35	-21	65	-83	90	89	85	-21	-54	60	55	98	43	-85	-12	51	-71	15	4	-60	10	-87	-68	45
-77	-17	-73	23	-62	23	-4	-39	95	-87	-48	-69	-98	-86	49	-67	-50	-65	58	-7	63	-4	-92	78	7	44	100	-100	3	-82	45	-98	14	52	-5	87	-79	60	89	82	61	57	87	-30	97	-70	31	53	37	-20	-32	68	90	73	-85	34	73	74	-15	-58	-33	-19	69	-72	56	-70	-35	-19	-68	36	67	14	-69	-94	6	20	63	-1	-69	16	16	-97	100	28	35	74	60	67	6	-55	-32	-72	61	34	50	-84	65	35	-95	-73
