-22	-98	98	-72	1	-82	-38	-65	19	71	-85	38	46	28	49	28	95	-68	97	-30	94	31	16	-60	-44	-92	60	27	-20	-46	-92	-11	88	100	-25	-27	46	64	-33	96	3	-9	4	17	-99	-60	82	36	61	2	79	-64	-17	6	-42	56	34	6	85	-88	-28	-65	-57	-99	36	57	-49	42	79	98	-65	-70	19	-36	40	73	20	-22	37	-26	22	-23	96	-100	87	-41	-92	-88	65	2	-68	-83	-45	4	-32	-75	-31	57	1	-4
-29	98	-45	-65	-13	93	-58	-88	76	74	38	-95	-10	1	-29	-88	-21	-23	15	33	65	99	21	-50	-32	-71	83	-74	-20	-83	93	-78	-24	57	-66	-68	89	-24	11	-26	54	99	57	84	-44	-97	-82	-58	61	-60	90	-56	-71	-71	-39	-34	3	-22	-55	-3	77	58	97	-7	53	50	-77	-1	51	92	83	20	20	-44	13	-17	-36	91	5	40	0	60	39	-25	-33	84	-20	65	-26	-28	-82	-43	-83	-55	-61	-48	-98	36	-82	39
51	-47	45	-91	1	60	-17	-49	-13	-4	-38	29	81	-53	-28	-64	-86	14	100	26	-29	-89	72	-99	-30	92	-43	-29	-13	-82	-35	-77	-96	13	-89	-55	-33	-20	99	20	81	-74	-24	-40	57	100	11	80	4	44	-15	3	-93	29	-17	42	-76	-29	10	100	-35	78	44	10	-7	-12	-88	-33	-59	61	-34	25	-40	28	-18	39	18	89	-61	54	37	12	78	55	98	-96	85	-59	54	-2	-30	54	47	-51	31	78	4	92	100	29
2	10	15	-25	-45	-85	-82	-70	-36	-47	-79	-78	-76	37	21	10	-41	78	-79	-67	65	-91	97	-2	-13	-74	-100	-5	10	-89	-11	-44	-75	-24	19	-32	0	-93	51	-48	-93	5	-49	91	67	75	-95	0	20	86	10	-55	-65	-49	-99	-59	-83	72	-26	-8	69	-97	-50	19	87	-8	76	-43	44	-65	29	83	-15	-57	23	-49	92	-68	-82	31	-62	76	23	21	36	-83	-28	-74	-48	-31	-96	40	-27	54	62	66	-63	33	-78	4
8	27	28	26	-2	-70	-46	-46	53	80	-81	92	-71	-100	77	49	27	97	96	-3	-97	22	-6	86	39	29	34	86	91	-17	4	-59	-31	64	28	-41	-61	-13	-26	-47	95	2	36	38	39	29	56	-47	-51	75	8	11	76	0	95	48	96	34	-37	89	-94	-29	77	-78	-16	-51	-32	26	37	-81	78	74	58	20	96	64	-40	0	-73	48	-99	32	1	-92	38	100	-4	35	-5	47	-42	-50	-100	-73	-86	-28	40	22	88	13
58	78	-28	16	0	18	-68	-40	-64	39	87	95	35	82	63	22	14	-1	55	-10	13	-53	17	-29	36	-91	46	-87	-83	25	-61	-88	53	-10	-3	21	-55	26	-82	82	42	23	-11	-48	53	-41	12	16	57	78	69	-51	-23	-85	29	-75	77	64	-56	23	80	32	-58	65	38	37	1	-69	-17	-43	98	41	-32	42	-25	92	4	33	27	-81	11	-96	10	19	46	31	-28	-3	-9	52	99	-46	-5	-14	49	49	-40	-43	-19	-84
7	-52	-69	65	60	34	81	-18	97	-76	-98	92	68	85	-84	-53	30	73	-1	63	-26	86	9	77	-37	64	20	-37	-20	-31	-81	-53	67	76	80	51	79	8	99	-50	-47	89	27	43	-2	-4	48	36	81	-16	93	66	-53	-32	5	-11	97	90	-7	-24	-11	-16	-57	-97	74	-30	-60	-56	3	-22	91	-48	46	-42	-90	-47	6	-99	-56	-85	-56	86	79	-40	90	-8	89	100	21	-1	48	-62	80	-38	-19	94	-37	-91	65	-23
44	88	-90	-32	-75	-63	43	-80	-41	-40	-39	-26	80	1	-90	-90	-50	-17	-87	30	-34	-18	91	94	-49	-8	-36	28	21	20	36	95	15	19	-4	20	-30	40	10	-42	33	-68	-70	14	-91	63	40	0	22	-61	-29	7	82	-77	12	-2	77	69	90	100	-37	-43	50	51	64	-75	-19	-89	-67	-37	5	-67	-64	-4	55	65	-20	-55	85	-70	-72	63	31	-46	-72	78	-13	-66	37	-78	-18	21	85	-26	84	-18	96	-94	-69	-56
-94	-98	34	12	87	47	-10	69	83	30	99	-13	96	-63	34	91	76	96	-28	-14	-94	82	1	95	-42	-50	-15	-25	-54	74	-18	53	14	0	-68	46	-62	-21	30	-19	-16	70	9	51	57	-58	-58	42	41	3	-29	69	-1	26	-34	-50	-56	-83	93	32	-100	-85	-32	53	78	-88	-44	64	-22	-72	-23	95	12	-100	69	30	-25	-16	-29	88	51	45	-5	-81	-54	47	-68	63	77	85	-5	99	0	-30	88	24	-38	-18	52	9
42	-39	-83	-70	25	-99	46	79	-32	-14	-20	-54	-48	-19	69	56	47	-19	30	0	-43	13	11	40	-21	-27	28	-20	-16	-80	3	41	-32	-66	-32	99	23	-54	-74	13	53	71	-9	-77	25	26	-28	10	-55	-27	-17	-9	70	-64	45	34	-31	88	-48	-30	-96	-94	-75	-26	-37	-85	-36	-81	-92	0	62	-71	65	56	86	94	-67	87	-48	69	-6	66	89	-61	41	66	74	17	-24	24	40	56	-86	-21	62	-22	-76	7	-17	78
-91	76	-60	58	-11	-23	65	-72	41	-5	-97	-40	-82	-26	63	0	100	-90	54	60	63	1	-3	-4	-68	82	-64	-53	23	-12	-91	63	-58	29	54	-81	79	46	71	72	94	69	53	43	-70	98	-14	-76	89	30	10	45	71	-18	-96	64	79	44	-17	21	98	82	-79	72	-30	-72	-34	-92	5	81	-28	58	-54	14	35	33	-51	-10	-30	39	-6	-45	69	24	-61	40	-12	-93	47	98	-58	-43	84	-86	-70	19	-99	97	8	-17
42	-21	-61	-88	-87	-74	-29	19	-42	44	18	-61	-45	-32	-6	-48	-9	70	-45	10	-18	-26	-35	51	3	38	7	74	99	-95	13	58	-15	-2	86	18	72	23	75	84	-77	64	-56	60	-26	-83	61	91	-75	59	-34	98	-14	89	36	-36	87	4	-10	79	-10	29	14	-66	23	6	-63	-75	-99	-75	52	-36	88	26	30	-21	-18	42	-85	36	-59	-54	-33	86	-82	-47	45	-81	49	99	-45	-45	80	74	-54	17	-90	91	35	-99
-56	66	67	98	-14	-28	3	-22	72	-15	-62	27	17	-13	-86	4	55	-78	90	59	-18	92	-15	-69	-80	79	-38	72	89	85	-36	53	-13	-34	-32	-1	-63	-38	24	38	30	-28	92	-100	69	-94	-27	0	-21	-22	-8	-13	16	67	88	-43	40	98	74	12	-56	-54	-6	64	37	-58	90	59	-79	-9	76	16	15	-63	-25	37	-72	-12	-60	91	-69	-80	33	86	-10	75	-42	-2	31	-11	18	79	39	15	-76	-54	57	57	23	-84
-60	-100	55	-78	-16	11	33	75	-33	50	-44	59	-9	-6	74	38	-11	-88	-69	-94	36	-27	81	-54	-89	73	37	92	38	49	96	73	57	-72	-26	82	8	-82	-27	-30	56	-46	-24	16	-12	16	-3	-78	-62	-86	-36	88	4	33	-29	-54	-42	29	30	0	27	35	12	44	-91	-40	78	61	-36	83	-71	-76	3	55	54	45	14	-72	-28	-69	52	-54	97	85	-12	-2	-36	-49	-79	-84	-41	-56	-74	50	-59	45	65	-8	89	-6
69	-31	-52	51	-56	-31	-39	3	-43	49	-23	12	15	85	-21	100	-8	86	22	-33	-53	-3	77	20	48	61	-41	-19	56	-4	0	10	-73	98	73	-74	36	-42	-60	-75	-82	-65	5	-31	29	14	99	-8	-89	-92	-28	23	29	14	-37	82	67	-10	-18	26	62	58	66	-9	-83	72	-36	-53	73	-67	88	-36	-17	8	87	-16	45	100	15	-57	-18	-85	-73	8	25	46	-48	-22	-97	-65	-77	67	45	-96	100	-68	-3	61	-37	94
-31	7	-18	-7	-93	88	3	94	48	-18	10	73	57	14	17	-74	-55	-40	76	-47	92	12	30	-61	-97	-67	-91	30	89	-83	17	-9	77	71	4	-78	75	93	-84	10	23	72	3	-10	-48	-52	-93	-87	-94	-26	13	45	66	-4	-91	32	12	8	-52	45	28	-64	35	-10	43	-97	-60	81	-68	58	-29	24	-87	-86	-100	-78	-31	100	-70	-25	12	19	46	-52	58	11	34	90	29	23	25	45	70	93	-42	4	4	-23	-63	21
-76	-53	-22	31	-87	-29	13	-27	71	72	76	27	60	32	95	-6	44	-17	48	6	95	80	-15	-44	-2	-96	85	74	72	28	12	15	-67	45	77	35	95	-85	-67	-78	45	21	-20	-58	75	71	-90	43	26	-77	67	-4	97	-4	12	-17	-73	53	25	33	11	-82	84	-43	77	-75	-35	-76	55	-14	-8	96	-48	-41	14	-6	-48	-90	-67	-93	-29	-26	42	-83	-74	-56	-21	-22	-84	89	-10	31	97	73	69	79	-54	68	62	69
20	46	-94	1	-47	-29	55	-36	-45	57	61	-73	90	1	-44	-97	-95	17	72	-71	-66	92	-76	37	-23	-24	-46	-16	-96	-20	-9	96	12	-6	-31	-17	73	73	-76	-56	-66	96	-42	16	75	8	7	41	35	-42	-50	78	20	15	40	-100	41	-78	50	38	-36	100	84	90	3	-60	-67	73	-19	1	5	-2	-61	-29	80	-86	23	-38	10	13	-66	21	-95	5	-28	48	59	-41	53	-95	-36	50	5	94	-79	30	15	-97	-11	39
-67	39	-68	59	30	60	-81	-22	39	74	83	64	-86	-78	85	48	32	89	83	61	-11	-3	-5	39	3	69	-64	97	66	-7	35	-4	7	-82	-10	-26	-42	87	45	6	24	-6	89	92	35	26	4	43	6	86	-28	-77	-16	20	-43	2	-72	56	53	-92	-40	-40	49	-16	-66	-70	61	-22	56	56	-16	59	32	17	47	89	-41	-36	53	23	78	4	-62	-33	-23	14	75	1	3	-37	29	26	-64	85	-8	2	45	-59	-6	65
81	92	87	21	21	-40	-55	-64	-6	-83	-23	81	-2	-4	-40	-67	-61	-87	79	-51	68	24	-4	54	82	46	-13	75	84	19	80	-45	-34	44	-21	-6	-80	-84	96	95	54	-49	-71	37	81	4	21	-87	-43	85	-12	36	79	98	-79	86	72	-74	13	-50	-90	-78	49	-99	41	-59	-66	-95	-44	-93	0	-16	69	9	-39	47	-42	-70	-11	59	-50	-4	54	60	-67	0	15	77	47	15	0	-35	-5	-3	-79	43	-84	-99	-64	66
-92	82	-73	75	-74	-89	-68	-77	-52	7	-87	-66	25	57	47	39	76	-16	54	-74	28	-5	38	-88	5	13	42	-49	-69	-13	35	-32	75	-59	-36	48	-44	-17	80	57	-49	-21	-78	-30	-43	-91	17	27	-73	-30	-52	50	-57	65	-51	-2	63	-33	-23	88	-27	-46	26	-88	53	-62	-39	33	-34	-67	-57	17	-65	90	63	87	51	-91	81	-74	-23	74	-5	-42	47	26	-77	75	-38	-77	6	38	92	97	-95	-86	-82	94	79	20
-63	-23	35	57	10	54	-69	-32	-80	-21	97	0	33	60	-64	-87	-80	-89	-94	-34	-98	-86	93	-23	-93	55	8	-9	-96	-99	83	-90	91	82	30	60	-8	39	79	17	-27	15	-73	73	95	27	-72	-48	-67	-93	-5	-56	84	-94	75	79	-74	-47	-70	74	83	-47	-14	-13	11	43	-59	-3	-58	56	-57	17	-68	97	19	43	-1	-38	85	-24	-58	-1	64	57	85	94	62	99	100	-62	-8	-97	-58	-42	-70	-63	-97	-94	49	73
-58	-63	6	-35	-15	-65	94	1	65	68	-11	38	24	-73	-76	51	50	48	0	-60	-33	59	47	-20	-41	78	-3	-100	-58	-67	44	48	-92	-74	-86	-39	60	-84	-66	-30	91	-93	17	69	25	89	-97	72	-87	-36	-99	99	69	-2	-79	58	-4	-63	49	42	35	6	74	-6	81	43	75	-12	84	-53	68	19	46	-38	-25	-71	11	-39	-44	-90	-58	-62	-75	-73	-15	-22	-73	88	7	65	-87	-8	-19	88	-75	68	9	70	23	15
84	-59	64	28	33	-40	-20	23	-23	-59	90	15	55	10	-51	7	-94	96	18	-26	68	-61	-71	17	72	-22	-6	25	-23	-23	93	38	63	15	50	58	13	91	-17	-77	-71	36	-51	-31	15	-15	93	-98	39	-97	23	-65	-49	99	-71	-87	27	-85	-25	-17	39	91	92	-54	-5	44	77	47	3	44	74	-27	-7	-87	57	-74	59	-76	-33	-44	30	30	15	-7	2	4	67	-32	-68	-91	84	-28	-45	51	33	-67	-48	-66	0	67
61	27	-62	-84	1	-81	-87	-47	65	16	-5	-16	-89	72	0	28	13	23	6	36	11	63	5	3	-97	-93	-12	-74	-38	71	52	79	-2	47	12	90	51	-33	48	64	97	-5	-88	92	-33	-64	-71	-64	-52	99	-68	-51	-50	-100	48	91	-59	99	-55	-22	86	67	9	-9	75	-1	-81	-80	-15	-72	44	71	76	15	45	-41	65	48	35	74	82	-69	40	-42	-13	-5	-33	-50	25	98	38	-86	80	-93	-75	-74	21	85	71	-99
94	-20	33	71	-45	-64	-93	-20	-5	-4	-60	99	73	-86	66	37	-35	56	99	-99	-25	3	75	99	82	-86	-61	14	-20	-92	-34	19	-37	-44	-85	-77	-95	59	75	34	-34	-57	90	-50	45	-11	47	-87	-56	19	-3	48	-32	30	-83	97	-71	60	22	99	-32	-51	2	-47	-12	43	-51	-26	29	4	-13	-27	89	-23	6	-44	100	37	-2	95	-94	36	-72	91	-42	53	58	-36	63	40	-88	-1	-87	-32	3	26	29	-22	49	40
44	-96	-37	-53	-4	93	65	31	-5	-49	75	92	-56	95	90	-31	73	-16	-38	-8	-5	67	4	-49	35	95	-61	68	-75	22	-84	-6	15	83	61	-48	20	-46	-78	-81	2	62	-46	-81	-44	-69	100	-54	-8	-95	-19	80	29	93	-34	73	-13	35	69	-13	55	-97	-8	44	100	-78	3	-99	4	86	-26	30	75	40	20	57	-7	74	-6	-71	-69	-26	15	-95	18	-51	-36	-16	-92	-84	-43	30	-9	27	-64	-44	74	-82	-34	-83
76	38	-5	72	88	3	50	33	-27	74	71	-68	71	-11	-85	-60	-24	92	44	-72	14	-73	-7	-14	50	-88	9	-89	14	85	-62	-86	-61	68	-64	-85	-34	-41	33	18	51	71	12	84	-50	-48	48	-16	43	28	-98	27	-6	80	57	-72	-69	-25	81	47	-45	28	-83	-67	53	21	-9	66	-71	12	100	41	-86	54	92	3	77	-21	17	38	3	-93	24	23	76	65	-26	-84	-82	-21	35	-81	-85	-20	11	-97	83	-86	-80	-43
-86	17	-2	-22	37	78	98	-36	-51	92	36	-36	89	-87	-85	-27	3	15	-40	-36	-36	-80	3	-63	-100	46	-72	55	-64	57	2	-50	21	67	-2	19	-73	44	43	-32	-18	7	-50	95	81	5	-11	-20	43	1	45	95	-76	-92	-67	24	4	-69	-66	-48	52	-28	-56	19	91	-82	-2	14	-80	94	-70	43	-62	93	75	-6	-21	85	-64	-44	95	78	10	-7	44	23	-70	-2	-78	-55	-51	43	5	-15	92	37	-18	16	-6	-10
22	-29	39	-49	-25	9	-35	-66	71	-65	-7	43	81	66	13	-79	44	-64	17	-3	87	42	90	82	49	-45	-54	17	4	-20	26	-54	3	-18	15	-44	62	29	-19	47	92	53	24	67	8	-100	-38	89	-21	-11	-54	-3	82	-100	31	29	-89	-2	-82	24	29	49	22	59	-27	-64	8	-62	43	70	-15	-3	79	-34	59	86	-71	-26	96	-20	44	-95	-84	-95	43	-97	-93	94	-99	-18	-59	81	34	18	-94	-70	-77	87	74	28
66	47	10	85	-18	8	80	-29	-3	-18	-49	84	74	50	-78	-73	35	56	-42	87	63	86	89	68	-37	-40	-95	17	-48	-69	85	-52	-85	-53	50	48	-77	-18	-23	-60	13	53	-57	-82	-24	53	71	11	-86	-21	4	-84	15	-4	-77	-58	-13	-83	61	-14	49	28	38	-41	14	-11	23	58	34	97	8	-4	-58	-9	-95	-94	-64	-21	81	0	92	-96	-73	-46	73	-28	100	-3	92	33	63	-65	-6	-16	-11	51	84	44	79	4
-18	-10	-19	-7	33	-12	-85	-12	-28	-5	17	-9	82	92	-40	29	4	-12	-34	-38	93	49	28	-91	92	-47	-47	86	21	62	35	-86	47	-27	13	-69	-32	-18	-68	-11	50	3	-67	-96	0	45	-75	-3	8	-31	72	-65	-72	-98	48	-88	-41	37	-95	62	22	-54	21	-100	-88	98	-15	-45	52	72	1	66	-92	-61	54	-18	15	33	76	100	85	88	-10	98	-61	-45	26	-18	-44	39	-83	-36	-56	20	-75	89	-48	35	-67	94
18	78	-25	-86	22	-6	-59	-1	-13	26	22	50	55	-83	-57	-48	-99	53	-43	-10	-61	41	-37	-23	97	-11	-27	-57	-47	-61	-28	-27	93	40	-14	-7	68	32	-44	-79	-21	28	95	13	72	-45	8	-61	-67	-8	-57	76	-81	21	61	86	-61	-9	22	-71	75	-65	-79	84	-28	79	-77	-27	-86	-47	22	-19	-38	70	63	73	44	-29	-37	96	-84	-96	60	-45	-46	63	-1	14	83	-14	33	88	-91	17	74	23	-100	56	-71	-5
-35	88	-88	-96	-89	99	34	-3	-24	81	48	53	17	-30	39	76	69	-13	67	43	-62	-26	95	-64	-76	48	95	-44	-99	-68	21	-85	68	94	48	50	71	35	-93	-1	-27	77	-6	-76	6	-46	-61	77	-90	-95	80	46	97	-50	-74	77	-8	100	-80	-66	-5	-19	-30	-36	-15	50	-6	-48	73	89	-25	-90	-76	-16	-68	-19	-90	16	94	15	91	-67	-53	-19	-19	78	29	-38	51	46	-28	16	-13	-59	62	18	96	30	-46	25
-12	63	24	42	10	64	-37	-87	2	98	66	-4	-99	91	64	63	-20	-37	72	26	-75	-40	25	10	57	35	53	-9	-29	95	-84	32	-68	-88	-98	-63	78	78	63	75	17	-60	18	-93	27	-24	63	29	45	67	-31	-59	45	74	-18	-44	-31	-28	27	34	-16	46	-69	-93	-58	64	79	13	48	-37	-68	-49	-26	94	61	-91	72	71	-38	51	95	-25	39	41	-91	63	-43	83	-92	-4	-100	97	61	29	-68	-81	-41	-90	-1	-16
-55	93	-61	50	48	75	-36	-79	-66	82	-71	26	100	-94	-88	51	65	41	-49	100	28	-88	-55	-42	-43	-19	-78	39	-4	84	-55	14	-17	86	-72	94	17	-29	-16	-6	-33	100	63	-35	83	-89	49	-9	27	49	19	-90	76	24	-22	-50	-1	-25	15	94	65	-99	79	26	-81	-82	44	-65	82	-40	61	78	39	56	-84	-83	-54	32	96	-55	-77	-70	-92	-78	-14	-76	-55	-21	46	-82	88	31	52	39	7	-44	83	-88	-91	-9
-43	99	100	93	83	-56	66	63	83	82	-60	-77	-21	-27	-80	-34	-16	-100	-75	11	-89	91	-23	81	-63	-16	66	-24	48	46	75	-7	-70	-34	-81	-26	-50	-59	67	65	-86	45	95	-95	-30	69	-61	-20	62	-79	10	-70	92	6	47	-16	-96	42	-83	66	78	91	-69	40	24	-26	-7	4	22	53	83	11	46	-9	39	-84	43	-100	77	-40	-86	-67	3	61	-63	-85	-8	3	60	-92	-35	25	-57	90	-93	-21	-42	-16	73	30
-40	10	10	76	53	-48	3	-43	-31	28	-28	-12	-38	-59	9	-34	96	-37	48	-82	49	38	53	83	12	96	58	-1	57	30	-19	-65	-75	30	27	72	47	87	17	70	58	-28	16	50	88	-51	100	56	-10	-4	-8	-17	5	37	49	-44	27	-33	79	89	-36	-7	79	61	-48	42	-40	-34	40	72	-89	87	73	83	98	87	26	-77	-97	-38	11	-65	-42	79	28	40	-70	-68	-75	47	-63	-93	-12	65	35	28	-22	90	79	92
19	-26	56	6	71	80	-72	-64	-29	-62	43	-1	-69	44	-78	13	55	1	6	-78	-9	-33	25	-72	36	-3	-69	8	46	-12	43	23	-65	79	-49	18	60	47	-47	89	31	45	76	-23	-70	-52	88	-59	19	-40	-100	-55	-96	-47	-15	87	32	10	13	63	-23	54	-45	-63	73	-25	30	-83	99	83	90	74	82	-47	-13	26	-77	-4	4	-5	-63	-80	-99	7	-6	-66	-81	50	-68	32	83	77	-49	83	87	-58	73	98	-57	-48
-96	-8	-27	-44	56	3	-99	84	0	-25	23	-10	-86	-47	-3	67	-50	20	-28	-92	90	9	-65	30	-59	-27	-48	-94	43	22	-9	83	52	62	13	20	-76	17	-52	56	-74	49	-73	21	55	30	-3	28	57	52	76	-28	-5	70	9	-32	8	91	72	79	-65	78	-94	12	60	28	25	-74	7	91	22	30	51	-98	-9	83	35	-99	97	-81	13	51	-58	97	23	-15	-95	77	11	33	59	-89	50	67	73	-18	56	4	6	-36
20	35	18	-91	-96	51	-53	-52	-47	31	6	56	-28	29	55	65	-43	-88	22	-67	94	-64	33	75	73	-26	-52	79	-47	13	80	99	-84	-75	49	-48	73	47	-94	-91	33	54	60	86	-88	20	-24	-98	15	55	-5	-18	46	66	23	-48	-49	-98	95	8	41	94	29	-58	-25	41	-15	14	-87	-24	14	-97	-15	-83	55	-83	-2	-63	-82	96	99	-30	-41	-89	68	63	-35	100	74	-10	81	93	-34	75	-46	-60	53	-4	30	42
-6	-97	-40	-21	-45	-80	-94	-10	-40	-51	-62	-1	49	72	-90	5	91	-47	62	37	22	3	-85	2	70	-85	-34	14	-39	4	-17	33	58	78	33	66	-98	-14	-86	77	-79	-56	52	70	-77	71	-60	-69	18	10	2	-15	-42	89	76	44	-83	-67	-67	-56	-18	82	21	6	40	-66	82	68	54	-25	-83	1	-9	77	79	-90	31	70	-67	-30	78	-43	-14	-1	-41	-54	83	-27	68	-30	-19	-45	-58	-33	7	-99	5	-54	-81	10
18	-86	-78	-38	63	24	-35	75	21	-32	52	-55	-52	29	-7	-50	-74	-85	-5	85	-54	-21	-18	12	66	92	100	19	-67	-89	-85	-62	82	-73	40	-97	18	90	-25	-92	35	-44	-60	-87	23	5	25	-59	-85	43	-46	18	52	46	-30	-3	44	16	26	-48	-16	70	-48	17	-29	68	-72	-50	-66	-6	30	-17	84	-80	0	-92	12	52	-76	85	55	99	25	46	86	89	37	42	100	-87	39	-43	85	59	-90	-76	20	-93	83	-59
-10	48	3	-13	48	-55	71	85	-100	97	-75	42	88	67	3	1	69	-55	-23	6	22	-42	-85	96	-75	23	69	-72	-40	28	30	40	81	-53	-94	-40	-99	-49	-27	-12	-2	45	35	66	53	79	38	-56	59	67	-67	-30	5	-30	76	94	-68	84	-16	-16	-90	97	28	-90	23	-70	-69	-50	32	68	-50	-100	12	78	58	24	65	21	-49	-3	83	-38	-72	15	72	30	37	-45	90	-97	20	-35	1	38	67	6	-78	-33	14	-2
52	73	-48	-60	22	99	2	-77	-46	62	62	76	77	72	37	43	88	97	31	5	-12	-94	84	0	-15	60	-26	-21	-77	-25	70	13	82	27	-36	-87	49	34	56	-48	39	30	-16	14	4	1	-21	46	20	-98	-84	-74	28	-51	97	-82	-63	75	-52	11	79	4	-69	35	-58	33	46	-77	95	2	75	23	-57	-10	-87	-81	68	52	-46	56	16	78	78	10	18	-33	-43	10	-30	81	-22	48	19	-89	83	3	31	44	33	-78
-13	-89	-4	-92	65	-7	-85	-85	2	-97	39	71	-85	-89	0	-10	-67	61	68	82	58	-94	-67	91	-31	-77	50	58	-27	-77	-74	-39	-50	-8	-86	-38	-26	9	22	-40	-100	10	-52	87	-43	-57	-13	-6	82	51	98	29	-4	80	-44	81	-13	89	-59	-62	23	15	-25	18	-39	86	71	55	-16	-19	41	86	-90	-60	-85	23	17	67	4	93	94	-28	-65	-68	63	97	-76	-55	-18	42	57	37	-29	-43	-47	79	-70	-51	-83	-68
43	11	-84	-76	-31	-61	49	-64	51	96	-38	6	-86	-87	8	-80	-67	2	-76	-45	65	-52	-1	-97	85	44	94	37	75	0	0	-33	36	-82	59	4	-82	4	-37	-51	-35	-87	-71	-44	-81	7	-29	27	98	-3	14	-82	-41	-9	-74	-96	-51	28	-62	-92	99	-14	60	-51	83	-79	64	-63	54	-28	-95	27	-75	-42	-6	-74	-47	11	-14	65	-71	51	24	29	8	65	-34	9	69	9	61	-66	-53	-27	1	-71	3	-80	-40	49
-96	25	-94	-21	-59	-67	-95	-67	41	-75	57	68	99	40	70	-60	-71	1	1	-48	37	-93	-8	-19	49	-1	42	10	59	-30	-30	37	-38	-41	-9	-42	-4	-18	-21	-95	66	-20	77	63	44	-55	-22	92	-79	-31	82	47	-100	13	-43	10	-1	72	-85	89	-28	-39	0	-2	-53	-16	47	-95	71	-41	-36	20	14	-7	-29	-67	25	88	-29	27	-96	-36	97	-22	30	-79	-19	65	66	62	-89	-47	-42	22	-70	-48	-87	54	-95	-69
-92	47	45	0	9	18	39	-36	-65	4	81	18	-11	5	-64	84	-46	-51	-54	-85	37	-82	23	9	-25	5	-25	-99	-60	-48	-13	15	57	-45	-95	-93	95	-31	-62	40	-31	60	67	-66	-93	43	60	-98	82	12	-51	21	32	99	-84	90	67	84	42	-60	27	27	-77	6	35	63	52	83	-3	-7	46	38	58	-51	26	85	-7	45	91	14	97	88	21	-62	-37	48	-52	13	-18	-63	-78	62	14	-73	-33	53	1	18	98	41
-66	-33	-82	54	27	85	10	-49	-68	-62	-16	-5	63	26	-79	82	52	-100	100	-9	23	-47	78	82	-76	83	100	-2	-64	15	62	14	94	-11	-89	-80	76	-27	88	-51	-62	67	4	-29	23	88	85	-35	19	-24	-34	86	-21	1	31	82	44	-79	-69	-86	50	-82	-22	-7	68	39	-3	-6	33	-27	-53	25	64	-61	36	-76	5	100	-65	87	-62	77	92	-98	-22	56	38	81	16	-10	59	-35	-17	-69	76	18	20	74	17	-22
38	78	17	-18	27	-97	-35	100	22	-54	-7	-7	-44	6	-52	35	83	66	-82	-60	21	-27	-46	-86	70	-97	-44	-71	-49	23	22	-13	69	-53	78	34	-45	-67	-9	82	9	-75	73	69	-6	-30	35	-91	-56	-100	-60	94	-5	95	84	0	-62	85	-66	41	-71	-1	-14	-44	-72	-48	55	85	50	77	-18	-19	90	18	50	88	77	-47	81	38	-83	-54	29	74	69	-92	46	-60	-47	-23	-50	-56	53	56	-33	38	74	-17	-37	-100
36	-44	66	-72	-62	70	74	-72	4	-56	22	-34	46	-53	-13	17	59	-72	-16	74	-17	9	-21	42	-73	83	-70	89	-3	-99	78	62	86	59	89	7	67	-48	-33	39	-73	20	31	-68	86	-76	62	-73	-63	10	-66	-53	76	71	85	-39	-31	-83	64	-65	42	-18	-87	89	52	63	86	71	-3	-80	67	-93	14	-17	86	8	88	67	27	-56	11	-88	-59	-70	-95	80	74	68	-20	-77	82	20	41	-50	9	-93	56	11	81	-89
-47	60	15	-38	-12	-46	89	-68	8	82	7	-60	9	-42	86	84	-19	-15	-71	-70	-67	56	-24	6	-27	-12	79	-68	-36	-4	-32	-35	32	89	74	39	33	-36	-31	18	-77	-27	-98	-29	-44	-40	10	-90	100	-69	43	90	-90	-76	72	-65	60	-41	82	93	-96	-57	-59	44	-1	73	8	-25	50	11	-58	-94	15	-94	39	-56	-70	28	-12	69	66	83	89	75	60	84	-14	-93	-25	43	-21	22	-93	87	-81	65	-6	-18	-85	9
-66	-75	24	65	-98	-19	30	-22	-75	29	-78	-2	-33	24	-99	-95	-91	-13	55	15	87	7	83	-82	72	4	-70	-29	99	12	-81	11	-2	30	42	9	-51	89	-40	-82	60	78	-77	28	76	-6	-4	76	23	-64	12	-16	85	-89	74	-54	-11	-98	66	-37	-20	-15	-48	85	-31	-27	-63	-43	42	35	-80	50	9	-94	77	50	59	-11	22	49	3	78	20	96	-98	-32	-47	-89	-30	-5	-58	100	18	-2	17	53	-68	-54	99	73
60	-64	-2	-85	2	84	-48	-28	-41	62	92	34	-94	-60	46	4	80	-39	-20	-50	7	12	-27	44	93	76	-80	85	-76	-59	97	-60	94	35	-22	-77	76	97	-46	-2	40	84	23	-61	-69	83	-16	-96	2	44	-85	-53	-87	-53	99	-12	58	2	-73	5	55	38	48	-46	-90	-49	53	67	-46	-86	62	-15	100	-83	-86	3	83	45	-94	94	50	-71	31	75	-54	-23	-44	55	51	-80	46	-97	58	83	-13	82	-40	80	-47	37
-3	39	-84	-41	-62	-55	-76	16	-63	19	-24	88	27	-66	-51	-68	17	-54	86	-56	23	-81	83	98	-44	49	-63	32	71	34	45	76	-82	-17	77	7	-2	-13	-56	-56	-56	47	41	66	-32	-34	83	-62	84	-21	-96	-54	49	-86	-48	0	-45	-40	-87	-74	-44	56	-82	11	45	36	47	-1	47	78	-71	-81	-84	96	64	0	10	-23	86	-2	-28	27	70	-97	71	-47	18	86	-71	0	-30	2	-19	-2	-28	-69	44	77	-40	41
19	-13	75	68	-18	59	32	72	19	73	3	-14	-17	6	-45	59	54	-81	-16	32	-67	1	-14	24	-67	-28	16	32	89	70	-26	55	99	83	0	-98	-72	48	-1	-66	78	-11	-72	80	65	22	22	44	35	35	88	36	-90	-68	-42	-55	8	-38	22	8	-22	-26	66	-69	-38	-59	80	30	-3	-34	89	-71	-25	-13	-95	-2	-62	0	-23	18	78	89	-40	-84	-16	30	100	26	-57	64	-27	98	-39	-49	-75	2	-20	-15	-36	-77
30	66	-63	82	20	48	4	-76	-68	-79	-89	54	65	99	-69	29	-100	29	75	55	98	7	5	7	-98	22	72	4	71	-34	66	91	73	-84	100	40	-57	9	44	-80	61	59	-47	-29	-11	-14	-94	56	-53	-40	20	-53	-10	16	17	-11	35	-36	-71	-14	-26	-33	26	35	-22	-44	0	-47	-54	64	65	2	57	49	21	29	50	-86	73	-71	17	41	63	64	4	96	-34	40	-87	87	-75	50	59	-1	-52	20	76	66	-96	-9
-8	6	79	-59	-65	-83	24	-87	-57	92	2	-80	58	-20	92	-7	86	46	96	-75	60	-43	-89	61	79	50	-70	-38	62	88	-75	-5	34	-30	-10	96	96	56	-2	3	53	3	-74	-48	-72	88	-21	30	15	-18	16	-2	66	-80	-83	-7	-65	-93	58	-18	-1	-59	-61	92	-76	-7	-7	-50	-86	31	4	-38	-68	-24	57	84	-37	8	95	0	90	57	-14	-92	69	43	54	90	-84	42	-60	-39	63	41	48	91	13	54	-49	-40
88	-80	90	-56	92	53	-27	65	-34	72	82	81	-1	11	26	70	38	90	-49	18	-17	-83	1	20	12	-32	62	97	-5	-57	-24	-60	-76	5	42	-30	-40	-43	-89	-61	-49	7	73	42	52	-3	49	-68	-11	50	71	-67	-30	-77	-98	63	-10	-82	-96	66	19	54	77	-18	81	-64	-22	93	34	70	-42	-79	55	7	-99	-85	-34	87	67	94	-4	32	-7	-28	-85	73	17	46	81	-39	-62	-9	-55	19	5	83	-67	-15	-94	87
67	17	79	-87	-89	-52	48	29	21	95	74	60	47	45	55	-53	-41	-41	-85	69	39	-11	-29	-2	-84	51	94	-78	-66	-18	30	12	66	-7	94	-4	-91	-79	30	13	76	3	-90	-36	-44	-97	12	85	-37	95	-6	49	-20	92	-96	46	30	39	10	86	-50	-86	-20	-84	-52	8	51	-100	72	35	-53	-31	-81	-89	-18	42	-4	58	-39	-10	-77	78	82	96	-66	-53	-39	-77	10	79	-33	-84	45	-87	-88	86	57	3	-86	13
-85	-2	-73	41	-59	-21	53	24	99	43	19	-13	56	82	-92	34	-51	16	-61	-19	67	87	37	4	4	76	33	-44	60	-81	13	-35	-43	-43	70	-27	96	-70	87	-91	7	7	62	-62	91	-41	18	-63	-57	81	-8	-50	96	-22	4	-65	-6	12	17	25	-33	-77	97	-19	0	-18	13	-46	-72	-42	50	-47	-96	-35	-21	-88	2	10	34	-51	-28	-7	-99	34	10	17	-97	-99	-96	-98	-67	-4	-47	64	-8	67	93	97	32	-84
54	11	-83	87	-5	-40	79	80	52	59	31	59	-92	-37	90	-1	3	-85	63	-62	-92	80	36	96	-49	-24	95	-1	35	65	3	48	-39	-25	-20	-91	-69	12	24	-30	-92	-80	-78	54	87	79	-16	-33	-38	68	67	-51	-1	-23	-93	58	43	-89	19	10	41	76	34	29	-65	-3	-35	-63	-55	74	-90	49	-90	9	-86	22	-31	-13	95	71	73	-54	-10	-36	99	35	16	-53	48	50	91	-68	51	-5	71	-76	68	-86	-62	-51
-60	17	62	-14	45	28	-42	-4	49	17	53	63	83	-35	-39	-99	100	-27	35	-5	-30	-90	81	58	-40	71	41	-34	11	17	-94	61	-37	-67	-24	38	40	50	81	-45	-28	41	-92	66	55	-1	77	-79	-80	-31	-81	27	-90	-25	-86	-84	-75	-11	-14	-53	56	-23	-36	-44	45	-79	-61	-39	-95	-48	59	-26	-4	77	18	62	61	-90	18	-100	23	-96	-47	37	86	12	-82	24	-57	-41	-95	-12	71	47	30	4	-49	86	6	6
-43	96	37	62	47	94	-38	100	-15	-67	68	-31	-61	31	85	47	-48	-90	79	-29	-13	18	81	25	66	-48	-1	28	-37	66	8	-4	25	-34	56	67	-8	44	20	-34	-48	-84	38	-68	96	-44	87	-26	-51	-78	-9	97	37	66	29	52	-15	-53	-25	-66	69	-45	65	40	36	-61	-34	-63	-27	-97	73	-29	15	3	-54	98	9	-84	43	15	-76	-23	28	-86	-16	91	-66	4	52	-90	91	-78	-1	-45	-69	8	-36	18	-13	-20
22	89	-43	-90	46	-86	50	-92	-11	-93	-50	-38	-75	49	-45	10	-45	-75	-51	-65	-11	3	35	-69	62	64	54	-49	64	-53	-27	-12	-60	62	-17	-57	68	88	52	-65	-43	-15	96	25	-19	81	24	-33	-32	-25	-94	64	10	53	55	-63	-54	32	83	12	51	70	35	-6	-48	51	-95	-30	83	47	-71	21	83	-74	-84	37	91	-93	83	7	-77	-3	-87	58	91	-19	88	-10	9	-34	64	-45	-64	-97	-56	96	-99	-33	-27	-21
80	31	-32	96	-72	36	97	11	-55	-64	-8	80	54	34	19	14	-25	-56	24	-96	-84	-40	8	61	68	-93	97	91	-2	2	-26	4	88	29	-80	-68	94	18	-1	-72	-62	-31	24	83	53	-56	22	-54	-29	29	47	4	52	96	78	-54	-61	-9	82	22	73	0	-67	-100	96	92	-34	-68	25	52	78	20	-46	1	-12	-78	-25	59	22	19	37	-79	4	21	37	-30	77	53	-34	-76	-6	-10	-75	46	94	-31	38	-66	-74	-60
9	-16	-44	7	-6	-26	75	-49	-93	-68	68	88	77	27	16	-76	-6	-27	-74	-8	70	24	80	-48	-50	-37	62	37	-99	-49	-93	0	-29	49	-49	-79	-82	-24	85	89	98	-79	-88	69	-12	13	80	-21	-55	19	8	24	-95	-87	98	98	41	-82	-66	-58	-32	23	26	-49	-37	-72	-87	92	-79	-58	-75	-69	-15	73	32	70	26	-90	68	-70	-22	41	-59	51	-59	-8	-85	-28	28	65	-37	80	28	-32	38	-73	58	93	35	-89
-89	-89	-37	97	-34	54	99	66	-8	48	70	86	-66	13	-81	-75	69	-75	19	29	73	-44	-10	-75	-38	-67	-35	-21	7	-13	-18	-35	67	-28	-88	42	91	-72	44	-38	-25	82	92	100	44	14	86	51	-74	87	-15	-22	-96	32	92	82	91	-13	-30	79	91	66	51	-33	-4	-68	46	-19	42	43	-60	-66	42	35	-62	-95	-16	45	15	22	-1	75	-46	59	-44	39	-67	58	-52	20	4	-50	-7	-28	3	-2	-44	-50	20	80
3	11	42	-87	-68	80	-98	-91	89	-44	72	-83	38	-4	-14	81	20	80	-33	25	-35	-18	96	-64	29	54	-97	52	97	17	26	-72	71	-79	72	99	-62	-2	19	-52	-93	-27	-60	90	52	12	-71	93	-32	89	-34	33	-94	93	-6	16	-94	73	51	16	14	76	-19	95	-31	-19	-68	-53	8	-6	-86	96	83	-7	71	-4	26	44	93	-57	-95	-65	100	73	-57	17	43	-6	76	-44	-44	-90	-55	-77	17	-92	-30	-36	31	54
-81	0	-22	58	-67	54	-11	80	40	-43	-9	75	98	-19	-9	-84	-15	-81	75	58	-83	95	-42	-26	-51	49	-62	-66	-39	100	-82	87	4	78	49	-50	-24	-37	-30	15	-5	43	-11	-92	-14	40	51	7	-45	67	14	2	-18	72	-39	-92	-12	-65	-87	-43	43	94	-2	-87	27	-4	-33	54	-44	-49	-59	-78	-22	-84	-65	8	-88	21	27	-72	-90	90	-13	-86	80	42	12	-41	-99	27	-20	-23	-40	-59	-50	-17	95	74	100	74
-9	-17	-59	-46	-99	-11	-74	-20	83	50	-63	92	65	-20	-78	37	86	-33	-32	15	-75	60	13	-56	18	3	2	-23	51	66	62	-100	44	66	22	2	-63	-47	-13	72	-2	-17	-47	80	-8	50	-93	-15	-43	-72	35	-4	-100	36	-9	-40	-12	14	78	65	92	74	-89	-39	57	-69	27	-18	45	26	-98	-75	23	26	38	-77	21	72	100	15	11	33	71	60	-62	81	-18	-73	-82	28	-96	1	-86	46	-27	-73	38	-51	25	-92
-6	89	4	-83	-74	33	-69	34	22	-35	92	-44	24	-88	68	25	5	0	65	-67	27	60	52	84	-35	-14	-59	-5	49	4	-94	6	-83	49	24	-32	26	37	-78	73	49	81	3	45	-92	-15	-55	-25	61	-45	-69	91	-51	-61	25	39	-93	-81	97	-20	47	-29	-75	-42	44	23	63	58	2	-77	-18	73	4	58	7	54	-64	60	75	12	79	43	48	37	100	66	44	30	-33	-63	17	19	-34	65	-3	-49	40	-3	-64	83
-73	97	-32	94	-74	-4	83	-26	87	48	-61	83	84	55	-25	-17	-89	38	24	85	47	-85	-40	50	35	-52	-92	100	-68	94	48	6	36	26	79	-8	74	4	-93	2	41	-71	-6	65	-8	68	100	96	-76	4	18	16	-21	-83	10	-85	95	77	-77	72	100	8	16	70	-26	71	-94	41	-17	7	-75	-62	-40	-68	-50	-75	49	-84	0	-83	-44	-67	18	88	-63	96	38	-44	56	-12	87	20	-2	-45	-24	-73	-39	-30	98	98
31	55	-73	-23	-96	-41	70	84	20	-44	18	-19	-92	97	86	-90	68	70	26	-31	-46	-78	-96	-56	-91	31	-90	80	93	-17	87	10	62	-2	54	-45	92	31	-23	-89	-41	95	-23	19	-90	66	-65	-76	62	31	-12	-43	15	-99	-72	88	80	-89	55	74	-98	-19	-66	-56	-34	-38	-31	-52	26	-56	84	-18	88	-28	68	46	-43	20	-86	-83	-61	-33	71	-10	25	-31	68	-56	-13	-3	72	-73	38	65	5	-20	21	-17	28	-2
-83	11	83	74	-52	49	58	17	65	11	73	-44	61	9	-66	-62	-95	98	-25	56	64	-46	-23	34	-50	-27	54	-73	47	75	76	-22	-90	-42	64	3	96	-31	-34	-54	20	87	-55	17	-70	35	14	-34	-82	-66	-8	-72	54	9	-96	-5	54	-72	12	-49	-12	92	-78	48	-1	-7	63	69	52	0	-99	28	-96	54	64	-20	54	-80	12	31	-82	5	60	55	-50	-11	28	8	-52	-39	-58	26	1	-46	-31	81	-92	-15	-24	33
81	35	75	20	94	39	-50	-61	-53	24	70	28	-2	-29	61	37	-4	88	-99	88	-54	30	85	-87	47	63	14	99	35	53	-28	61	74	-99	67	-40	-58	-37	93	-72	9	92	-50	-12	-73	88	81	-80	-83	54	-78	-3	27	7	3	-87	76	-38	-67	20	-13	-9	-55	-44	-82	48	-66	-48	13	19	-29	73	-14	64	-53	-22	23	-23	-53	20	-5	-8	-66	18	72	-32	-38	14	-30	-33	-36	-68	-41	-75	79	-41	-25	-64	-98	12
-55	97	-75	38	10	-26	40	-35	-50	-83	65	-24	-64	36	-5	76	-42	91	99	18	28	85	80	-50	-42	66	84	-83	-30	32	68	86	75	-22	67	82	0	73	-43	-52	43	-45	-38	-73	96	93	67	50	23	-33	-32	42	80	-88	-42	56	10	-66	15	3	26	-64	-49	43	46	24	-74	46	-28	-4	-55	50	-54	-45	80	-72	-95	49	-74	6	30	99	-28	36	46	87	-67	75	79	-16	-20	-1	14	70	12	66	-83	-98	-30	59
-86	-16	82	71	60	-64	87	69	36	58	77	37	96	-82	-71	83	-37	-50	-52	93	61	54	-41	-7	37	-54	33	73	-28	-57	67	44	0	99	-49	97	15	-12	97	52	-49	-86	85	-78	-12	-44	-52	-17	-78	-30	79	-23	83	66	-17	-49	-57	20	-98	83	-98	95	36	24	77	-5	-81	36	88	79	18	-24	-14	38	-5	-23	-59	25	-22	27	82	31	82	-18	-27	25	27	100	-25	-33	-49	-58	15	98	82	-93	29	-64	-85	3
0	55	-22	-88	50	77	9	35	95	24	84	77	21	42	63	-63	-71	-19	67	-61	-2	44	89	52	-63	-84	-23	55	86	59	-16	-37	41	-98	-86	-5	17	55	86	13	73	25	93	-93	38	-40	-87	18	-99	60	-25	33	30	31	97	12	-58	-73	69	-33	-25	35	-89	-63	-62	-72	4	-97	44	88	13	91	-60	-82	-52	42	-87	54	-83	14	24	-66	-24	6	48	-27	-25	91	34	64	8	42	-53	-7	62	-12	92	-32	29	-95
30	-46	46	87	-98	22	-83	34	35	13	-99	22	-26	-50	-99	35	-67	31	-56	75	-5	88	-25	14	86	78	56	83	1	-70	-26	83	-46	-85	-8	-31	35	29	40	13	-26	-29	89	41	-20	21	31	95	87	-81	67	43	-58	-62	40	86	27	-97	39	-15	86	16	10	-25	-80	81	38	93	-64	-39	14	-78	14	17	84	-5	-98	-95	20	-91	84	-83	96	-52	-64	90	-73	31	74	6	26	69	-62	-31	-69	-53	-13	-71	-2	-67
-92	10	-81	4	53	-25	88	-21	-38	-93	-50	61	-30	-61	-83	13	64	-87	34	24	35	45	75	-22	6	-80	-81	-82	-81	-7	-60	28	22	70	-3	80	-72	50	-6	-65	88	-90	1	-74	-12	23	60	-99	-83	-46	45	58	-21	-20	-28	67	70	20	4	-61	13	39	-49	3	95	90	39	59	-72	74	-80	-32	21	-43	38	-34	55	21	50	-16	48	-100	66	9	86	23	-25	-30	-93	43	-64	10	24	96	7	-41	-38	51	-52	89
-1	-47	-32	39	-27	-72	-36	-77	-41	-61	-90	18	-36	26	81	94	10	34	-46	75	-6	-10	-54	48	78	15	-75	53	-35	-97	-31	-8	-87	89	-66	-99	-90	2	99	20	-22	11	-34	-46	-44	75	-56	81	56	85	3	-51	-67	81	59	6	-49	58	-81	4	63	98	-88	-14	-4	55	-76	91	-6	8	30	71	87	17	-52	28	-80	39	-78	-52	54	8	4	59	-86	60	51	-45	-78	-35	-42	-22	-40	-4	66	46	78	-96	-39	66
-45	31	91	30	-29	54	-87	73	-38	64	-29	4	-72	30	-28	45	44	-47	97	6	73	-57	24	-56	57	41	-20	80	33	12	-38	10	11	-14	-6	6	90	28	-44	-87	63	-12	-44	-95	97	-3	95	-53	-67	16	46	2	29	-56	17	-86	-3	15	30	74	14	-27	-27	0	62	60	-59	46	0	-87	85	-6	-87	23	98	25	-26	-38	-77	7	-74	68	63	6	-31	84	-21	19	58	36	100	81	-15	48	-18	-89	-62	63	86	-34
64	97	-10	86	81	-18	55	21	56	54	80	-72	-61	94	-54	3	54	-64	19	-49	-83	88	-46	-45	-43	-14	-12	-33	60	51	-7	9	-36	34	37	-84	84	-49	58	41	36	63	-3	89	-81	-41	58	-26	-32	28	14	-98	-21	-42	-80	27	3	-6	43	80	50	-59	26	-96	2	18	53	-45	62	48	-26	-46	54	-16	-24	10	-76	-10	-5	-18	-58	0	75	45	6	9	57	23	59	-91	82	31	-59	31	-84	2	7	47	9	43
23	33	75	-2	-45	57	-46	-18	-66	-64	91	80	-3	8	55	83	21	42	59	-64	-86	20	65	-66	99	-56	-32	66	21	-90	21	-95	-40	-95	63	-43	-63	-36	-16	6	-88	-63	-5	30	39	-51	-15	54	92	-38	-38	-14	18	18	-88	-28	47	-43	-53	-9	2	72	-8	-38	91	43	-96	-23	-87	-73	-6	78	87	-10	66	-57	-88	-11	-81	70	10	19	75	64	5	25	5	-4	6	-22	68	-48	60	94	-97	42	48	-71	-28	-27
62	74	-21	-65	59	8	20	58	-32	22	-99	-9	-96	-95	7	79	22	59	-82	43	40	-51	49	-78	-17	27	29	34	34	-56	-33	39	-89	59	-79	84	97	-69	-96	-98	54	15	-60	62	-67	9	2	88	45	55	77	21	14	60	-34	51	-2	-23	78	-32	71	-72	-31	26	-47	57	63	-3	-14	19	34	-85	72	75	-57	96	-65	36	-66	-46	74	77	-34	94	13	32	-100	-6	36	-82	42	42	8	-22	-43	-34	24	-3	-15	-61
-23	-38	6	-94	66	64	-62	81	-1	-82	46	42	74	-77	-63	-36	-92	12	-11	16	-35	17	95	-48	95	86	97	75	-32	-1	94	89	2	34	-48	26	60	-94	74	54	-1	8	-44	65	75	-3	10	-82	-36	-65	-12	42	1	-18	76	-1	-76	21	-43	-73	-98	-25	-69	73	78	31	-89	-44	98	21	-30	-29	-65	61	-14	-57	47	47	-37	77	-53	7	48	91	-16	30	25	-87	75	33	33	-12	-69	-29	26	1	26	99	-32	-70
32	-100	-91	-75	34	75	5	50	91	-4	34	-50	25	-77	-34	31	-58	-61	43	66	-18	12	9	15	-66	39	36	-15	-46	83	55	2	29	90	-73	-39	42	-31	67	22	100	-25	85	93	26	73	-65	53	56	-63	-47	91	-83	-95	-14	91	83	57	-5	60	-83	-64	-87	-89	37	29	54	-36	-75	65	-62	40	-46	-72	33	-66	-47	-49	72	4	5	4	36	-96	62	-52	29	-96	26	-91	-38	48	95	-91	86	11	-5	-36	-11	-62
49	27	90	51	-51	-63	-36	87	-90	33	-71	-51	-40	-45	-43	84	96	-96	71	20	-3	95	-91	31	2	91	67	22	13	5	76	-61	-80	-31	32	-81	-73	63	-6	91	84	-11	-29	96	77	74	35	84	-51	-49	49	-28	23	77	-35	-13	-96	68	26	-79	2	-88	24	-77	45	-32	-5	-16	-88	-91	-10	57	-44	-19	-31	-87	73	27	-51	56	15	2	-16	-75	-80	22	-32	50	-43	95	3	90	90	-9	32	-73	-81	-98	99	81
-2	86	-64	0	99	-100	-74	30	100	71	-4	-79	82	47	30	85	-70	16	27	-43	99	3	-85	10	-55	-91	17	8	99	28	-7	39	45	-18	100	-30	-61	-35	46	-7	19	3	-25	-65	35	-11	-79	98	-37	54	-73	71	-82	45	-98	81	6	8	-81	-27	32	9	75	3	34	-30	-3	37	50	-54	23	58	25	-53	-45	67	18	84	-72	79	39	-17	-68	1	43	-56	-39	44	-10	60	-16	-94	38	41	-87	-79	-76	-38	46	-50
-43	-91	25	35	97	-47	85	-87	-40	-96	9	-59	52	89	-82	-10	37	-35	-49	85	27	-29	-75	65	-64	-33	44	-55	0	-64	82	-49	40	-19	-81	80	13	-18	-81	32	41	41	56	4	-93	-79	17	62	-64	94	-55	-56	-56	90	15	75	-2	27	-87	-19	-93	-21	93	92	-87	47	13	-56	30	44	71	-14	-73	-47	-14	12	-5	-6	-61	-61	-22	41	-78	88	23	88	71	32	-57	98	81	26	-56	-47	-6	95	45	99	66	-58
95	90	31	-59	-1	11	58	45	-76	73	30	69	38	-61	3	7	-1	0	-48	-97	25	56	72	93	40	-88	40	-82	84	8	-19	-88	40	-73	-3	24	28	46	77	-88	89	60	59	87	-62	-52	70	75	-93	36	21	51	13	96	-2	-47	-1	44	-62	-21	-38	-83	100	48	33	21	-69	-26	-81	-55	21	-34	42	-23	47	45	-1	-19	10	46	21	76	-20	-80	-30	-60	3	-44	-16	-98	-38	27	-42	77	81	47	-31	-78	-96	60
7	87	-37	-55	-85	-91	71	-55	19	-74	-58	-1	-14	-87	-61	73	62	96	14	-51	79	-68	50	95	70	-19	23	-99	-95	-22	-47	3	88	-86	-97	-39	46	-20	40	62	-63	26	-26	84	-35	61	21	20	-53	-4	-23	7	-83	7	-30	-94	37	3	-56	65	76	18	-90	72	-11	-40	-39	82	-93	-78	-14	79	20	-22	-30	46	-34	79	-8	20	32	36	78	-52	-82	8	-26	47	-13	63	-22	-74	-35	-76	-9	-70	-76	-3	-79	-69
-16	-67	17	-71	-8	-33	73	-55	25	-68	-64	6	44	-65	45	-73	70	-5	-31	-10	-41	68	-54	31	47	-71	-33	-62	-47	33	-32	54	9	98	-40	-48	-86	-46	-22	12	-14	-7	-2	-20	-80	30	31	-64	-69	-53	53	-19	-35	-26	-18	-79	96	90	49	35	98	22	-39	-18	61	72	81	-42	-89	-72	-6	90	-91	82	45	-53	10	82	60	-73	-36	76	56	38	16	-16	-77	19	-9	49	-34	83	20	53	-19	-40	11	82	-41	-49
-21	-60	-3	65	67	-29	67	-21	-64	12	-15	65	31	-36	14	44	-46	-73	-3	-12	-65	-41	48	-72	-56	87	-62	66	3	-43	-18	-14	26	-66	99	74	-53	-43	16	18	11	-80	6	12	-79	13	16	-81	-95	-40	-15	58	66	-26	-96	75	54	97	32	-25	-48	-2	55	-47	-42	-66	40	-95	86	-78	-89	-1	-27	62	44	-72	-96	69	-33	90	72	-88	-93	83	-66	92	-27	-53	-74	94	-4	-90	40	-67	-59	-50	42	-17	25	82
70	-2	-70	-12	-54	30	-17	-21	100	8	-83	-20	88	-62	94	60	-24	28	65	40	14	-93	-34	32	-74	61	18	52	-27	-49	0	-26	53	86	69	13	-42	-88	-65	31	-2	38	34	87	-47	-15	75	-41	-24	76	-98	-96	-66	-21	-5	3	-63	21	37	35	16	-73	86	-88	-73	55	47	-21	80	-71	-17	-23	-65	-75	32	84	-53	66	46	33	-95	-45	-13	-52	-50	97	69	91	-99	-68	66	92	-53	67	-45	-73	-5	-40	16	22
52	-51	89	40	-64	70	-68	51	94	-1	-81	-17	68	-42	3	89	11	36	26	-97	-76	-45	34	89	23	-95	-40	69	14	58	22	76	56	87	-91	18	13	-75	69	12	10	-80	26	-74	52	-51	86	18	-73	65	8	50	77	34	25	67	30	60	-72	18	11	44	99	-68	-31	-2	-30	9	19	100	-32	3	-27	83	-36	12	-10	97	64	79	-44	-66	-92	70	29	80	-24	99	26	88	-62	55	-53	-5	-30	-29	85	-78	-33	51
69	-43	-54	47	-4	-1	-80	-16	-97	8	-55	14	-10	96	41	98	99	42	50	86	36	60	47	8	13	17	-94	-18	-46	82	39	59	-73	46	-5	-54	18	-93	99	99	85	-94	55	-56	93	92	16	33	18	-85	21	-56	23	-55	-6	-13	-59	-63	-56	-31	-57	98	-88	42	24	26	79	50	22	-76	53	62	-100	40	24	75	-67	82	-19	66	-44	-13	42	-96	36	62	-29	92	-51	43	45	18	-1	7	-61	99	27	-95	-77	72
34	99	17	23	-85	32	-64	60	-97	-66	-22	-24	-24	30	-29	88	-99	-69	40	28	75	-98	-33	-24	44	18	-33	-60	-59	4	-56	-47	-6	-45	56	-72	-7	-87	66	34	84	36	63	56	-16	15	-79	-98	-71	-45	71	94	19	53	6	-47	91	-19	-98	20	26	-100	90	-59	-26	-49	70	-12	-31	51	82	5	86	-36	-77	74	-44	-15	-96	-64	8	90	-20	48	72	41	-73	30	-57	39	-90	57	28	86	78	3	-52	13	-3	49
