-62	87	-99	94	51	-60	-87	-14	-35	-36	-54	29	31	90	-47	-24	-88	1	-68	-50	-55	65	-1	32	30	-99	79	95	-6	-37	53	57	56	21	13	-51	-65	-13	-26	31	-73	-15	-13	20	-100	-83	45	-19	34	-66	43	21	39	-27	90	80	81	-84	-94	21	42	15	26	28	40	-23	-46	-91	61	47	62	-25	-88	40	-24	-32	2	-70	63	35	-52	6	93	-24	44	-29	-40	-17	94	-47	-14	-70	73	-60	31	-36	34	-26	10	63
-2	-34	-95	93	-19	60	-19	-23	73	-88	82	-57	82	-55	-15	1	-76	-11	80	-12	-57	-47	-62	-88	-51	-24	-39	-83	34	94	-31	-37	-67	-84	-91	91	17	-91	19	-97	20	25	34	99	-42	-79	30	-23	54	41	54	-31	-56	54	92	-25	-75	60	21	-3	12	-38	-12	-35	-25	-14	85	-85	-89	57	-60	-45	-90	-5	-82	14	-80	62	42	-85	-14	-6	-73	-48	-70	-34	-45	-83	-62	-36	-69	-15	-93	-80	-11	-58	64	-62	87	76
-58	65	-80	-91	8	36	-33	75	4	5	-89	-1	-17	-33	-2	53	98	-8	44	53	-82	-18	-32	-22	-83	-20	-89	37	7	-98	-95	-14	-98	-45	80	38	-8	14	-57	-20	-66	46	32	76	-95	-84	-30	90	-92	66	24	-15	71	18	-42	31	-93	-23	40	82	-48	25	-73	75	-90	-94	-80	-37	-3	58	-44	-12	-73	-33	-33	-23	81	6	-86	18	-69	68	-73	-96	59	-13	70	41	-49	-87	-87	60	23	-33	-68	81	-47	27	-44	-69
-53	-72	-10	80	97	-10	-75	46	-42	44	52	42	92	98	98	35	11	58	54	95	71	37	85	80	-69	73	-11	-61	35	-43	-17	1	90	25	-7	78	85	-85	-33	19	-94	-44	31	-30	27	-72	-12	30	-96	20	-87	-23	-56	78	85	83	-51	-72	33	-67	-68	-55	46	-26	16	8	-67	19	3	60	32	-17	-66	10	74	76	-32	72	44	3	30	78	-75	65	-33	-45	40	-93	-46	-49	81	82	-39	-49	-37	-29	-98	-65	-63	69
-62	-66	-60	-13	21	73	-21	45	-67	13	-52	27	-87	19	-84	-61	-71	-69	81	-17	-37	-42	-52	20	15	7	-28	-35	-80	10	82	51	78	94	41	-49	29	-5	-38	-27	-9	-43	-3	-54	-28	30	56	-74	33	9	-45	68	64	-43	-36	-2	88	-77	-3	-25	-31	-92	53	51	-63	7	96	100	4	30	70	-35	0	-2	29	90	-27	-7	-61	73	-23	-13	19	-87	67	-88	-20	-36	94	1	-2	-92	-43	-99	6	29	67	84	5	29
44	66	55	58	-47	92	12	33	14	-29	43	-45	-56	-42	7	25	8	-17	44	64	60	-11	73	-25	55	1	-85	-74	20	37	92	-78	52	-93	56	74	25	-9	-98	59	18	57	-44	-37	-52	-13	35	-39	31	47	12	-59	63	-37	6	-80	7	-67	-97	-14	-2	4	-6	-84	61	67	0	-49	-28	24	25	4	-32	73	-97	81	-18	-75	18	-56	91	6	-59	27	23	-86	2	-72	50	64	31	40	28	47	-62	-42	-48	-16	-53	88
-42	-13	-17	-75	17	-71	86	18	38	-79	60	-12	-73	32	-54	52	46	-83	26	4	-42	-37	-52	94	6	-52	86	49	23	76	45	95	-1	11	1	-74	-41	90	-8	15	-41	-84	97	17	-53	26	88	-54	79	3	-45	-10	-47	-65	29	0	-48	-74	43	11	-16	26	-59	86	21	-7	58	91	42	-20	-87	-86	-10	87	-83	39	-86	73	-4	-79	33	88	47	78	-19	6	-73	-20	86	89	-79	-33	100	94	-69	-73	76	6	-92	-16
67	-91	67	90	55	-76	55	91	-86	-31	67	-98	73	38	64	-1	-92	-86	71	31	94	-54	-13	22	-22	-33	9	75	4	97	40	-32	-75	69	90	78	-16	-46	4	-99	-87	15	33	73	80	-19	59	47	19	49	-42	82	-100	-7	-44	63	16	5	-60	8	68	51	19	38	-54	-67	-51	-59	4	-47	86	-56	-14	-43	28	58	-59	-19	64	-43	-64	-77	-72	-4	8	3	83	-23	21	29	-27	28	-62	-5	1	-92	-46	-52	-21	15
24	84	12	-8	41	-97	-83	88	16	44	90	96	-89	-31	-89	38	-61	66	-91	-62	-89	-57	78	26	0	16	-64	-68	73	22	-72	92	-10	-67	64	-11	-14	-50	-3	3	23	46	-40	81	49	55	88	-82	-33	11	16	47	28	61	46	-99	-57	39	-70	-64	80	90	27	43	58	17	47	97	-7	56	-49	-26	58	15	-53	68	64	-65	31	5	-8	24	23	-34	54	34	-100	-89	-7	-64	-1	20	90	4	2	74	61	-90	98	93
78	66	-49	86	12	-93	5	13	-23	-49	19	-19	86	83	-20	-60	-20	-88	51	-78	-39	-2	-99	-97	-88	3	-89	67	-98	27	55	83	-3	-38	-88	48	-96	-48	-59	-68	-8	-40	-73	-24	-18	32	-77	-64	14	77	-16	-27	34	-33	76	-3	-10	-58	-60	89	90	55	-80	47	-7	0	35	32	99	57	15	27	-41	78	77	-30	10	85	-41	98	76	14	-57	75	83	34	-80	73	-27	-9	43	66	25	73	32	69	-32	-29	-8	-91
79	-70	-66	9	-8	78	2	-19	64	77	-6	-16	54	67	-25	-59	-47	99	-75	96	-80	-54	27	-95	36	-4	53	19	45	22	44	-14	13	-40	-90	86	67	-26	34	81	-64	-62	-44	-15	-12	-3	-67	-84	26	2	-7	61	4	-52	50	-76	-71	-70	86	32	75	16	-1	-47	5	78	-65	-22	-10	39	-38	-93	-64	45	-5	23	97	-77	-94	-41	24	22	-50	34	-48	21	96	1	24	84	56	87	-90	-18	-61	86	-78	74	43	-83
97	-41	-85	3	-31	-94	-6	-40	6	-73	84	33	75	-20	46	77	-35	-82	-24	86	-40	-49	39	-13	-92	-71	-82	38	20	-40	-90	-18	-12	-37	-66	1	-82	32	-81	63	-12	65	-16	-52	-80	93	-81	-76	37	-98	-22	48	-50	-87	56	-29	-73	83	-80	79	-67	17	-15	44	42	-2	-54	77	-2	67	-7	32	-72	27	-86	86	32	19	-96	28	-14	23	71	80	-10	1	-27	-92	57	-96	-13	-40	-53	61	64	-92	-5	3	37	22
-2	-63	-72	-16	98	48	98	-8	-60	-42	38	-78	-26	-9	-68	-94	-41	74	-24	-4	-19	-90	-68	39	39	-21	-66	-78	24	-88	-60	52	75	-71	52	73	8	92	98	-29	76	-14	82	-19	-74	-79	57	-56	71	89	17	43	96	-55	34	-47	-10	-7	63	45	-97	93	26	26	-43	40	15	-66	-46	88	-74	97	-95	-42	3	54	-82	-91	-71	29	40	-36	71	-87	50	-6	-57	-56	-55	-6	100	-39	-68	-1	98	-14	73	85	-89	37
63	-44	-86	-19	25	-4	-40	98	-65	-29	17	-63	14	63	-89	-94	45	99	-91	69	32	5	47	-51	60	-44	72	-57	18	82	77	-55	7	-90	-41	-61	82	11	81	56	45	33	-78	0	-99	64	-89	-14	-9	26	-54	51	-75	22	29	-71	40	9	-4	83	96	-86	13	-30	-65	-33	17	-45	4	33	85	76	-7	-10	49	50	44	93	-55	-40	-11	100	-7	-20	58	7	46	9	-20	-97	81	100	-31	57	15	87	3	-6	5	82
77	92	-45	57	79	41	13	62	70	-87	22	57	-28	-6	-82	64	8	-54	-3	-29	-6	-26	49	68	-55	-41	-39	-45	79	68	12	-44	-15	28	-93	22	-56	-26	-33	-4	-60	39	75	20	12	-78	85	-12	-81	59	-56	-83	-44	-24	81	78	-17	45	-34	-8	99	46	-18	-67	99	-30	52	48	-84	-58	38	81	71	57	-100	-88	9	80	-28	-74	2	-6	-44	-7	88	69	32	-22	95	-47	-92	-40	42	-72	-15	14	-54	-13	-93	-45
-63	-80	87	54	-63	-90	-77	39	-48	-60	53	91	69	-35	93	77	86	-40	-33	-21	31	-78	12	82	-61	-8	26	79	72	59	-48	-21	-68	16	63	16	-50	-87	-31	-62	-31	-80	-4	-74	-58	60	-20	78	67	-15	-76	46	-91	-98	-61	-85	15	-69	-32	43	77	15	-47	85	-44	-82	-19	-58	96	21	13	-34	-89	61	66	1	-95	59	-48	-84	-95	41	79	-31	77	70	-26	80	-25	19	53	67	-14	-18	-43	29	-82	37	-78	74
79	-56	75	39	-11	51	62	-93	-81	-36	-10	-5	47	-74	73	4	-37	91	-63	28	-64	97	-8	98	-1	63	-63	-95	-41	80	-77	83	-39	86	-96	97	29	-54	-8	51	74	-4	-31	-10	58	91	65	22	-12	-100	-74	-65	-59	33	67	-9	-52	86	-89	-52	-78	-55	-69	-22	93	-33	79	69	28	55	-27	-23	99	-63	-86	100	-13	68	54	-41	-65	-15	91	24	-51	-36	58	1	54	-49	-96	-32	78	1	-10	77	35	94	-37	20
86	-52	-34	2	-25	61	68	-56	76	79	-98	-61	-18	-25	18	-100	81	-33	92	-87	-23	39	33	34	-84	69	41	-79	73	-82	34	44	26	77	-74	21	99	-30	0	-94	-2	-88	38	29	39	-97	-35	45	-90	25	-16	-90	-94	78	25	39	-41	97	61	54	61	-90	87	-75	84	17	-84	73	-4	-27	95	23	56	-41	0	10	26	22	11	-67	-37	51	-31	-100	63	26	-26	-15	17	-15	-17	1	-61	83	-26	-10	-17	-68	67	68
-26	-34	22	-42	1	-27	30	-23	-7	81	0	83	-84	-8	-84	37	18	83	7	26	45	0	5	99	100	87	-48	-31	-6	-77	-18	31	62	87	28	-44	-96	48	45	-94	-14	-88	-72	-28	35	-18	-90	32	-9	-11	-58	36	-90	-52	85	-46	19	43	49	27	-82	-72	57	-22	-92	88	-21	-16	-31	-98	-16	98	53	8	44	-28	66	19	2	25	-47	-88	-63	93	75	-35	-45	-81	-94	-8	-19	38	44	22	86	-83	-87	-34	20	-33
-33	30	-97	23	-7	20	-16	-10	-92	85	-19	-86	80	-10	56	-96	75	92	4	72	-38	-62	-95	-26	-91	54	65	52	-61	-25	-25	18	41	95	-13	-33	74	-12	40	11	-85	-33	-97	24	-45	-21	50	-40	72	82	-77	-18	-11	63	-61	96	25	41	-87	-89	-5	97	-97	-95	-84	30	-56	-98	88	-83	4	-66	-67	-54	7	-4	57	-37	-42	-82	-50	-47	-15	54	76	1	-10	39	73	-98	-75	-68	72	-66	-5	9	-17	-58	-11	-68
61	86	61	66	73	60	-53	25	-52	92	77	-33	-36	-78	31	-86	-25	-82	-55	-34	-69	-53	58	-11	-96	-57	3	-58	-30	26	31	-13	-73	97	-95	59	20	97	-3	-59	-88	-79	80	35	-6	16	62	91	68	67	-43	-95	-14	-23	70	-8	96	-44	-70	90	69	29	-30	84	-90	66	74	7	-64	64	20	6	75	-95	-41	-84	84	38	52	23	97	6	-6	70	-55	34	-49	87	-50	18	51	84	-36	-37	30	-28	65	78	55	17
54	-8	-100	13	-73	13	-17	-48	-44	-12	-85	-81	-19	33	86	-66	73	-50	10	80	-44	-26	-25	-53	-2	92	-31	39	-81	-66	-3	-13	-50	-49	-100	76	-91	-15	16	35	79	-36	95	-1	-99	97	33	-1	-9	38	-2	77	71	10	46	97	-82	88	-51	-100	22	-100	29	81	-78	-7	-35	-83	-81	46	97	27	73	94	-37	27	-19	44	59	-85	0	-75	-9	-19	79	-15	57	-97	3	-46	25	58	38	56	43	-81	-58	41	69	33
58	-46	83	81	47	99	17	-23	-67	20	-74	-97	-93	26	-20	72	51	98	-27	51	26	-8	-11	-30	-67	-64	42	88	81	68	100	71	-61	91	-73	39	-32	-17	69	27	-29	-79	-6	58	-53	34	63	-30	-45	83	-21	-62	-8	50	-28	87	0	-97	92	-17	-70	-27	38	13	-32	83	47	2	2	-12	22	-44	5	-25	-23	21	76	-37	4	-63	87	-84	70	56	64	21	-24	26	-43	-72	44	36	-79	37	-83	53	85	-49	-72	99
56	-21	89	57	44	94	-71	58	-44	56	-70	53	-67	-67	46	21	-32	-41	90	-15	72	48	13	34	-7	-68	-46	81	17	77	-17	80	-86	24	-39	-50	55	97	43	36	83	-75	0	-20	11	-28	88	-80	70	80	-7	-39	22	89	12	59	-52	67	-37	-75	-7	4	24	-69	-86	23	86	97	2	23	-1	19	78	79	40	25	-36	67	-36	-89	40	-18	-67	-12	-9	-85	-83	45	-21	-32	18	-6	-46	87	99	89	68	-82	-90	-44
78	-9	55	70	80	-82	64	-91	54	32	19	42	-30	20	43	68	75	24	62	-100	-7	-29	63	58	4	-9	-75	-17	7	-5	-2	-80	62	-48	66	-79	-86	-31	-11	-8	67	28	0	98	-90	-73	60	-89	-54	17	18	34	-82	53	75	-49	-45	15	99	44	-71	8	-76	76	11	80	-31	-88	51	55	-90	74	-40	61	-68	-79	-52	87	-39	-55	98	-7	29	-78	-46	76	-50	-36	27	27	13	-20	-31	-51	50	-67	-52	84	66	-90
19	-37	-82	-31	37	-59	18	-35	-99	19	79	61	39	-13	16	70	-2	-89	100	-40	50	20	97	6	-15	17	19	75	12	-64	-99	31	-34	70	-57	8	-16	-65	-37	31	-95	-40	81	33	98	-73	-60	14	27	-88	37	-14	20	-67	94	92	-69	34	39	67	4	-87	-58	-15	-56	-10	23	-95	25	68	18	-88	-6	100	71	-65	4	-25	-36	41	18	6	-41	5	33	-49	13	-37	99	56	-3	71	-16	-33	-59	-7	43	-60	-8	-16
7	73	-6	-78	22	-10	67	87	10	-54	-9	-19	-1	-18	0	-40	40	-52	-79	51	65	74	-98	41	44	10	70	-7	38	-71	-14	-37	17	-55	89	78	7	69	23	-87	-26	45	38	46	1	-54	-94	-35	13	78	-53	-27	29	-87	-46	27	-28	-90	11	-36	4	-19	-52	-93	14	2	-96	-10	-96	0	-91	-50	13	6	-88	-95	-56	35	57	-59	-50	-65	-44	100	23	56	-49	-86	55	-33	-26	98	-97	-10	-71	60	65	38	-83	57
-80	-71	35	71	-66	78	-78	87	-4	-44	11	-6	-50	-57	5	44	7	93	-87	-74	-87	-67	68	32	88	-77	69	-60	-78	83	44	40	44	-7	-58	-23	-35	-25	55	-71	25	-99	49	-34	4	-92	-49	-61	95	61	-32	-61	-49	34	-66	37	-100	-16	-86	-13	43	73	96	-89	-80	29	-53	22	-47	-4	90	-86	-66	82	71	25	-65	-10	22	38	-32	-14	-64	-49	-89	-67	-42	92	15	74	93	70	-22	38	23	-96	-89	-65	86	-53
-56	27	10	2	4	-18	-21	-71	-5	-43	-75	-2	-42	-14	93	37	81	1	-67	-54	-27	32	86	-100	15	6	34	-41	96	15	-63	-77	-59	16	34	-56	46	-54	85	23	73	16	28	-100	58	50	-85	41	-16	-27	-92	-100	-31	-69	92	81	38	49	97	-100	-99	-14	-55	-15	-61	-90	-60	-58	-44	40	2	16	4	-40	-37	24	36	-40	-82	81	95	17	-95	8	49	56	-70	46	2	86	40	-47	2	-97	26	-18	-18	6	76	34
2	-83	-69	-66	-25	15	-65	-6	-11	-16	-96	-89	-56	-13	55	-88	76	82	-37	-75	65	20	69	-21	-26	72	-75	41	-88	-52	-45	-77	48	13	0	-62	12	28	-21	25	-11	76	52	-78	-29	99	4	-49	-76	-28	23	97	-66	42	-34	-10	-84	-37	-94	34	59	-68	73	23	-91	86	4	-24	5	-85	28	90	-88	-85	-18	-12	-72	92	76	100	68	-45	97	-99	64	-13	-89	98	-68	67	-58	96	-94	67	-97	30	56	7	-56	80
29	99	23	69	-100	-53	15	92	-15	-56	32	99	89	36	20	-77	71	-42	69	-50	42	38	-20	-58	-2	46	29	-39	53	55	5	-63	11	21	-33	40	74	63	57	36	43	73	-48	41	33	75	-9	-47	-44	-94	-85	80	-28	-16	91	44	-64	-54	28	-58	46	60	30	-74	92	-82	75	37	58	-33	-14	46	54	-2	-69	73	-32	2	-14	-66	88	81	-81	79	51	-75	-87	-23	-90	-97	-16	-42	90	11	-68	-32	-5	-6	58	54
47	38	7	48	-26	69	-56	-21	17	-21	74	-33	54	1	-75	98	22	-45	63	-35	8	-19	-91	89	73	-25	-62	-13	44	65	-80	65	-47	-57	67	34	-30	-97	61	93	76	-10	27	-66	29	-7	-89	52	69	-100	-100	84	-77	-31	-54	-65	-5	-24	85	-69	94	70	-94	4	-82	12	43	7	6	-93	-23	-87	-11	-7	79	57	67	6	-100	-33	27	44	55	-44	-8	-68	-72	95	28	23	90	3	62	25	26	-81	-65	84	37	-21
-33	35	67	45	100	-80	56	-88	25	12	-38	-71	-63	64	30	41	-17	50	73	-78	-100	54	16	-50	-83	-86	-67	40	-55	24	79	-66	88	33	7	4	-45	5	31	-5	-72	26	-12	48	-55	74	76	-79	47	22	50	74	45	-46	-81	88	39	-98	-59	-2	-68	-10	29	-43	-19	41	13	-67	-45	-27	52	-44	-56	-39	93	59	11	35	61	-33	22	-86	0	79	-78	-47	97	75	48	36	54	-95	-64	82	60	-24	-48	94	-80	36
-35	59	-10	-91	-31	-42	3	-26	22	-47	-53	-34	55	19	62	13	15	-10	31	-10	-44	82	29	81	-48	1	35	-8	26	12	88	33	22	67	67	27	54	-92	67	-57	-39	52	-17	2	-51	-38	-60	22	-83	-63	-80	-53	68	-7	87	-46	40	-50	66	26	75	21	-73	92	-55	-23	-16	83	80	-64	-100	-22	18	15	22	-47	-81	-60	-38	-10	65	30	5	-66	-32	56	8	68	-67	-60	-31	34	-87	-70	68	94	97	-41	-71	-20
-87	-7	39	-73	-99	93	21	93	76	34	-2	-58	24	-25	72	9	90	62	50	-75	-82	2	-30	41	37	22	23	97	-31	-35	69	74	8	-65	-60	-20	-45	84	-54	-97	99	57	-65	79	32	-81	43	36	43	84	-40	-2	-10	-36	-63	88	-95	-1	5	16	-7	-82	-82	-93	-45	-99	-53	-43	-80	25	-61	-94	-60	10	5	14	-71	8	-68	22	45	35	-55	62	89	55	48	68	33	-53	-38	26	-1	36	64	-77	-34	-99	88	-87
-41	43	24	48	12	48	25	-39	15	-100	-4	24	-57	-98	51	60	15	-44	4	15	-31	43	28	75	-2	8	81	23	-49	-2	-93	66	98	-70	-63	16	-79	9	-71	7	8	68	70	-76	-8	-1	-52	51	-41	98	78	6	57	-9	47	33	-63	-57	-68	-26	61	87	91	22	87	-90	57	-94	81	69	-23	72	13	-23	3	-79	-77	2	81	-48	49	18	-99	7	-6	-5	49	52	-68	56	68	19	79	-17	73	-84	-98	-16	42	84
6	75	-62	-18	-82	-22	-38	9	-84	63	97	-22	80	91	41	33	45	-47	58	-36	80	-79	-89	93	-17	34	-71	0	48	-16	75	30	36	-61	40	-91	82	-73	-33	93	100	-42	40	-7	-87	-82	-84	68	-52	-54	19	96	-92	-44	90	-46	-88	-22	-8	-21	31	71	-43	-56	45	-35	-17	94	-75	-96	-35	17	23	96	99	-23	-46	-96	90	-77	-45	-59	-98	45	-15	-8	-62	-67	35	-8	-73	-64	63	-8	-93	81	68	80	50	-92
-70	27	16	-19	15	5	58	11	84	93	53	90	-82	9	-2	-41	-27	-1	-40	-4	-6	82	-1	62	86	-54	-64	-41	-81	-88	-28	20	-18	77	-41	44	3	15	66	93	17	-1	-98	16	56	-30	-41	98	-46	84	-78	-63	-39	35	-25	51	70	-37	-85	-26	-47	-19	65	-72	-94	-52	-71	17	69	88	-7	-42	-19	72	24	60	39	100	36	98	64	1	-14	17	-69	-85	-69	-71	-72	32	-35	-61	-65	-11	-22	-10	83	93	13	-98
-96	43	13	18	-94	-88	1	-15	58	8	39	68	-83	-30	-41	-38	80	-9	-87	64	-26	-78	-73	-10	44	-20	-74	-48	79	44	42	-86	75	-70	66	61	58	0	42	25	95	86	-8	47	1	-20	-69	-63	84	-2	82	-25	38	-9	-33	39	-34	61	-37	18	26	-30	28	96	-61	92	-75	43	-85	-93	-22	-30	-1	-24	-9	-30	-94	20	-95	36	-91	16	62	-97	-29	-11	14	-89	-24	-69	-29	87	-97	83	-87	-90	-38	16	-48	73
54	-78	40	-28	-54	0	-94	-11	86	-2	86	-65	30	-34	-50	49	78	89	55	-62	-52	-45	7	6	-36	-87	60	77	-39	99	5	-22	28	-33	51	-14	17	53	-74	-28	80	-85	-86	-24	56	20	15	50	-15	-31	-95	63	-56	-63	-73	50	-55	28	-18	36	24	86	-95	-18	49	-46	59	98	-56	13	-93	-82	-38	-52	68	24	-69	-27	50	-8	-57	34	60	9	-98	53	84	2	-64	21	59	33	-40	60	84	-62	21	81	30	31
-68	26	28	24	47	39	-92	88	2	7	-89	-48	96	-3	-19	-8	-83	84	18	-23	-6	-28	5	-41	-39	37	-43	-50	67	-24	59	83	7	77	-22	-43	2	36	58	-81	-10	-69	-93	0	-49	12	-92	98	-14	-58	20	-8	85	91	63	13	-2	31	-72	-65	56	-42	-56	39	73	-44	-44	93	-97	-79	53	-89	-15	-11	1	23	93	-28	-15	57	-24	93	-66	-3	-77	78	94	41	-23	67	-88	42	-99	-26	29	-89	2	64	-45	73
66	17	21	-77	-25	-59	3	100	-25	92	-72	-71	-27	31	-24	77	12	-72	54	34	42	-76	83	88	48	2	85	-43	-38	48	-12	53	-22	15	-73	-43	-88	-26	48	-9	88	72	45	17	-38	-29	-14	96	-48	67	-22	-19	24	-61	-9	-11	-88	7	-85	34	-2	74	-90	34	-32	82	-88	-90	86	99	-93	-65	-100	45	-99	39	-66	88	-38	-27	62	-22	7	-45	1	-91	49	58	-57	-74	-29	62	76	53	-73	27	100	61	70	-69
-84	-49	1	34	7	-93	3	16	-52	55	-29	-83	-80	-44	52	-99	64	71	13	-84	-26	51	8	77	86	43	-53	-12	54	-3	80	92	36	-15	-68	-60	32	31	-89	70	-41	80	64	-63	54	-75	16	-99	38	-64	-19	91	38	28	-49	62	-20	-2	-14	31	-18	-41	32	-62	-28	54	-40	45	21	-83	36	-9	-14	72	58	76	-35	-14	20	-69	-16	-100	-56	58	65	28	41	20	20	64	-24	0	-39	73	-74	63	-41	-58	-63	71
81	99	-68	-30	38	-97	50	-36	-18	77	-58	87	79	66	90	73	9	65	-46	74	69	80	-84	-34	43	-97	85	28	86	-30	88	89	76	-63	-55	19	-87	7	94	-2	-20	-36	61	-4	100	82	9	53	-89	84	92	-14	47	-12	10	-95	1	73	100	87	45	0	-18	29	-28	-70	82	-77	-53	33	48	-22	-79	41	51	3	40	58	9	33	-13	-94	80	-53	32	96	93	17	-45	50	85	89	-37	-75	45	46	18	-57	18	-64
-65	48	-48	-82	-65	62	84	-68	39	-6	-16	19	100	16	-97	6	-17	-91	98	25	-76	-10	34	28	-83	55	85	-56	48	46	58	-22	-9	-10	98	-88	38	-2	-55	-72	72	-79	71	-51	-33	82	36	-86	-14	-65	-72	3	-77	77	7	88	-56	22	49	-86	-45	-67	-42	18	79	-81	-16	81	-24	42	-85	14	19	44	11	77	80	94	20	-3	45	94	17	-92	30	84	-98	54	27	87	-1	-27	-32	-71	7	-57	-43	-55	-73	29
-41	-9	-54	89	-47	-3	88	84	-48	-29	46	34	56	-65	53	-30	98	-59	19	42	76	-55	-53	99	-51	-98	-14	41	68	-46	-71	87	7	96	69	-39	-90	-24	-56	46	-26	9	26	59	64	-28	-53	-5	21	-65	90	-94	-63	-66	69	-80	-14	-43	18	-97	-56	90	79	-64	87	-17	-33	65	97	61	-65	-35	-99	-56	18	88	-5	91	52	88	98	-21	54	-54	-75	15	68	-48	50	70	6	-47	86	35	17	-33	-36	36	-54	-39
-2	-78	-52	33	-52	-96	84	-82	68	18	-86	-68	-68	30	-12	62	46	-62	7	-38	-6	93	-84	-13	41	14	36	95	-52	30	9	-20	77	-43	87	95	-63	85	-57	-59	23	16	-37	75	-31	81	-61	42	19	-2	20	-82	-6	89	-41	-4	-39	-6	-64	-81	74	56	-55	53	61	15	98	95	-95	81	35	100	35	49	-20	10	-64	-91	-45	-94	-29	53	-52	23	33	-5	74	49	-29	37	63	-27	-93	-58	11	100	89	62	84	-80
-75	57	-45	-76	-69	-38	-90	13	59	28	11	54	65	89	-74	-15	-6	11	76	-25	34	-4	1	-7	87	-26	1	-99	90	-66	-24	99	97	14	55	58	19	75	73	91	-74	-20	-58	43	-38	-47	-97	-87	63	-86	28	-75	-35	68	51	-95	-70	25	31	21	-33	87	29	-60	-16	-46	93	91	-40	11	-68	20	-97	-20	26	12	84	12	51	63	52	23	-12	-68	-41	66	83	35	63	-22	93	-50	-78	-100	-43	61	76	-2	-98	-6
-95	-90	97	-8	17	-55	-76	84	-68	-39	39	28	37	29	87	-90	16	-91	75	-51	98	53	-48	96	-80	-39	38	52	-39	89	-54	19	-48	71	-89	-82	-30	10	6	-33	-73	89	-69	-97	81	14	-62	-68	47	25	20	-31	61	78	59	95	23	7	4	99	33	70	-64	-42	-43	87	-94	-58	1	-26	-37	-18	24	21	24	-49	-60	86	-78	1	1	-20	7	26	30	-1	7	-50	-54	-82	11	-21	53	93	-44	31	-18	-21	-91	28
68	-80	100	70	0	-12	-32	-8	-33	-88	-37	-70	57	39	-85	87	-68	-84	39	-51	-10	-71	57	64	-39	-89	-5	55	-75	-36	-68	-81	-23	42	88	31	12	40	-47	-79	19	48	74	-29	74	-13	-29	95	-9	-26	-84	-94	-86	50	73	52	42	10	-86	85	85	-14	44	-3	-75	29	21	-92	55	87	-39	-31	-62	-73	31	-93	-98	-94	27	-70	40	96	-28	-48	-73	38	-41	-39	64	-94	-1	47	26	-23	70	98	-10	34	-81	-8
-41	-77	42	-11	31	83	49	33	-56	-48	3	3	-42	-2	-92	-45	-69	-44	-32	97	-36	-24	-44	-56	24	92	-58	-96	23	56	20	35	27	-89	25	-17	-52	-37	-64	49	36	34	87	-14	64	43	87	46	61	13	-87	6	-46	-3	-49	40	16	97	-65	-11	-89	-32	-22	64	80	63	-77	-56	2	-36	-72	99	-100	-60	43	-13	14	36	-95	-90	22	80	-84	77	-41	38	-93	-56	32	-61	5	34	-83	-15	-18	-40	-45	-29	-10	48
-68	-79	77	15	44	-78	100	47	-20	28	60	56	-76	-13	78	-20	93	12	-10	39	-34	-16	-53	19	-73	47	-37	-41	-26	28	10	-30	11	18	50	81	-1	-72	-26	-21	45	88	22	-3	13	-56	79	-3	-100	54	5	-73	-97	-31	-86	49	73	-100	75	24	-5	74	-24	56	21	-1	23	27	28	-49	40	-13	21	-88	-65	-36	-36	23	71	-74	-49	37	40	-7	-58	34	27	12	-71	84	-20	34	58	-22	-92	-26	-60	62	94	-92
43	81	-77	86	22	19	89	-59	-92	-1	-28	-37	-41	-82	53	56	93	76	15	-80	-28	25	-11	8	-7	-54	-59	86	-61	28	28	64	98	-72	29	72	-53	-88	33	58	-4	36	-69	-78	-35	94	71	-91	-34	-30	-82	59	83	89	16	42	50	-59	-83	-31	-42	-76	-66	86	-24	3	-31	-84	13	36	85	-32	-66	-23	-59	-30	32	88	1	-26	-28	-1	-10	68	-48	-96	-40	11	1	-96	63	-4	-82	41	41	-20	-89	-82	-21	56
-2	-13	-97	70	61	-21	26	-52	-14	90	45	44	61	91	78	27	-93	55	28	-54	-3	85	-83	34	42	40	-12	66	-92	83	-15	31	93	-27	-90	-49	38	45	-35	-1	66	-94	1	33	9	91	21	-5	-100	-39	34	-24	74	68	28	-75	-41	-44	84	70	-16	74	-66	-85	86	-21	-9	-65	26	100	32	20	32	-90	-97	57	88	-24	-16	37	-71	26	-56	-97	-1	24	100	67	-69	-32	53	-16	-12	92	-93	-58	91	-9	-60	-18
31	52	-50	21	98	-79	-87	30	5	66	-60	58	72	66	14	99	78	35	-22	-93	-81	-15	49	36	51	72	-62	72	15	84	31	1	-70	-30	-46	-42	-50	19	17	-78	93	68	-56	4	-73	-39	75	-100	49	21	51	-28	-13	-21	53	-35	-92	-90	17	97	-25	-64	38	98	91	100	16	-23	70	59	-60	-58	93	13	-43	-34	46	-31	51	11	20	-69	16	35	-46	-42	22	99	-11	58	-2	27	29	3	90	-71	73	-15	4	-43
94	60	58	50	45	-42	18	-100	8	-36	49	86	-76	-9	-23	-65	29	-14	-83	-77	48	-44	-76	73	29	21	48	-64	75	-78	-52	38	84	-71	33	64	-29	85	99	-47	56	-88	85	82	43	-20	21	86	-57	71	78	-92	-94	14	25	46	3	56	39	84	60	47	-30	-78	89	-22	-84	20	87	50	-12	87	19	-25	22	-49	-58	-69	64	28	-76	-94	44	14	-28	-19	88	74	66	-88	5	-6	-35	72	-32	92	32	-82	-45	25
-76	30	33	25	-15	-10	-26	-69	14	92	24	41	-3	84	-26	78	82	76	-4	5	-60	-37	-83	88	-54	-99	29	-53	60	-95	6	92	-71	91	72	-4	-32	-62	4	3	-46	50	15	-71	-61	-65	80	8	-54	-69	-68	28	65	85	-50	45	-47	-24	58	64	-11	-51	-40	100	37	-24	0	3	31	3	99	-5	-24	-32	-44	-23	-53	89	-20	-89	-12	7	-54	-36	-55	99	30	-3	100	14	-18	24	-57	29	-9	-43	-81	100	-90	-18
12	-77	-33	29	92	84	41	21	43	97	36	-24	91	-51	88	2	75	95	55	97	42	6	76	52	1	18	11	-10	-63	-75	-65	65	-49	95	-77	4	20	-73	97	-11	78	-71	-48	-37	-18	50	-28	-24	33	-98	-28	-16	43	-84	46	-87	22	50	-49	58	-10	-46	46	-82	-79	17	-55	78	-47	-77	18	-45	-18	43	-97	-93	-73	-22	-81	-97	42	67	83	22	-72	-100	54	-39	-91	-100	81	65	69	-20	50	47	32	-15	72	44
79	7	36	-7	-2	9	68	-14	-43	-38	32	-78	59	-80	100	-59	-30	9	-2	-26	-55	-39	81	36	36	-66	-44	-21	82	33	-22	81	74	95	51	72	-17	3	-10	29	11	-91	-45	-10	58	-51	-5	71	-88	58	-94	16	-11	66	65	-52	-73	66	1	20	92	36	55	-50	85	23	28	49	-95	-33	80	100	-29	94	14	-40	58	-97	-74	-31	-41	-38	68	94	16	83	-20	-46	-9	71	-85	-23	86	38	-92	53	-11	-64	27	58
72	-28	32	-71	-70	-24	-94	-1	-8	-92	-73	87	8	77	8	-70	-63	-63	90	72	62	56	-79	68	-74	-33	-17	-17	-57	47	-27	60	25	-88	75	-46	39	-87	-25	95	-56	-39	33	85	-37	-27	29	6	-96	-88	5	-55	33	-51	96	13	-53	-83	-5	11	72	-26	-52	64	79	76	73	39	-65	-94	-56	-34	-73	38	19	-46	-78	49	-76	99	67	-33	18	-98	64	86	-97	67	-75	-64	3	-83	60	-53	97	-17	-98	-80	13	-82
-25	58	58	91	98	98	51	75	-71	3	-67	-2	77	1	34	3	53	-78	30	-8	84	-91	31	6	-71	-7	22	-18	-36	-85	40	-18	73	96	-33	-83	-48	-64	100	-31	1	-27	56	-15	11	-40	-63	-19	49	-93	20	12	-16	22	-25	-16	9	87	36	65	26	96	2	-51	37	45	-92	92	-23	40	-26	53	-54	-75	-1	72	-10	-59	-1	71	-88	43	77	8	82	44	-56	-17	58	60	63	-72	-38	24	-45	-71	76	-97	31	-85
41	30	-18	-3	-85	-27	42	-48	-59	-79	-58	-54	41	24	65	-33	44	28	-7	-40	-90	37	-75	-12	83	-29	52	64	14	28	33	-24	-92	79	-27	-98	52	-99	0	50	-81	46	76	-99	-8	-33	97	-5	-39	-80	-28	13	-61	86	24	-60	98	-15	44	-19	-45	20	58	48	-62	11	-50	-21	-16	58	-10	40	-44	-91	18	8	22	-27	-2	-64	-19	-55	97	-5	5	-27	-83	-32	59	14	59	-26	96	-51	-24	-66	-14	-11	22	-13
73	20	-37	-62	-34	50	52	-85	-64	-13	-37	26	68	59	45	46	-25	5	-57	83	-86	-87	13	-31	16	-48	-37	66	-83	-26	-1	-48	76	63	-20	59	46	30	-77	55	88	-15	43	96	76	-24	-65	92	-18	54	43	-85	96	-27	-28	99	-51	6	86	14	-10	-45	64	-95	55	-44	97	19	65	-21	18	83	-40	57	91	92	-54	-96	88	50	96	47	-52	-54	89	2	39	47	51	54	-73	96	81	54	71	-56	43	83	14	60
-6	-21	29	-23	-4	-61	33	-28	-34	87	-46	-62	35	-73	75	56	-85	-75	0	-15	-2	40	48	-11	-70	51	-9	-14	75	33	-61	54	-56	0	50	-15	-96	-48	59	-24	-29	-96	-14	-89	91	-28	73	-99	-31	-67	4	12	-89	100	32	59	-54	-98	-74	41	51	-43	-24	-93	-28	56	-76	-38	78	-58	-33	-54	-47	-13	-38	20	56	-76	-10	33	74	16	-32	-88	53	3	90	-48	75	87	-48	81	-77	-50	-44	-80	3	53	78	-69
17	-21	26	-43	58	0	65	13	-98	36	40	100	45	66	55	82	90	-70	84	68	-47	20	90	-32	48	22	87	51	-37	-65	-51	-55	-32	14	54	-61	-93	-54	-77	49	-70	-98	-78	28	70	91	46	-10	30	-78	66	73	-33	74	88	-42	-74	44	35	-9	-51	-84	-24	-50	-49	92	33	-87	84	-81	-13	52	-64	-52	-71	80	-31	22	76	-88	-25	-70	2	72	-66	44	41	45	10	78	37	-65	-82	74	14	-81	-42	71	95	-45
-14	-74	-68	1	60	59	-100	-63	54	41	36	16	13	-47	18	29	71	42	67	24	-69	-54	68	35	60	-46	-37	100	65	100	24	-76	-45	-33	-42	54	-47	-45	-29	-31	82	-23	13	-45	-98	-79	-20	21	43	93	42	-75	-63	22	-5	-77	-80	62	-8	-5	-31	-24	61	52	83	19	97	-100	78	89	-4	54	-10	74	17	30	83	46	-39	-98	22	42	10	8	-24	29	85	-32	59	-92	-7	59	-46	53	11	-22	-98	-14	-64	-76
7	7	43	24	-75	-21	-47	78	-56	41	-13	-78	53	-53	-36	-63	70	-32	-94	30	-16	-26	-3	-68	2	-31	-92	-51	13	-80	4	23	72	28	-99	-95	21	-36	-28	10	32	99	-10	6	-13	-12	94	-77	-14	-100	-64	-67	6	-76	-23	76	-71	-14	-8	-94	-49	-13	-62	74	98	-79	1	79	75	15	-44	-55	1	92	31	-90	-27	67	-45	-36	-30	20	-37	-18	45	58	-10	56	-34	19	-84	-100	9	49	23	87	-86	-29	40	53
5	-25	-42	15	45	69	8	-63	-54	-54	-64	28	99	-73	60	-5	-81	74	90	68	-39	48	-98	79	96	-100	-15	92	-40	-36	-82	-45	17	7	-60	2	-42	6	51	-24	34	-4	15	60	-13	33	45	35	-16	-96	-8	52	57	75	79	-21	-29	75	87	59	33	86	-65	100	66	-19	-62	98	68	97	95	-17	8	-97	99	-61	85	98	79	95	-62	-31	81	37	31	81	72	4	-41	0	29	28	14	-86	5	27	43	-25	30	-37
-18	-59	81	34	-71	89	-5	-69	-87	59	-58	-69	-99	-22	-31	-71	14	-59	27	38	-88	-86	-12	53	-87	53	-48	77	-83	56	48	61	-62	-86	49	60	-15	-22	2	-38	-81	81	-12	16	-59	-67	3	57	-74	25	19	-85	59	-3	48	-92	-47	13	-37	-30	-77	-20	84	-31	68	-14	-51	50	-42	-52	-68	-33	70	-88	-67	12	-40	20	69	48	-36	-33	1	-87	81	40	-77	91	-3	-14	74	90	-16	-88	-25	26	-20	0	56	49
-18	-59	-53	47	65	-72	-2	-6	-80	93	-29	59	23	57	44	-18	27	-41	36	26	66	-18	31	63	22	-89	13	11	-100	-75	-29	-49	79	98	-63	-44	-8	-85	64	0	82	-47	-14	45	-15	-43	0	0	34	-65	67	-81	-61	94	-23	75	68	-65	-75	-57	50	59	73	94	68	29	-7	76	45	93	27	95	-79	55	-64	53	-22	-20	-46	-26	75	83	-7	-10	-73	55	31	-12	41	-70	6	96	13	-36	-71	28	48	43	-69	-87
35	25	39	77	-26	-71	-99	-88	85	-5	26	-58	6	96	34	-60	-70	96	33	72	18	-14	-62	-83	-17	-4	-12	-35	37	-7	56	-29	-60	-66	16	-72	-62	-49	-47	48	-33	-51	92	-60	46	-49	3	-24	26	44	91	50	-29	15	-4	-56	-8	-80	18	-45	53	37	30	92	77	-2	30	12	-1	74	32	-83	-54	20	-60	-71	-33	27	8	73	35	-31	38	-97	10	-88	27	-14	-98	-28	-29	-62	-19	38	83	93	90	1	93	-25
65	-67	-50	96	-73	-77	6	53	-45	-19	-53	-94	83	17	-16	-37	-78	68	-77	-51	-70	89	-89	12	-42	-100	-32	23	-84	86	-17	64	53	67	-22	-91	-40	94	-51	46	9	-22	60	-39	-5	-71	-99	-86	-70	58	-15	-10	44	-48	-50	36	19	80	15	-15	42	94	79	73	94	55	-59	58	58	13	-71	-3	14	91	-13	81	17	-56	-15	77	16	-95	52	26	3	58	76	-87	62	-93	87	30	65	15	70	97	29	78	-32	-11
29	71	27	16	21	-95	47	-63	15	9	86	99	28	97	-51	-21	-3	-93	-44	97	-10	28	-79	76	43	13	25	-94	55	-41	-19	23	80	68	-27	-15	-98	-46	-98	33	-76	30	-99	85	-38	-6	48	96	-28	-27	-91	15	-55	-39	-81	-97	99	-58	-39	-37	58	74	88	-59	2	-51	-8	-62	-78	-75	22	48	-12	23	-28	-99	57	17	-62	-44	-89	27	-88	68	-47	35	47	-49	-39	-62	45	78	-18	84	16	35	47	10	-24	71
92	72	-94	78	-48	-92	85	-12	31	-46	88	-77	20	-3	57	9	86	-83	78	-51	92	15	73	30	-82	-76	-89	-70	-55	7	-41	-73	48	-15	-4	0	67	-51	-93	83	-80	-77	68	51	-89	67	-1	-99	99	36	-58	64	15	30	11	-55	17	-54	-59	38	-18	-63	14	56	31	-86	-30	-81	3	-42	-45	-41	-26	-67	6	-47	38	-74	-45	39	-83	65	-20	-75	-12	-95	68	-76	-27	76	-100	40	-72	98	-50	-20	-99	-14	-65	50
-75	36	-44	-82	-9	-6	84	-24	39	-68	-30	-34	20	5	15	15	57	-98	-51	44	-87	-20	39	-32	6	-66	61	-31	84	-86	-40	33	-6	64	-69	-11	94	-30	-8	7	-18	-63	-90	65	38	-85	71	-66	65	-71	7	77	-49	-68	55	-75	-40	-13	14	-47	-91	68	32	69	-69	-81	-87	-35	73	28	-42	-30	-6	17	-64	-79	38	6	61	-51	-73	30	-96	-89	-32	-78	78	38	-53	-57	-23	90	88	-36	-91	58	9	20	13	93
-39	35	31	-64	83	-44	-34	17	-25	64	-100	7	11	-99	-67	-2	-14	33	-36	-50	-23	66	8	75	-84	-75	-80	-72	-49	48	-53	52	99	58	19	54	32	-72	83	-92	53	42	37	86	-62	1	-22	-59	95	26	-25	95	-36	-59	-53	-63	62	36	93	15	52	-19	79	24	-5	-73	27	43	100	100	-8	74	-33	-36	-52	-63	-64	-60	-42	35	15	7	7	54	54	52	18	17	42	17	-11	58	-94	-69	-56	99	15	-55	-26	89
-50	-96	66	71	0	86	23	88	82	89	22	48	-39	-2	-38	33	19	40	-66	-14	-80	-57	-8	83	83	-93	10	-17	-72	-1	-42	1	-52	-54	-45	-67	7	-60	-25	58	-69	-92	-79	-25	-49	-35	96	14	91	-62	-95	22	89	-2	-34	-10	20	-36	22	15	-8	54	7	-35	-45	100	47	7	-55	-77	-63	20	-54	69	92	80	20	26	87	-82	-39	5	96	43	86	53	-1	76	69	17	84	-23	83	-30	-31	85	52	-69	62	33
88	44	-91	28	-67	-71	30	27	11	-69	42	3	-9	17	22	-27	-71	-5	5	-31	-99	34	62	-11	77	8	34	-51	-21	-11	-12	3	34	49	71	12	79	-22	56	-14	-98	-94	22	-16	-99	-99	80	-86	80	41	86	66	7	-30	-87	57	-84	31	44	-64	76	-96	45	-83	99	-56	-100	-57	39	-94	62	76	-95	66	-67	39	-74	4	61	53	69	36	37	34	51	67	-88	84	68	-93	23	65	-12	-86	-11	-34	24	-1	-8	-52
-20	36	-17	69	-16	92	-97	-80	-34	36	30	18	-60	62	13	77	-57	-9	-100	-35	66	-53	48	31	56	-12	-13	-95	-11	75	24	34	87	11	70	-44	34	-99	15	-21	52	1	82	42	77	46	-57	-78	94	-11	92	-34	44	43	47	33	91	48	92	-93	-34	-30	87	79	14	2	-79	92	-60	-67	-26	14	31	6	-44	-58	-68	89	-8	-34	-55	8	-11	-5	87	-74	18	32	-4	28	-12	31	-72	17	53	-11	-98	-75	-48	27
67	60	60	21	-11	94	-13	15	-47	-41	-4	-86	-3	-62	-20	3	47	87	41	-87	-52	15	-15	41	-31	27	-71	75	94	49	-30	-63	-63	2	-68	-62	43	-44	69	9	93	-28	26	-78	85	40	7	5	-15	23	0	-48	-27	-86	0	-7	-93	-56	87	-23	-60	10	84	33	47	31	-97	20	-10	-91	14	78	47	-84	-66	-68	23	-100	-82	-7	-74	-98	-39	-30	-79	-88	-95	91	-61	30	-13	28	33	82	-33	15	-88	67	-4	-68
19	94	48	26	96	-88	-94	-91	81	-62	-44	-81	82	83	-50	-77	82	86	76	94	47	32	5	95	84	14	-81	-67	-9	85	30	-52	-45	-97	74	46	-6	99	-60	8	72	29	-59	79	-48	-23	-91	13	-11	4	10	27	67	50	18	83	-53	45	-77	-100	-66	-17	-85	-43	59	52	100	98	61	-29	61	-54	44	14	50	36	-28	74	65	-88	15	-31	-56	-50	-43	-100	-12	94	-89	-49	64	86	4	-32	67	-14	-47	-20	-62	-66
73	64	-58	10	-88	38	100	69	-64	-32	-6	-79	-3	24	-82	-2	30	-2	-70	-42	-10	-98	-65	33	-66	-50	73	-67	16	-68	67	-49	68	42	-1	39	-32	-64	25	-7	-21	70	77	-52	-65	-69	80	72	19	2	96	-44	-91	77	11	41	8	-4	66	-57	-94	3	22	24	70	57	-88	88	-67	79	-12	25	-96	-68	-73	31	-87	-67	84	-58	81	84	52	-56	-62	-29	-19	-85	-56	17	4	-28	49	36	45	7	40	-93	15	78
18	76	-82	79	-52	-9	-43	6	35	86	-73	-69	42	-69	13	72	-87	92	-41	41	-78	60	47	31	72	-79	64	-53	61	39	-25	18	1	-37	-70	-37	39	-91	87	20	-17	100	-7	1	-98	-50	-95	39	-79	29	-9	47	-36	57	0	32	55	-14	3	95	-54	-93	-34	-8	-42	-82	-7	22	-73	-28	10	-11	21	28	-11	-15	-71	-97	-41	21	-24	-56	-9	-32	-87	18	49	-60	63	-31	-6	-93	41	-21	-100	19	84	-3	90	-81
98	75	20	59	-72	-94	67	-49	41	-87	78	-31	-10	81	-47	-76	34	17	-5	45	32	-86	0	-6	48	-78	-97	93	28	85	-68	-74	-53	-67	84	-65	-1	-35	60	19	8	16	51	-10	-36	42	2	-75	29	-41	-60	-73	55	97	-18	28	-85	13	77	10	-50	79	81	65	-48	-24	-18	-55	-74	-49	30	98	92	-1	35	37	-41	21	-48	-99	50	38	-66	8	90	-82	-85	-79	-96	-25	-56	42	-71	49	-65	7	-49	86	-35	-94
0	65	59	-99	94	-31	34	-21	40	94	-37	30	-100	10	-94	-97	54	51	-32	-11	-57	-12	-76	91	6	-52	-91	75	-32	-73	12	-26	-70	26	-59	18	76	13	32	-41	-28	2	-74	-56	89	98	-72	-89	81	-35	5	-77	79	19	83	-29	-63	27	82	21	-47	98	-50	-61	-89	-65	60	6	64	14	25	96	-75	97	32	60	-70	26	-22	58	91	-47	-18	-88	-65	76	-45	-45	48	92	-70	-86	-34	-86	-49	-7	-66	93	-38	-77
-57	-89	56	23	-28	21	-52	-77	-43	86	50	58	38	-60	-54	39	-19	-20	73	-91	-43	-20	-15	-46	23	19	-67	-91	72	-44	92	-77	-64	17	6	-59	45	51	5	-63	90	-83	67	-54	-45	-36	-75	32	86	-17	-93	-40	-47	83	46	-14	34	-38	-34	-89	-62	-23	-77	-94	-1	-79	76	84	-38	24	-7	-2	65	23	-30	-92	-43	23	30	-17	58	-21	41	-42	-5	14	-86	-56	56	-97	98	47	78	48	-81	3	-24	-59	52	82
-10	-72	-50	49	-54	87	-54	-88	6	93	-31	58	-75	47	-71	11	40	-59	75	-51	35	-38	38	-20	12	38	33	97	4	45	-30	-55	-40	-16	75	84	46	-38	96	41	-23	0	-92	11	-36	-97	-53	-72	-39	-37	64	-70	5	-79	-42	19	32	95	12	10	27	-38	-28	65	29	88	98	-40	-89	-40	-23	-9	97	94	38	-26	-100	81	-76	-85	73	71	-67	87	-17	-29	40	61	26	-33	-50	-40	-79	55	-44	-91	-44	57	100	25
-81	63	-46	3	2	-24	77	45	21	23	56	76	-50	80	-18	33	83	-81	-47	-83	36	53	-57	-8	-84	64	4	-53	78	-37	-30	-56	-74	-56	53	10	-75	73	7	41	85	-47	73	18	99	25	52	-62	-13	52	-72	99	-91	4	-48	-41	-3	81	-42	56	6	42	91	87	3	25	98	-55	-30	-59	-23	15	43	69	-30	19	62	74	17	-9	-67	81	-9	11	77	-2	82	-76	-59	-98	68	60	-9	-12	-31	50	-58	-26	45	35
-38	-30	16	-53	-77	-43	71	29	-25	19	-84	-38	-21	-84	80	-29	-97	-70	-38	-81	78	55	-22	-22	-81	78	-30	97	-90	75	-51	-73	21	-81	-5	5	-79	52	56	46	-27	-57	18	1	40	36	39	74	73	-38	-10	-63	-41	-27	-60	-37	16	66	57	-4	-74	1	-54	-93	17	81	47	-95	34	-77	85	59	52	-58	-31	-34	-30	15	18	34	-50	76	-99	-74	93	-60	60	-90	8	-53	31	-61	-51	73	-77	-37	-87	-64	77	25
-67	2	-20	95	6	-80	-91	-32	43	8	-64	-88	-50	-84	12	1	-93	-5	50	59	-61	48	41	-96	73	-99	2	92	-56	40	-31	65	-88	-76	-99	-24	75	80	97	87	35	-76	35	-40	-3	-34	-3	-94	73	44	-3	-51	41	-59	-23	18	31	-24	-62	-68	80	69	56	-60	34	20	-97	-57	93	36	-22	13	-44	-26	12	-86	-90	59	-87	-62	73	6	-100	-57	-87	-56	3	39	-10	60	-6	-44	79	9	4	61	-31	-4	-26	-94
1	35	3	40	-54	-52	36	18	72	-38	-69	-4	48	2	-25	-86	-69	-36	-81	30	28	-49	76	95	-31	2	-67	41	-1	-76	40	89	-96	-81	61	74	-49	-84	-99	39	-23	-72	-54	71	75	-16	-53	-29	66	-51	9	31	-2	-24	-16	35	52	-97	-9	-11	22	94	-47	-54	4	-51	46	37	-10	18	-23	26	36	95	-99	-88	-38	37	-6	-31	58	-79	-40	35	89	-47	-22	-20	-42	-11	66	53	75	67	-93	45	66	-73	-23	-70
-1	19	72	-77	22	-15	23	-92	80	41	0	88	58	-37	-20	-77	-63	-65	-53	-24	100	70	-86	47	-68	-84	-24	-56	58	-92	67	-92	-39	-93	59	43	-98	-69	22	19	95	-95	75	-70	-67	-54	-19	-35	87	54	-64	8	38	75	21	0	-65	-77	77	91	-52	-84	-83	7	40	-46	80	-72	86	-3	75	13	40	-14	-34	-87	-41	97	77	54	1	60	19	-80	-23	14	66	47	46	20	53	89	53	92	43	-89	-55	2	-67	57
2	98	-38	-85	17	46	-69	13	-43	36	94	-50	70	58	79	84	-65	21	26	91	-16	-35	16	46	76	48	-64	91	14	1	-55	-37	-3	21	33	95	-98	-93	-6	-55	-38	-5	64	-57	16	-31	40	29	-13	-21	9	-57	-27	10	-46	19	-97	-54	-67	-1	-58	13	-19	3	-9	-100	-30	-8	43	98	44	76	-50	-73	40	83	-35	43	49	-55	-13	32	73	-19	74	-8	91	-87	-50	6	-36	-82	65	-43	-99	65	45	0	99	48
-63	75	62	71	94	88	-38	-9	-86	-89	-23	84	-27	2	-57	30	-87	86	27	18	-19	32	-69	66	-42	77	-83	88	-98	89	58	10	91	-68	59	-62	83	-35	-5	-70	98	20	65	18	-23	-7	-23	59	-46	-27	-34	-66	-97	82	-26	23	30	80	-29	82	39	11	29	40	-33	27	78	36	-44	97	-3	-85	-80	-90	70	-17	37	-85	-47	-5	44	-24	-34	-83	-21	71	-41	-8	-53	-51	75	82	4	57	87	-28	80	-86	-95	99
-75	-58	22	-86	53	-50	-86	91	87	73	17	64	-66	87	-8	79	-22	54	-89	48	-10	77	69	80	-9	65	-93	-43	-64	47	45	-67	62	74	84	-86	-75	28	-100	-65	-39	91	2	-79	-12	88	-20	-34	-94	36	-59	-15	45	-57	100	67	-54	52	72	56	92	82	-13	-54	-2	100	90	32	49	-32	-22	-99	-5	77	26	26	-87	78	10	50	38	-72	-4	51	-1	-16	-74	23	-11	18	44	-91	-47	-43	64	-20	-64	-22	-68	-60
-13	0	-4	22	-65	46	-83	-47	-1	-68	35	76	82	84	74	-90	93	-82	-55	-74	-19	47	-60	91	40	82	-29	-62	-71	60	29	84	-90	69	-55	85	7	62	48	-53	8	-40	50	-49	-71	-40	-3	-16	-61	83	46	-61	32	52	38	42	-31	-73	-48	-35	-55	6	5	97	-15	-38	-56	7	33	81	69	-3	69	89	-93	57	-50	-20	-58	88	-69	64	55	-66	53	-94	33	23	49	-63	-90	-2	-44	-58	66	27	97	59	-76	2
-19	-62	5	29	-94	20	38	-60	29	-51	50	67	-11	41	-46	-43	-32	-12	-91	71	-41	34	85	-19	6	71	-89	-26	43	-27	98	-95	34	76	65	-93	-14	-28	65	18	-80	33	49	31	12	42	-57	80	80	-76	-7	30	-79	29	87	-77	89	-47	-62	-84	96	-43	95	80	94	78	12	-10	51	35	35	-1	81	51	-45	78	66	79	91	96	-44	-56	-39	39	33	-38	93	27	39	-91	42	-56	-13	-36	89	-38	3	-67	-46	46
-66	97	99	-19	97	64	52	89	1	86	-27	-14	-41	84	-34	-94	76	-35	-35	-54	-83	-21	-73	-43	83	77	-14	-93	32	-28	19	78	23	1	-48	-26	-42	12	-3	-59	-69	-87	-96	-14	-98	38	64	-64	-39	-10	-22	5	-7	46	85	-83	-45	-36	-70	-69	-48	50	29	37	-12	46	91	88	65	33	-22	-35	78	-62	-81	-11	-71	-23	-22	63	93	-11	28	-83	-18	-81	90	-45	-59	2	25	-29	-93	36	-90	27	64	-93	-28	23
-20	-70	32	-11	-17	-19	-54	-11	34	-84	71	-3	-69	-22	1	7	-94	92	-73	-1	100	-26	-15	-28	-85	-40	94	19	-2	35	-11	-19	-52	53	-38	72	-81	-73	-6	46	-61	-61	53	-10	10	-60	100	-59	-45	-40	100	-4	93	-1	44	76	-30	-62	-24	22	-22	-6	-49	39	-38	-52	38	-30	-90	69	-4	26	-86	-18	-58	-55	79	-3	-75	-23	-18	-9	-35	38	-77	58	76	-54	-63	11	24	-50	0	-25	-89	70	3	62	67	-34
79	25	-81	2	60	8	62	-81	78	73	92	-43	99	99	-75	-42	94	38	-37	25	-20	31	3	36	-72	-86	-55	-3	-30	-91	12	-43	18	-55	-66	-65	-52	81	62	-86	-67	-82	-40	-99	51	-18	98	22	88	16	-4	-36	85	-87	-20	34	-32	3	1	95	-78	-31	-10	-32	-45	-46	79	-27	64	-4	-96	-43	65	-99	-56	-35	2	49	-33	9	-53	57	-12	43	-35	100	33	2	70	-66	-9	66	27	87	-46	-96	-40	43	-50	19
