-45	75	-1	-18	27	-36	-2	-65	-20	-19	-81	55	78	-59	39	75	64	-74	-89	26	-48	31	-10	10	-19	69	95	67	68	2	56	-96	-15	27	-11	-96	66	17	-55	50	58	-54	67	-76	7	45	-58	19	-19	4	15	89	28	-14	96	4	-46	-35	77	-17	92	31	-46	27	11	69	36	-33	27	98	99	48	67	68	-57	7	2	-28	59	13	-99	77	-86	68	35	27	-75	-8	51	38	-32	66	-96	23	48	98	16	87	-58	-73
-11	25	59	26	13	-94	-5	-93	-75	-45	71	-15	-78	-76	-3	-16	-24	-55	31	33	-57	65	37	-76	76	28	-1	8	7	66	-5	12	4	43	14	15	88	-62	27	-69	-9	97	-83	-93	-68	3	-43	-19	-78	83	-18	-56	-60	28	43	-10	-15	-35	88	54	-76	-55	-21	87	-53	74	-68	20	93	70	39	-44	17	-81	-51	35	-70	75	-21	87	92	99	43	-19	-63	72	33	-28	94	-27	-14	41	-20	-86	-18	-41	-98	42	-12	56
-45	-3	11	11	-47	-84	-13	25	-87	-14	97	25	23	32	67	-10	61	-89	82	20	-70	64	-63	85	36	74	22	72	-37	78	-66	-78	57	-10	12	46	27	25	63	28	72	-76	-100	-36	-40	42	-58	-54	-57	-8	-41	69	11	-38	-40	-48	22	-23	38	-95	-52	54	-77	21	7	-3	-74	-69	75	-15	-96	-86	52	-21	56	-80	72	-48	75	-6	81	-77	96	46	71	-61	88	25	4	93	23	0	-97	51	2	17	68	-73	94	-25
-58	45	42	67	-83	56	4	0	-2	-99	42	-90	78	-68	-80	-46	11	-32	-49	45	-83	-12	17	26	-29	11	94	75	-44	-39	-69	-100	-99	-14	26	-46	27	-61	-44	6	36	-42	67	-7	-86	85	-11	-86	20	-88	-68	-75	-89	17	-20	-27	37	-62	-71	49	-99	-27	-70	-80	-85	5	-32	-77	97	5	96	-64	17	67	43	-17	44	-85	33	51	-53	27	33	-76	-72	-57	67	-68	59	-75	10	-99	-6	-64	-27	68	3	-93	-94	28
-1	-35	-5	5	63	-93	86	79	-4	-27	-81	-40	39	-50	75	55	32	5	-29	55	96	43	73	63	29	89	-45	69	-75	-67	-7	76	91	93	-46	62	4	-10	3	71	6	-47	94	22	3	-85	-30	87	-89	-55	-1	-1	49	77	8	-35	-58	17	-97	14	71	-42	79	-54	62	-83	-17	52	-34	51	52	41	-29	4	-15	96	-9	26	59	-85	42	-73	-23	-73	68	84	-63	48	81	5	-40	62	31	-19	-34	-59	-55	100	5	-73
17	14	-17	-70	26	-63	53	-53	79	-7	-94	-23	-14	98	23	-63	-14	63	45	-66	-88	56	18	29	86	82	76	-10	-75	50	78	49	18	-14	54	3	88	-99	-14	-77	-95	25	76	-58	-54	33	-31	-62	38	97	31	14	-76	60	-87	-95	-9	-66	20	19	-37	-59	83	-2	-73	-86	47	-92	-44	-50	-91	2	-56	57	-69	43	17	72	-28	-56	87	-90	50	-77	28	-96	-91	-60	78	-95	32	57	-9	52	32	-19	-8	0	-62	55
25	-80	-92	27	79	59	-1	-59	-50	1	-96	-8	100	-21	64	-70	85	-91	-3	96	-12	53	34	-60	-65	-65	45	-24	-32	-83	49	-73	50	-42	-42	-8	-84	56	-43	78	50	87	19	72	-78	19	56	72	0	29	-3	-54	24	-33	30	40	44	-97	-91	56	36	60	-68	-12	-69	61	89	9	47	98	-3	-52	44	15	51	24	-75	-27	-6	89	-9	-34	27	-64	78	52	-44	-98	35	-76	43	75	83	-45	71	-34	63	2	18	82
-26	-11	-99	-84	-60	95	-70	-66	-17	82	-32	75	-84	79	-75	68	87	-65	33	5	46	68	56	-80	-3	-5	63	5	-76	8	-22	-34	54	-12	20	-24	47	33	-45	-67	-85	-60	-7	-54	-99	65	75	82	26	74	25	14	37	92	-14	21	13	94	6	-81	-32	81	80	58	-87	29	-7	20	-19	50	-16	63	-74	99	41	91	-71	85	5	-32	-46	10	-64	65	62	-65	-27	-71	-94	76	-16	-81	-92	21	40	17	49	-5	-20	22
-1	-93	-91	51	-46	33	12	100	100	96	-98	99	81	-74	92	93	88	73	21	38	-41	-96	51	-28	7	-13	12	-21	41	29	92	-35	-5	31	49	-6	-21	-30	-13	-64	-49	-59	4	-17	57	-23	-13	46	-76	23	-35	33	85	-84	-24	3	48	93	57	-56	-98	77	78	-58	-74	-60	54	8	3	0	-41	-32	-61	-27	40	-61	1	-46	18	13	11	5	57	19	12	0	47	26	64	-58	-64	62	40	46	-9	38	-19	-52	-80	83
96	100	41	92	47	53	1	92	-13	5	98	39	43	37	2	19	5	1	-38	10	19	70	4	-61	70	-54	74	-24	-25	-48	-77	30	-37	12	-36	11	-5	32	-31	17	-23	-55	-25	-77	-52	-49	77	-2	-13	87	-71	95	25	-100	-15	-95	-41	-93	-92	0	3	-27	73	-3	99	-100	-23	95	25	-46	93	16	91	78	-21	-11	-41	48	84	-14	50	-83	-53	-61	64	58	51	56	-71	16	-48	-20	59	-84	-70	-36	-47	-35	45	-16
44	-67	47	48	-62	-94	-27	50	5	72	100	-89	-52	-11	-44	-24	-29	-88	84	-65	-83	-65	77	-72	-1	48	-64	-32	-10	72	-5	-6	45	-75	-15	-57	84	-38	70	12	93	-20	39	23	75	-87	-74	92	-18	-85	6	61	-2	82	58	23	67	-80	-67	-7	99	-34	-76	48	68	-70	42	82	89	18	-52	-79	60	-7	67	7	62	-44	25	-48	96	-93	83	-64	-33	36	-52	-20	-92	-77	99	6	-36	-79	-46	-77	0	-99	-16	-61
-85	50	98	28	-66	23	-95	-84	-21	39	37	-99	-6	83	-56	-3	-49	78	-70	-58	24	-8	31	-32	73	65	-6	73	-77	71	-73	30	-16	-79	-82	76	53	1	23	8	35	-87	-84	-61	19	-26	-11	-15	-69	94	-56	-37	-9	93	99	61	24	-89	-96	-81	13	-66	84	34	28	32	79	-37	-50	-80	-84	-95	45	59	-62	83	-6	-28	80	-71	14	-83	46	-48	67	85	48	45	-80	48	-44	71	-62	-68	-33	47	-48	-40	42	91
-100	-96	56	43	46	-91	94	24	27	78	-87	-49	17	-47	-79	77	-4	20	-32	64	82	-77	-100	47	20	33	74	78	-33	11	-8	18	-46	-97	3	-81	-75	-95	31	58	-47	29	39	40	-32	88	17	-87	-65	-39	-22	-35	-92	36	-60	-4	48	-56	54	96	-50	84	47	-74	-7	97	-18	73	-5	-70	-1	51	76	45	17	-6	52	-88	4	76	-90	52	-15	17	24	32	-48	59	68	67	49	-32	37	-42	-5	-54	32	-63	-69	99
40	85	18	-28	-28	-18	83	50	93	-89	-83	88	19	46	-84	-98	-24	44	38	81	6	99	-92	-83	-78	76	35	-87	50	-82	-79	57	-88	7	86	77	56	95	-72	44	81	59	-37	62	-22	-30	82	24	69	31	-56	-46	-47	66	-44	-95	-99	-44	-21	7	48	69	-24	-20	87	30	-75	9	71	5	14	-2	30	41	-82	-47	-92	94	58	-41	47	27	67	15	64	-85	70	-61	5	17	88	-74	3	-58	-33	13	-87	-76	-43	-75
70	21	59	-24	-86	-74	3	78	-32	83	45	-65	-2	94	86	-20	53	-72	-12	7	-33	-34	-2	27	31	89	-29	29	-47	61	-29	-61	85	-49	90	-44	12	-81	-4	42	38	100	64	-38	82	-44	53	-63	35	-59	37	-46	19	83	-93	-71	-21	78	11	74	-49	55	24	100	-13	43	-69	62	-5	61	-89	-51	-34	-99	43	91	52	17	21	16	85	-93	12	-66	-42	-60	84	-25	69	94	23	43	11	59	5	14	-85	61	-43	-71
58	-96	-57	51	1	-28	64	-70	-49	-38	-9	70	82	-65	-86	73	-55	33	-43	-64	-63	86	3	-58	14	80	32	-88	-1	9	95	80	-1	76	70	99	93	49	53	93	-78	-16	-3	24	-90	-15	72	53	-86	-84	-79	-54	72	-34	71	7	-79	-58	90	38	-85	-3	9	-52	-57	77	60	-32	-48	75	-15	-36	-91	22	86	-23	64	-86	-38	19	29	72	21	-52	2	4	-61	-75	-20	88	-20	99	24	67	-65	23	34	-59	86	18
-70	9	60	-47	97	94	-52	52	31	-91	-23	-48	-72	96	2	-23	-11	-24	9	69	-79	-68	-55	38	-100	74	-5	-51	51	-16	33	-12	6	-57	-76	14	49	-98	-35	-78	38	-86	-17	77	18	-87	78	76	-42	-88	-49	-76	-90	-83	-57	13	-82	-1	62	23	92	6	-82	-68	-10	51	-64	-32	-3	47	-32	-24	-43	6	34	13	-13	-25	39	35	20	-74	18	37	30	86	84	-14	45	72	14	-23	35	-67	-59	-98	-42	86	-81	58
93	38	-59	-8	-27	-95	-77	-67	-69	-4	90	11	6	31	-80	58	24	26	6	-27	-27	95	-39	88	73	35	-85	-14	-19	79	8	-14	53	94	28	87	94	99	-5	94	-93	-70	30	0	-69	62	-49	95	-27	49	2	32	46	-64	23	-46	-58	29	-86	-5	76	46	36	90	3	16	-83	1	-64	-62	-82	46	49	52	-53	80	-65	50	0	-30	-38	-45	91	-58	-55	65	-11	-97	97	-95	18	-3	43	-33	-42	63	-44	-18	79	-12
-66	-71	9	90	-65	40	69	72	-32	44	67	42	2	33	31	-19	34	36	-32	-15	-51	4	-92	38	-25	-36	-63	98	-15	-38	60	-9	-44	41	93	49	-43	15	23	97	-37	-82	2	0	-82	43	-27	89	14	-55	80	100	12	-28	-46	36	-86	52	-50	64	-22	9	98	-45	-49	94	47	-5	0	30	-99	-58	89	95	-89	-53	95	6	-21	28	68	18	9	73	-41	-3	-28	-14	16	45	-88	-28	27	11	43	38	28	91	11	-99
-90	-38	17	37	-44	-29	-24	42	70	44	3	11	-49	-46	-74	-40	-14	-22	-57	-41	-37	-18	-80	53	-100	88	24	80	-12	-61	83	61	28	61	32	68	45	-12	91	-31	-40	-99	53	61	-86	20	-89	40	-80	-96	19	-49	-24	-52	33	-78	25	12	73	64	-12	83	-39	4	34	-20	18	-23	-72	42	-9	-8	78	72	53	96	8	86	-79	-74	51	-3	68	44	-91	-54	6	24	70	-24	18	73	-67	-64	85	9	86	-25	-81	19
-19	-73	-66	12	-78	-28	47	41	-13	-30	31	-40	-83	-21	-22	-55	-73	56	48	-8	-6	61	-54	5	-66	-33	-74	2	-44	-71	17	-73	87	-50	66	-8	-14	-20	-59	-95	-22	67	52	69	-30	94	-58	61	-63	-54	64	-100	-91	78	-41	28	66	46	63	-82	-79	-95	-79	66	22	89	61	19	96	-25	20	-100	72	4	-42	55	66	-20	-42	-2	83	-33	-20	-24	-16	-99	-26	46	72	4	-94	-3	7	-89	92	41	-8	-13	90	-85
63	-12	48	52	45	27	47	-1	14	37	-28	-95	-92	50	-84	-58	21	45	-30	43	-11	75	46	34	77	3	-63	-24	-27	57	-56	-5	55	-96	7	-1	93	91	-97	-40	-7	-73	81	66	-3	-48	-48	45	57	63	-44	87	28	51	60	97	37	-29	44	-37	-99	24	-80	-42	-80	75	-62	63	31	9	62	-21	36	4	-17	19	56	-56	89	-65	-12	-98	1	48	-40	-29	31	-95	-56	-34	6	15	14	-74	-51	-54	32	-41	39	-92
37	-33	-13	10	10	96	50	-24	15	19	-22	10	99	-25	-87	-35	34	-42	-11	31	41	51	96	72	40	-36	-43	96	61	-15	-91	-70	44	83	-74	74	23	1	98	86	-74	-89	90	-12	-9	-5	38	-21	-67	-100	-47	-41	-64	-8	-96	-33	69	-78	-53	-35	63	-68	77	3	4	-25	80	-1	-64	99	-73	31	-44	-48	43	-19	-71	70	-57	-69	30	-45	87	14	-96	69	-80	-58	22	88	90	10	17	44	51	-45	-38	-95	72	17
43	-80	-93	-35	-10	-30	94	67	75	49	-51	-59	-33	46	-14	-1	-21	0	-37	-79	25	-82	-49	18	14	16	59	10	-93	67	76	-35	64	62	51	87	60	29	-30	-70	-60	67	-47	-75	-70	-29	51	28	70	-50	-38	37	17	-86	48	-87	-63	8	-16	43	-7	-73	49	-65	-60	84	-82	-84	-63	-67	46	-80	81	-81	-49	51	-44	-78	4	-55	87	-54	84	-40	-62	-4	-80	51	-69	87	-91	35	-67	-56	74	17	-14	6	21	85
-35	-57	-34	77	34	-94	-70	-70	6	10	35	-82	-54	-69	-13	78	7	32	-24	-72	-98	51	0	-51	24	76	54	71	-31	-1	72	-46	-44	-96	19	59	-20	-29	-66	-67	59	-8	-37	-68	-34	53	4	47	-62	-66	71	16	-83	63	63	-54	-4	38	92	14	16	19	-27	-88	72	-99	-81	64	-52	23	-47	-4	-55	-82	-59	53	-92	72	-87	-8	-56	-77	55	13	25	84	65	-13	-82	86	-66	37	-35	-13	7	-22	8	83	-99	27
47	22	-19	89	-28	-98	-17	-25	54	79	-58	-83	42	38	-93	-70	39	-58	11	-19	8	-82	21	75	-66	-46	-52	3	-73	-76	-99	58	78	91	-30	-80	8	-13	-52	-88	-32	4	98	-55	-61	74	-29	-48	84	3	-35	-40	68	-89	91	-43	0	-18	40	39	61	-92	100	-70	-10	-6	37	52	-97	75	-54	99	27	-79	44	-10	-79	-35	69	51	91	96	9	57	-20	32	-40	1	73	-35	8	-92	-12	-74	48	47	81	91	-22	-32
-15	46	24	45	11	88	38	91	72	-53	67	13	-82	95	46	-59	20	72	63	-60	-14	-86	-79	-89	-75	57	-100	16	-56	77	-36	66	18	56	39	-22	-41	77	-13	78	86	-88	48	-89	-23	54	21	71	-28	77	0	-13	-94	29	11	-15	-98	22	85	93	6	31	-5	-62	-9	40	24	-100	73	-30	98	18	-100	-100	-43	11	-2	76	42	34	-90	-53	5	30	87	29	68	58	-88	94	-46	14	-84	18	9	-51	-37	-77	-98	20
96	-53	35	-82	89	-19	9	-59	13	35	27	-42	-74	20	5	68	74	95	59	-92	31	79	-54	-8	-81	-71	99	17	30	-27	-8	-92	-40	-48	-41	-49	56	-33	-90	5	99	-88	9	-54	-42	-96	-54	33	15	-88	-79	-58	70	-80	-45	-18	-95	9	-16	-13	79	-93	-54	-93	-24	-61	-6	-49	48	-97	99	2	-49	63	-100	-66	64	21	-50	13	67	-96	-35	-76	-6	-84	8	39	61	-62	70	84	-60	-31	31	79	-45	29	10	80
-81	-47	55	-76	-29	-47	89	10	-69	-56	-1	-45	-83	-16	-9	-55	-71	78	-48	32	-53	58	-13	71	83	92	8	-35	-91	96	-30	-28	-82	62	-13	62	16	47	-51	-98	-35	95	1	-56	-55	100	81	-66	-62	27	-4	-61	-69	17	40	80	45	-72	-38	80	-9	54	-70	29	97	12	-47	83	95	-27	62	65	-6	-80	-88	-79	-60	18	49	-45	64	57	87	55	-86	-10	-19	1	-29	26	-96	81	97	-60	-56	70	-84	45	-46	99
50	-95	75	-75	-87	-77	45	-45	-81	-29	-8	84	69	53	52	-23	55	100	-11	89	-82	-57	74	-68	-5	15	6	65	49	61	-19	-53	-81	-26	22	-88	31	-14	60	-20	6	31	-64	-91	-1	-40	14	87	-13	31	90	99	-48	-89	-37	-89	29	55	-35	-64	19	-59	1	24	-27	-43	22	-87	23	-41	98	-92	1	-61	-92	50	-24	58	-61	-38	-24	56	78	83	-41	75	64	97	-94	36	68	41	4	51	58	-83	48	76	-94	-59
-52	53	-60	3	-10	-14	-15	88	88	-68	-35	-89	-65	62	-36	43	57	-62	86	11	-31	-33	36	-27	100	70	20	-95	63	-45	74	-33	-20	-10	-73	-98	-42	-96	-91	-78	-14	44	-87	-40	2	10	-99	-97	36	-3	-45	-30	54	13	-92	-44	48	24	-77	30	-68	-47	54	-10	85	-45	30	-24	38	-17	90	-52	-42	93	65	-73	-51	-44	41	-74	-68	-55	29	53	-56	-41	-99	-56	16	-46	-55	96	95	-77	-100	-67	-5	16	-83	-71
54	88	-86	89	78	84	-7	-79	-89	83	46	-58	-13	-3	-61	36	-41	-58	70	17	58	78	82	0	-97	-43	-39	98	24	48	13	-70	-31	45	54	87	-49	-38	-91	4	21	73	-48	-74	93	87	27	17	25	4	45	69	-25	-71	95	69	83	10	-77	25	12	22	-76	46	10	-76	-52	78	-10	-52	32	17	-54	97	-58	-63	62	98	30	15	92	98	50	48	59	-47	26	54	-96	48	-94	-6	-95	-28	42	60	30	68	-62	77
16	65	-9	-65	-48	17	-50	-74	7	-23	10	-31	-61	-81	-92	-39	-11	52	38	-100	-89	24	-1	-13	55	29	-15	45	30	-50	29	-96	-57	-51	75	27	-82	0	25	97	65	1	44	-2	-54	-54	83	-82	93	-80	48	-86	-51	-42	-5	-41	98	-44	-61	74	-11	90	44	-19	-71	1	64	-39	9	-7	76	-95	-11	41	-49	-52	19	-84	-95	-17	68	96	-61	-94	-24	-4	-33	-79	-50	95	77	94	11	-20	-82	16	-62	59	-99	-57
26	34	-8	-63	73	96	-61	-99	59	-21	-53	100	-43	-38	72	88	-74	87	-28	81	56	98	23	-27	-34	-36	46	-68	-22	76	-4	11	35	-66	-56	-64	-97	57	-51	21	-96	16	74	-84	-93	-38	58	-25	-9	54	31	-50	-24	-98	100	-93	52	5	-46	-74	16	55	57	-77	-52	83	-12	-69	67	38	-53	100	-69	-7	-45	-17	-4	-93	-27	-73	80	-36	12	-90	-9	-63	1	-43	24	24	-74	73	-20	92	-78	-6	13	-42	66	-62
6	11	-36	-18	-26	-76	-52	24	72	-3	58	57	56	-93	-44	45	-6	47	-16	73	-52	93	-46	-86	-82	-67	35	-98	-62	-22	52	-96	-30	25	59	-33	33	24	-24	-100	50	-19	-96	-64	4	-69	-9	-32	14	-74	-48	97	-63	21	-69	0	77	55	26	-59	44	2	70	73	27	-61	42	-52	16	-91	97	31	-74	68	12	76	25	31	19	-39	47	-89	61	-3	-76	70	-31	-44	22	-14	35	25	48	72	-17	14	-41	64	-90	-40
60	-27	20	-41	21	-32	-83	66	-46	31	98	23	31	59	-93	61	-82	63	86	13	93	97	69	-24	-44	20	-72	-67	-23	-24	-8	-60	-85	99	6	-69	12	43	-31	-25	43	57	39	-87	9	41	-57	-77	-41	-56	-1	33	95	86	12	-21	99	-60	59	35	-92	-56	-50	49	-15	38	-59	48	-78	-52	48	21	-3	-47	-13	7	-88	-59	96	0	21	17	-89	88	-56	70	13	98	47	-8	9	-36	18	-56	-49	-67	44	-89	-5	-96
-77	7	30	32	-81	-27	65	-52	-58	44	4	-34	-38	-100	-55	-37	59	-86	91	66	4	98	-28	-94	-59	54	91	-15	-27	-47	-36	81	4	-76	-17	24	99	-16	25	7	57	-47	55	-24	8	9	-79	21	-41	-43	-93	15	-69	-60	12	73	42	-35	-94	6	-9	32	36	-5	-54	42	18	40	98	28	-98	32	49	97	48	35	46	72	19	74	-1	-57	-8	22	-91	-51	20	42	-8	-29	86	-66	27	29	14	64	-5	-50	71	-68
74	-23	29	-10	-25	88	-39	97	60	-25	-27	-55	-24	-36	11	-66	-85	-96	-39	-53	87	93	21	53	4	11	-31	29	83	35	-7	-22	74	34	-95	86	15	22	-24	-93	28	15	-44	80	-11	-19	-22	98	69	-99	72	-6	76	-57	55	-97	6	-88	3	66	3	-81	57	-18	47	19	79	-34	-73	70	-47	-43	67	-5	-39	-48	-61	-73	-13	86	-57	62	-99	70	49	-37	-41	-71	16	82	-12	-27	-68	62	-25	-24	-76	3	-6	-42
93	-13	55	-33	37	-72	-67	52	-88	74	5	-52	79	93	-37	83	31	1	88	-34	-35	32	-32	42	-15	-77	-85	22	12	-69	-55	-66	-12	-30	67	-55	87	-21	-25	11	-84	-28	9	14	-35	9	-68	39	-45	-98	-9	5	97	60	55	100	-78	-58	-31	-31	-28	-74	31	18	-74	-30	52	51	-23	99	23	-70	-34	71	35	23	73	-83	-24	-72	55	9	93	-60	67	-100	-52	7	61	40	-85	40	-64	-13	-69	-2	12	-95	69	84
60	10	-6	-3	88	-14	45	95	100	-11	-5	10	94	85	54	-70	-80	-82	-11	80	74	-30	86	-72	-44	81	-4	-82	-39	72	-73	93	45	78	78	-21	96	68	3	-65	42	86	15	-49	99	-37	92	-40	71	-85	83	-33	89	17	45	-14	-79	-42	60	-34	84	-24	80	86	-99	94	45	-94	-95	-52	31	-93	96	-28	-99	92	-89	-12	-13	27	98	-4	-37	0	76	-95	18	63	27	-47	-13	61	-71	96	-25	15	-72	-9	-72	-59
26	-74	-85	-65	51	-47	100	1	-100	-92	95	99	-75	-96	98	-45	-91	-21	-30	-33	-69	-46	72	-58	97	7	19	58	93	18	-9	25	16	-71	-60	-27	-38	44	16	31	-82	34	-13	31	76	72	91	-83	91	14	5	-32	46	-65	90	-83	-59	68	66	70	-46	-95	78	87	60	-13	86	19	-55	2	-70	-10	0	-74	96	-46	71	57	6	71	-65	44	-67	38	53	-37	32	29	7	19	-21	62	96	-75	-69	-90	-67	80	75	23
94	-22	5	77	-25	96	96	47	-23	-86	-55	-98	-94	72	-50	-99	-72	-92	88	-5	66	84	-31	50	-95	39	46	-99	67	98	33	-11	-57	35	-17	-70	32	71	-64	53	-11	18	-65	17	-65	77	-15	-22	-70	29	14	-4	-41	-67	85	8	30	-95	80	-14	-61	-8	89	0	10	90	90	19	-51	-75	-53	-70	11	69	-74	47	-27	-52	-14	-85	-15	0	11	13	-6	8	57	42	-62	-85	63	-40	-34	48	-63	43	-42	77	-58	68
1	-46	100	-91	23	40	19	-32	17	-24	36	-18	-33	-29	-53	26	-63	-32	-57	87	8	81	75	20	-38	40	67	-62	-80	-56	58	20	-75	22	-80	-65	-52	-49	-77	-100	-87	-88	-72	75	24	79	-40	-75	-86	92	-46	-26	61	-52	67	-89	3	54	-31	91	-18	87	35	21	-24	57	-97	-2	64	73	82	76	-27	73	13	-46	-17	-26	26	28	-44	-27	-86	20	-12	-29	-36	72	-52	30	-82	76	11	28	62	-19	-6	-23	-100	-99
39	-30	89	-24	57	99	-93	-77	-79	-32	-22	49	22	-45	-1	73	-62	83	-46	1	5	6	-5	23	-52	-42	-42	-92	-77	49	69	-14	13	6	-78	-44	-90	-15	20	-19	44	77	74	45	53	-98	-68	-94	39	16	53	-25	-54	39	24	85	24	-18	88	10	50	-40	60	62	-95	99	-96	-4	-36	22	-3	-61	-100	-95	-77	9	-25	-28	49	18	-2	71	91	-40	-38	44	-14	-72	-10	-75	-32	-18	-67	4	-7	18	-10	-70	-37	60
-60	48	96	50	83	71	-80	-83	78	44	43	-5	-62	-3	-76	44	-10	96	4	88	31	47	18	97	-93	68	9	25	-39	-20	-86	81	35	38	-31	-57	-27	-55	-86	-78	47	-32	93	-11	-65	-6	54	-21	-59	67	16	18	-42	52	-67	12	-1	-7	-51	-97	62	1	91	51	-10	99	19	-13	29	-17	44	-30	24	-1	-74	38	-91	77	69	-35	-46	15	43	-63	31	-32	-54	-78	83	-29	99	-16	-89	21	11	-39	-27	51	62	21
-23	-6	34	85	94	46	23	-68	-77	-94	-96	-85	-53	-26	-53	36	8	79	46	-16	66	-58	96	-83	80	-25	-71	98	91	13	-35	-80	44	-98	-66	40	-72	-63	-33	-65	27	54	80	-86	64	74	-42	10	30	-73	17	-67	50	-59	51	-97	9	43	26	33	29	23	-74	-81	-83	-10	41	34	-45	-68	1	50	-56	84	-38	1	-76	91	-29	60	98	5	50	85	63	-64	59	-46	43	-98	87	-91	28	83	-15	38	68	88	24	19
72	10	73	-81	68	-91	-15	80	34	-52	-13	-13	74	51	69	10	91	94	-56	-23	33	80	84	-53	-87	-72	-4	80	85	-90	67	-12	20	-1	-23	-2	28	47	83	66	-99	-51	52	64	-99	-24	80	-96	71	-78	87	-14	79	6	-16	97	-6	-82	9	0	17	14	62	0	-14	10	-33	6	46	-53	-13	-79	-25	-78	-11	45	-30	-44	96	-66	34	-93	-71	28	-40	-15	95	95	48	97	68	42	48	-24	-53	94	-78	-95	35	61
49	62	-59	-71	-36	-48	60	-15	-93	56	-17	-37	-3	-26	-64	66	71	-24	-100	-58	-34	-88	54	-90	70	-16	32	-69	59	-5	83	67	-50	-6	-41	-57	12	-34	12	-66	43	64	14	48	33	-90	-12	83	68	-64	-97	53	65	-31	-54	91	24	92	-64	-54	-65	82	-21	-47	70	44	-41	-93	100	-31	46	71	6	36	63	30	-4	3	36	-42	31	50	82	53	-40	92	-4	29	93	35	12	-72	13	-72	86	23	8	-56	-17	93
-10	-23	12	-59	55	14	91	-94	92	-30	-80	-26	-3	-97	-83	-41	-31	-96	-41	36	93	-48	47	-80	89	-45	59	8	-22	-4	-44	17	89	-100	-32	39	-78	-46	84	-74	-21	95	95	-30	-41	6	53	39	83	48	-71	17	-88	-37	92	6	19	97	-11	92	81	32	-23	92	-46	-49	-33	73	78	-63	-79	98	-70	42	-43	-69	71	36	19	10	42	-12	7	-81	-94	-9	-27	81	15	-95	-35	39	-1	-65	47	3	-6	5	-31	-16
-82	-61	-58	-76	-19	-28	26	-85	37	-89	73	62	45	-40	-99	-16	-30	69	-9	46	-43	-60	-23	-77	3	27	54	92	74	93	-17	55	73	21	-70	-13	-37	-91	9	-57	83	-47	73	-7	43	49	43	-85	33	64	39	-71	35	-42	-77	22	-62	-94	-44	12	-83	47	54	75	-84	85	-68	-89	21	82	-36	61	-47	-91	-6	55	35	-39	51	71	91	39	8	48	52	37	91	-98	78	-94	-94	53	-71	-32	71	35	-21	47	-25	15
-86	-20	84	-19	27	8	78	66	97	-100	53	-19	-21	-31	47	-85	59	-57	94	-99	9	58	-67	21	0	3	-8	-84	4	53	21	-64	37	36	66	44	-20	-10	95	-82	49	-21	-22	-35	40	93	42	9	13	100	29	83	1	71	-37	17	15	-25	0	-31	99	90	-4	60	9	87	-25	-71	-37	19	-52	-87	-90	47	-16	-56	60	9	59	-14	84	-99	-63	-5	42	70	-83	81	-9	-17	13	19	51	-32	75	-75	-66	20	-86	16
-50	52	-99	-15	53	-73	71	-69	-53	-15	-12	6	77	-86	52	-15	-34	3	20	58	71	-90	97	-56	-71	-33	29	-88	-74	-43	-73	-9	-41	41	31	10	89	-86	83	-8	43	-86	95	93	87	48	-74	37	-23	-35	-86	-85	85	-56	0	-12	-76	-93	6	29	-99	40	-38	-39	8	40	-57	-93	-71	6	-75	-52	-86	82	-48	-40	75	84	57	-1	33	73	10	99	56	-32	-71	-25	98	-55	73	61	-92	-98	31	83	94	82	-80	-48
56	43	-23	48	-6	78	9	94	-3	96	30	-28	-8	-71	98	54	97	96	11	20	-3	-81	92	-47	-77	-52	1	-73	64	29	2	-34	-52	39	53	-66	-44	-84	24	-86	-22	12	-82	89	-49	-32	-4	77	39	-37	-70	9	-81	49	37	-61	-89	59	-29	-89	-10	-46	7	3	50	-44	32	-96	-55	-68	-94	84	50	51	48	-37	-69	-50	50	-11	22	-31	34	81	60	-58	-11	-5	-91	83	86	-88	-58	32	85	84	82	-32	-75	-5
97	-11	-64	89	49	-65	-48	13	1	-21	4	69	75	-36	-49	90	-44	49	-69	-31	91	-42	65	30	-12	-96	-64	-69	65	5	37	14	59	-96	77	11	51	-6	86	47	-49	11	-87	-1	-72	37	-85	-61	-100	100	-62	47	-50	-85	25	-98	31	-11	88	27	19	-33	-71	-30	88	-9	92	90	7	-26	83	73	-87	-46	-59	60	99	43	30	50	97	45	39	66	-17	-93	84	9	-9	34	37	72	-33	9	-51	-88	-21	-83	-71	-35
-14	12	-61	13	98	82	67	22	60	56	73	67	33	91	12	64	7	13	-59	8	-25	-66	-99	89	48	91	48	-68	-98	-2	-76	79	-42	-77	47	-54	-31	-3	-74	60	21	79	4	-82	91	65	89	-13	67	81	-35	-30	-41	82	-3	77	-23	-69	-74	-9	-80	-70	88	-12	-31	57	3	-28	68	-77	57	-20	6	2	48	93	-8	-57	-36	-45	-7	79	-98	-41	56	80	-66	-34	95	78	26	-11	85	85	-85	-76	-18	-10	-5	-85
-79	-48	49	51	35	26	69	-58	-81	17	-73	-58	7	-95	-22	84	-81	62	-85	50	61	-64	74	80	-61	-67	75	26	24	70	-93	63	61	-54	83	77	-62	-96	17	80	-50	-65	-38	-6	12	-68	-8	70	-10	-13	70	-31	34	71	14	6	87	-81	-99	-99	-5	-6	-28	-81	56	-62	-58	89	86	48	77	-65	-5	66	-85	-77	-33	-37	-33	-10	-50	71	-41	-67	-80	-29	-11	97	62	-69	-45	-17	-81	28	73	-19	-80	-83	66	-7
53	0	0	16	33	-98	7	-12	96	59	-96	-58	-27	-62	-67	66	96	18	-34	76	-78	62	94	-54	8	76	-7	-22	-76	-77	-55	50	17	-73	26	-37	-44	-87	99	74	-10	-13	-54	44	78	-84	-37	21	42	-75	-49	60	-89	85	-26	-46	-19	-95	-31	35	67	-95	85	67	44	7	42	-38	6	100	-17	-15	-13	23	64	58	-66	-57	75	65	16	19	59	-73	-60	43	82	-70	77	93	86	-100	86	90	-17	91	79	-8	-1	14
-74	-45	-22	-68	-83	-79	-43	-68	-72	5	-59	-32	8	72	-56	-87	-54	38	-99	-10	78	-85	-95	98	-87	-59	-2	92	-58	-98	23	-6	-42	43	14	99	38	23	74	-35	86	13	-4	29	-3	72	-30	-84	-65	50	-99	46	13	-41	-89	-14	-66	-82	61	59	-33	-68	74	-18	-66	6	-50	-73	51	29	-98	-50	-18	-12	46	85	84	-100	90	-16	-20	24	-99	76	97	78	48	23	72	-87	25	-84	60	33	-40	13	-40	45	28	-85
70	39	-28	34	-80	49	-22	58	-52	-96	-91	-32	88	-58	-66	-77	29	-41	-97	-52	-82	48	-10	-2	-40	-93	-81	96	60	-64	41	13	-1	-34	60	-89	8	62	-63	-16	-30	-65	48	80	18	-45	-31	-47	-54	49	-86	49	67	5	-46	-92	-44	90	95	-5	-12	-70	54	-61	-43	-71	77	65	96	-65	1	37	33	-100	14	-24	70	64	46	30	-32	-2	-91	18	44	-56	-90	1	-54	77	-28	6	-40	-33	-57	-75	83	-38	-20	-37
92	34	73	-15	28	59	28	-72	50	62	46	19	46	69	21	-32	66	-60	38	70	-73	90	-41	-94	-74	81	0	-9	73	14	94	-11	86	-5	-67	1	71	7	71	-18	-82	-68	76	68	-87	-94	-96	-95	-60	-61	-75	-59	89	-5	-4	6	-98	-89	-25	-49	23	38	-68	92	19	26	75	10	51	-67	2	-84	77	49	-40	67	71	-80	-77	-70	-15	-68	63	-15	28	-78	-62	80	-1	70	-60	77	36	-16	-87	38	72	44	78	-43
19	11	28	-85	32	55	-7	91	65	-67	-99	50	-14	57	-12	23	-83	17	89	-75	15	-93	33	74	-70	-18	86	78	63	-79	-25	87	-88	-77	45	59	-93	27	-5	-50	-99	5	-70	85	-19	43	14	18	-38	69	-3	2	66	-23	-48	-47	43	-76	74	-32	-73	37	-40	-32	78	-68	10	-17	-8	73	-46	-53	87	65	-43	-44	55	14	14	95	86	-90	-76	59	-96	7	-1	83	31	69	88	56	-43	72	-31	-9	82	21	-1	-71
83	83	42	64	-38	85	4	47	52	-40	-98	-83	-81	96	5	63	75	-10	-69	-99	-85	56	-48	-64	35	39	46	-66	47	50	-35	-20	10	-12	86	-93	-99	31	-42	-55	86	-82	33	29	19	-79	-45	31	82	-92	-46	33	40	57	7	24	61	-1	-53	48	95	-80	55	92	-38	-42	65	-8	37	68	47	21	15	29	-58	-56	62	-56	-61	10	-8	-91	-88	-96	69	-62	65	52	-82	14	67	60	-12	-81	40	-12	4	-16	-26	28
86	-81	-98	-57	38	73	75	-4	59	89	19	-8	-65	13	-63	31	-34	65	40	-2	73	-20	64	-67	-33	59	-12	80	-67	-8	-69	-14	-56	96	-63	-99	35	-42	16	-89	-34	3	86	11	-75	74	-60	-56	19	-8	2	52	8	-31	-84	100	1	-20	27	-67	-16	81	-43	43	-53	-73	-50	-54	-41	-28	73	-54	46	54	-9	28	53	-62	-16	20	74	58	58	47	-77	24	64	-58	-9	64	-2	-97	-67	-57	-32	-52	-80	-21	-7	99
99	39	57	-71	-20	33	51	-25	-10	23	-36	-28	-76	-11	57	85	73	52	91	50	-94	-100	79	-70	47	80	-7	95	94	53	81	60	-19	59	-73	81	-21	24	81	86	-70	67	-27	42	11	46	44	-39	29	-72	-54	3	-25	-97	-4	-23	98	-40	41	-20	-39	60	-87	78	-66	96	72	-66	30	23	-51	90	58	50	-69	96	-26	-100	51	-67	-25	93	-97	-4	76	74	-80	-20	76	-1	47	72	53	-97	-37	65	96	88	23	81
-33	-55	-82	73	-88	73	77	-77	-70	85	41	31	-21	-10	-73	0	26	-66	66	-12	-12	91	-26	87	-3	15	38	-26	-43	-77	-49	1	-48	84	-64	64	6	-60	-71	74	23	97	-9	92	96	42	-46	0	-27	-63	88	91	46	62	77	35	69	-59	-72	-65	-52	90	-90	-98	35	44	-48	99	18	-95	-9	53	36	-50	-52	59	63	35	-2	-35	-20	-54	37	88	-79	-68	-77	0	73	56	44	57	15	40	46	93	-77	-36	26	-44
-53	91	-64	-95	-33	-20	17	38	-65	-74	80	-19	-57	81	-9	-42	-34	8	-1	13	66	50	71	-87	23	-60	75	-22	74	69	52	29	-97	46	13	-81	53	34	-60	15	-33	17	-60	51	80	87	-14	28	-4	4	38	81	73	-91	5	-3	49	53	-94	66	-29	-53	-49	-32	90	48	-60	-69	-25	-14	18	-78	24	0	-91	-6	90	-31	-62	75	18	-46	35	3	-26	-83	-6	-80	-52	93	-15	9	30	21	74	-64	51	-55	84	-21
-62	51	-59	-17	-64	-89	82	16	40	46	-40	10	-27	-57	-58	-93	3	-60	82	-93	14	16	97	-44	87	70	-12	88	72	-60	-12	84	40	-24	-90	-20	91	55	-76	-79	-88	-82	79	79	-17	16	-64	-37	66	-87	7	43	64	67	63	41	30	-48	87	75	-78	-44	-32	-73	47	-44	38	60	15	40	0	-37	74	67	84	-21	11	81	55	-92	-80	42	74	40	-67	-58	84	-46	32	-69	23	18	25	18	88	-90	-12	89	-72	96
89	100	-59	-15	-44	99	36	73	53	63	-82	-100	60	84	86	-26	88	-19	57	22	70	-36	-96	-13	-22	-32	27	75	-30	-72	-11	29	18	-10	-95	22	-48	-7	66	50	-66	-19	-48	-40	-81	12	-46	-31	15	4	23	29	-7	74	45	47	8	37	45	-47	63	14	37	-50	-52	26	-25	41	-69	-60	58	2	-98	-6	-87	-5	-48	-48	93	61	51	40	-85	-23	-19	-88	31	-39	-68	67	77	-49	-100	-1	16	18	-31	88	97	10
83	-95	74	11	-71	-53	66	11	-35	-86	1	91	48	-93	23	-60	-86	13	54	-56	-73	-39	-51	46	-81	78	94	-36	-57	-80	-3	-49	-42	76	-49	-57	-81	62	29	-4	65	60	-68	58	64	52	1	65	79	0	-89	86	-48	-72	52	-71	-9	-72	69	43	20	-79	-100	-4	43	93	82	72	-80	-1	18	31	61	43	62	19	44	-41	69	18	72	98	23	-43	-28	-93	62	-81	11	-38	-16	78	-84	-17	-77	-90	36	-20	74	-54
-87	64	-40	38	-59	-79	-15	-85	49	-33	82	-1	-40	-31	-26	77	37	-66	-8	67	-94	-15	-46	39	-69	37	33	4	74	26	-85	67	47	-71	39	-5	57	-14	97	73	98	2	-10	14	-24	27	-21	-43	99	-80	82	49	-14	-76	-18	-88	-54	-1	36	-48	53	19	33	-42	25	98	-49	-78	76	84	14	-52	-51	-8	52	62	-23	95	-73	-94	92	75	45	-25	79	53	35	-78	-22	99	-34	-8	21	-11	-83	58	38	9	82	-32
14	-74	-92	63	49	-46	96	75	-74	-10	-51	71	6	14	5	75	47	-13	-14	-44	-47	-11	-97	-67	-69	21	-57	93	-94	13	-18	99	-87	42	75	58	70	8	-94	57	-54	-47	-66	71	40	97	-36	4	-7	-11	18	-32	-98	-38	1	14	-19	19	-69	-3	86	94	-15	-84	57	-11	18	-42	67	57	-21	-26	-52	52	76	-60	-85	-80	-73	91	12	-48	41	43	-5	-4	-58	86	46	99	-24	-75	54	-56	-79	99	17	-23	76	-2
22	9	4	3	-9	-67	-40	75	-80	26	-99	73	23	85	-60	14	-79	13	-74	96	86	35	-49	67	36	82	61	88	33	-32	-96	-54	39	0	-76	-40	-62	-37	10	-40	93	-29	56	-44	11	-26	61	-23	85	57	-99	87	-62	-53	83	7	-13	64	60	97	-27	-81	-85	80	-8	70	-57	86	-37	-95	77	-71	78	-3	-61	9	-14	-75	-66	13	92	-4	0	-76	-20	51	-47	53	96	14	72	-25	81	56	-23	-83	37	-45	-11	-81
21	-14	-33	-92	-91	-69	93	29	-92	3	22	88	6	-95	-82	-39	-51	-12	-80	34	-52	-27	-72	73	-36	32	-82	66	28	-36	31	54	45	11	76	37	-18	-86	-5	-59	100	13	-81	97	-77	-43	64	75	-13	14	78	-74	75	-90	48	-14	66	-23	-39	97	42	-89	78	40	-48	-89	-17	32	84	-57	-68	12	-35	29	33	40	-93	-97	-51	-69	7	-50	-71	87	83	-16	-33	33	-50	-90	86	-14	-39	93	-24	3	59	-47	-82	-92
87	-51	31	-62	-42	86	96	42	16	-92	95	99	-44	72	12	-89	-90	25	5	50	94	-17	-5	7	57	5	4	-16	-46	49	76	99	22	-49	-34	20	68	46	-50	-79	-73	-10	-68	97	-19	55	-85	-87	-10	90	-48	-39	-42	58	-53	-32	-35	79	-66	-68	-41	85	-9	75	-83	20	39	27	64	-9	14	-62	-26	10	92	-81	-29	-62	-68	17	-57	-86	29	23	-39	-40	8	5	9	48	-65	-57	89	7	46	80	37	-98	86	-8
43	-22	76	88	60	-57	80	-63	53	14	-34	94	75	25	-86	57	64	10	-86	-15	18	-67	-50	17	-47	15	2	-11	37	-86	-6	-71	-76	-12	-71	99	17	-59	1	45	-38	-81	97	91	47	-61	-50	41	-15	39	39	-40	1	7	60	36	-59	59	-64	-52	38	-1	3	80	-72	68	-76	-33	-14	-5	-97	-37	-61	-58	37	-69	-15	57	22	82	28	78	45	-59	11	-72	77	-60	72	-67	38	-29	27	78	69	-50	-30	-26	-90	-34
29	-79	1	-55	50	-92	-20	-40	-25	64	86	-67	-67	18	35	44	-67	94	17	32	22	78	19	87	-94	10	74	71	-83	41	74	-88	-95	94	17	-38	76	27	15	5	-38	-69	-53	79	-16	-44	27	-45	-28	43	59	98	6	-19	-35	96	-71	78	-45	15	65	-52	-27	53	47	90	-93	-4	61	70	80	74	-59	-56	27	47	-98	-91	-56	-96	-97	-29	-91	61	-76	-29	23	98	-23	45	-37	-27	-30	70	78	71	-55	24	54	-54
-62	-16	78	3	-34	-91	80	85	98	61	70	-24	50	98	19	20	-36	-72	1	-31	91	-81	-4	26	-98	-44	13	-42	-55	-66	-88	-18	57	-31	-28	-19	-73	21	-10	0	-69	8	-49	71	-53	75	-37	-31	-16	64	5	35	27	25	-56	49	24	-6	-57	-51	-71	89	65	-56	31	65	-67	67	44	38	64	-96	-13	94	64	19	-78	-41	82	-74	-41	69	-83	50	-68	54	-82	-27	55	-4	14	95	-88	-90	41	-93	-92	-26	-53	-95
22	66	-18	58	-41	85	43	94	-93	-1	98	-34	22	-47	-48	-79	6	27	61	-84	45	-88	-32	-70	-96	71	5	6	92	-91	86	75	44	-32	30	68	-87	16	-80	94	1	-27	-67	-40	-44	-73	13	-67	59	-42	-94	58	-20	-44	-61	-74	57	49	-92	80	2	-36	-56	65	-20	-13	-30	31	75	12	25	45	-71	80	-86	-52	2	34	9	-68	-50	46	-35	-18	11	-57	-12	-7	-94	83	-23	54	-31	-57	17	-52	74	-80	-22	-58
20	70	9	-6	-97	-22	10	72	-88	80	18	-7	60	-47	27	-22	-65	9	51	13	95	66	78	46	-42	-55	-67	89	-8	58	35	-68	73	71	53	16	36	-31	-6	65	58	45	-68	-85	-85	-38	96	50	-16	78	25	96	-85	17	-32	80	27	92	-22	67	84	28	-17	49	12	46	63	-52	-2	-74	-34	57	76	28	34	-3	59	26	38	99	-78	97	32	-100	83	43	21	-52	-2	-97	-2	57	-7	-21	-51	41	-15	-17	-85	66
47	51	-90	-49	-67	-80	-33	-43	6	-98	-62	-91	-54	-5	-84	70	82	89	-62	-96	-35	-18	60	-14	42	52	21	94	-29	73	-84	-15	32	-37	83	63	65	-53	99	-29	-37	-7	99	18	-12	98	18	-24	6	-45	-15	-78	-8	30	-77	15	16	44	89	92	21	68	93	73	-27	57	-84	-70	-63	43	-20	12	28	37	47	11	-76	1	16	-60	-2	36	84	58	41	-24	6	79	-7	-50	-89	90	20	50	49	-20	-91	-80	-59	-18
-68	83	46	-2	95	-74	-64	-48	11	-49	-57	30	-30	41	57	86	14	55	-46	-80	29	87	-85	29	21	10	-77	90	38	-60	54	-79	-34	-26	-25	56	74	32	-38	38	-29	43	-94	63	-32	-70	24	-91	39	67	-14	6	-8	-72	-10	81	21	11	-56	63	-30	38	32	-44	-3	70	88	90	-45	-32	60	5	98	98	1	-28	-86	9	23	31	74	-40	27	-62	-100	-14	97	71	-82	87	24	71	75	60	74	14	-34	-80	-94	95
28	-74	88	67	45	71	78	53	-15	21	67	-77	37	34	47	32	23	-10	-86	-86	23	-80	75	99	31	81	-20	-47	-20	-24	-94	-71	-52	-57	-20	13	-48	-69	93	-63	-11	23	73	-6	14	19	-87	6	64	-47	35	3	-38	-29	12	-50	30	54	-70	-46	65	74	-75	-29	-84	30	-86	-21	43	-68	59	-72	-91	-98	-83	-5	5	-75	61	51	28	4	11	58	-55	-43	-2	54	65	-30	5	-2	-55	55	13	18	-62	11	11	-26
-25	42	-42	-30	-19	-27	-66	91	23	96	-53	-72	-43	-74	-51	-1	91	23	-91	-78	-25	-15	-73	92	45	-7	15	-21	-96	-37	-20	15	20	15	-25	88	-9	38	-85	22	-99	-14	-40	50	-64	21	-85	16	-45	-51	91	-89	-57	-67	-3	41	-35	-67	-71	8	6	-70	-94	8	7	-90	35	39	-55	-74	30	14	94	-35	36	-100	-66	78	3	-70	50	-24	66	34	76	72	-36	80	-48	52	22	76	-44	66	-68	-42	-95	0	62	78
56	-36	-40	16	55	-1	-2	-84	16	-96	-86	-49	5	41	-56	-49	-47	3	-17	2	12	-86	100	-52	-3	49	-4	-88	28	-19	-25	9	34	80	-80	-51	83	-76	0	-36	2	-94	21	-84	-85	-8	-39	-14	-27	-56	12	64	3	9	54	-53	-92	96	-58	91	18	-88	-94	-8	92	9	-38	-46	-97	75	73	5	-32	-7	43	4	14	2	-50	-100	-14	-45	-57	83	96	-35	-67	45	20	87	100	-93	26	89	62	20	-8	32	-65	41
28	86	60	20	19	82	84	-21	81	35	25	-2	-84	-33	-96	56	-58	16	-30	27	14	93	74	3	11	68	-50	2	37	-47	49	80	44	-28	-42	-75	14	33	13	-12	45	78	-59	-77	-39	73	-6	-16	32	-40	73	-36	64	-95	-5	-77	-21	-57	-58	33	29	-41	-66	-53	7	71	17	42	-56	61	-65	6	-55	56	-96	-23	-91	-21	77	-95	41	31	3	-36	69	33	-22	3	-96	78	-34	49	-51	-55	-72	35	84	10	45	84
19	-71	78	-90	-15	94	27	-81	-18	44	10	42	85	34	2	-26	81	-11	82	81	23	75	-44	67	-29	-68	-74	-38	-18	-94	-13	42	-44	2	-54	-70	43	-72	-51	-65	86	56	-13	86	91	-40	-96	-59	24	-29	-3	-61	91	60	37	52	17	29	-13	88	42	-39	63	-10	-78	71	-29	-82	-83	17	-67	-24	-79	-41	77	67	-38	51	-85	-70	86	-68	77	-15	52	-22	93	-49	-79	29	-3	76	20	90	28	1	48	79	72	-7
-13	59	63	66	-96	36	-83	51	-99	-83	-49	-25	0	-36	82	62	-71	94	95	52	62	-7	7	-36	-75	25	57	42	59	80	67	-67	-1	65	-18	8	99	-4	-65	0	54	-51	55	49	84	-78	-87	-100	85	-2	19	-13	35	-58	66	-12	-23	20	40	22	-76	-87	68	-46	-56	-61	49	-82	-11	-29	-4	8	96	-29	66	-62	-27	-84	-78	70	-97	7	-98	16	67	41	-56	48	46	-63	-7	-93	-7	-36	93	-10	84	5	-32	15
90	25	90	-62	81	61	9	-35	-95	13	-97	-18	69	66	14	18	-37	29	93	43	-6	-11	-71	-38	5	-43	-93	88	90	36	79	3	6	-80	-54	-100	-77	54	58	88	-29	25	82	61	22	-51	45	78	4	21	83	93	-75	-4	81	-64	71	45	-61	-54	-76	15	42	30	-48	100	91	27	33	57	-18	44	-67	-43	32	12	94	98	26	68	-42	2	62	-45	-64	44	-89	19	88	-10	-46	93	-75	43	96	-41	-80	-4	81	-9
-24	-66	-68	65	-19	51	72	83	-32	-40	-28	83	-48	-45	79	27	-36	-47	-18	40	36	-100	8	99	-83	-31	-3	-71	-84	-18	90	-99	47	66	-64	1	100	57	-14	-13	28	-46	-42	-4	46	19	31	34	41	-22	66	-6	99	-59	53	93	-87	51	-42	36	28	-27	3	-25	68	32	-90	-50	5	-75	-49	76	91	91	51	-47	-69	74	42	74	62	-5	26	-34	-36	87	-88	-5	65	-76	95	54	83	-100	-6	-56	-85	-14	-52	83
21	56	-3	2	-69	59	-1	84	91	-60	14	-41	12	-90	68	97	53	48	-81	93	80	39	20	-25	16	-44	-81	42	33	-6	12	84	26	88	-58	-11	43	-85	24	9	7	45	-21	57	-4	93	3	-69	97	8	88	85	13	-62	-7	-7	-17	40	-14	83	46	-7	61	-66	26	-100	-44	73	-5	-79	23	90	62	49	-6	-12	33	-4	-12	75	87	-53	-85	52	-48	93	93	13	10	-18	55	59	-27	82	-26	-10	18	-77	28	36
-43	-96	-99	35	-21	-80	87	43	18	-76	-22	7	-72	-43	-29	40	94	23	93	-69	89	-64	80	15	39	-80	-79	-18	22	-69	25	-73	36	90	70	58	-96	34	35	2	-19	-83	-7	24	-37	-16	-64	-94	-59	-64	62	90	-30	-28	53	-31	36	0	-58	-32	57	89	26	1	38	-70	-7	83	-48	-2	-31	-29	34	98	51	-54	-2	-82	45	-53	-53	30	-52	32	-16	27	-93	49	56	-49	59	97	-51	-2	25	-63	72	34	9	-37
82	-53	2	-32	-75	-60	-23	80	-45	73	-90	37	42	-82	18	-83	-11	-30	9	-72	82	-64	-55	-52	-11	50	61	-18	80	-67	78	-45	-17	20	81	-75	-33	-30	-7	59	-54	-93	-21	79	-72	-66	-38	59	-45	-11	-9	-100	98	-4	-15	-80	-23	18	-25	-12	-2	28	87	56	19	75	48	23	-13	58	-97	-92	-18	-62	-98	-67	-25	-75	-30	27	-78	-27	1	-1	10	77	36	-1	-62	-86	-42	12	-66	-4	91	-35	34	-25	-70	-55
11	-92	-32	93	-91	99	61	-77	88	26	-50	-69	-93	-26	40	13	-30	-10	-78	-27	-92	-89	-49	-12	-24	59	3	73	57	32	69	29	-63	59	-89	100	-69	42	-67	61	-45	9	16	73	44	72	-77	59	64	63	-16	58	-65	79	95	17	-23	71	-65	-68	33	26	-15	-75	-8	-64	12	-91	50	-56	-39	-12	-59	34	-47	-51	70	100	-68	-13	60	65	11	49	81	34	-95	1	93	20	-39	56	-36	-3	50	37	29	-75	-90	-66
-42	-64	-60	-49	43	-7	90	100	27	90	85	-65	30	-1	64	96	-51	19	93	-46	-21	-84	-37	-99	-89	-56	61	64	-12	5	42	-75	52	96	9	-12	-74	-5	-70	-53	-74	-97	-38	-23	3	59	-22	55	-53	66	51	85	-34	23	77	53	-56	19	46	-52	44	-25	-42	-1	-30	36	-89	97	-83	-39	-18	69	-18	27	-97	95	88	-52	-10	-36	9	75	-37	78	37	45	-79	95	57	60	-44	97	-14	-14	16	41	-100	-5	66	27
17	-95	71	-46	-21	58	-45	-87	20	-92	96	-89	25	-32	94	-21	-66	-68	-56	-25	3	-4	-41	45	-74	85	27	23	9	52	-79	11	55	38	-37	-10	64	-1	36	81	14	22	27	61	-70	68	-42	61	-69	-29	-35	47	-49	-37	-10	20	68	-21	70	60	-52	43	97	-15	-45	55	-67	87	76	38	34	68	-15	-40	-34	58	73	25	-99	-67	-72	62	-83	-34	27	25	-39	-70	-61	41	96	-21	62	20	-69	83	15	-56	91	98
45	19	65	49	-40	-17	-78	-81	-77	85	78	-73	12	87	-90	63	-14	-88	29	79	-40	-80	-89	-4	69	-82	77	65	-54	-70	-91	-45	100	-57	46	-100	79	55	69	92	63	9	-89	-34	25	45	-51	-16	63	92	-66	-82	-41	0	-71	-72	-74	43	-69	72	62	1	-59	-83	53	-73	-95	-32	-87	-37	18	13	82	80	100	-6	-12	-53	28	-85	56	18	-56	-46	79	95	48	-67	-32	36	-17	-89	79	17	-67	-32	-96	66	-13	-1
-45	83	-82	60	-23	28	20	-82	28	9	-47	83	54	3	-75	-89	84	7	-27	57	-62	89	-36	-24	86	89	22	7	-56	-1	-6	57	32	95	-32	44	4	-49	98	71	-57	-37	46	99	95	-100	-72	-62	45	-46	-76	100	-90	12	-44	15	57	57	-62	73	100	-65	-61	-39	-96	3	10	25	-95	61	-47	70	47	11	-96	-23	-98	90	17	-13	-64	-88	58	-17	-48	-46	-99	-67	-17	-8	-8	-23	97	83	100	-77	82	40	100	61
72	51	-3	-54	-82	86	-7	84	98	75	25	21	-25	56	-34	-62	-65	-20	64	36	-98	-19	79	68	50	-44	45	36	90	-22	-18	47	-31	-20	37	-88	96	-6	45	48	-95	56	25	-58	-62	-17	10	83	0	41	77	-58	-1	50	-10	-34	-19	31	-62	-8	-81	97	-77	-65	-64	86	-37	-91	88	-89	19	85	10	74	-63	-54	72	-82	-55	9	27	74	82	-37	-26	74	5	-12	99	4	-6	38	59	47	-72	22	-92	77	54	76
13	49	9	90	61	35	82	19	84	-95	18	40	-63	83	17	-15	65	-70	42	94	-13	69	86	-81	-11	-82	-90	-80	24	-59	-81	4	76	48	-73	-38	-30	-12	-54	0	100	62	92	93	-6	70	95	-57	81	-69	32	-40	3	83	68	16	51	-85	95	94	5	-82	-83	-6	36	-30	-66	-58	83	65	21	-87	-87	66	19	1	-76	11	-89	59	-19	-84	-11	9	91	15	77	2	-44	-55	80	24	-2	-37	31	10	87	64	95	70
-79	-95	73	3	21	-76	12	-95	-42	-60	-27	-46	-24	52	24	66	54	76	67	87	1	47	-90	-9	-22	-23	92	-48	4	-5	33	22	14	33	72	-97	33	46	-43	20	-13	-20	62	-85	9	91	-22	21	80	-78	20	-38	16	38	67	6	-13	45	-78	-39	28	-8	25	64	19	-21	31	85	-79	-13	44	40	55	88	-98	-56	-74	-43	-60	3	1	-12	-67	-80	-89	99	87	17	-37	76	-59	28	61	-52	73	93	62	0	-27	31
