-6	88	83	-20	48	-68	-34	-15	37	9	-36	71	-81	23	-82	-3	-100	51	-6	74	31	19	86	22	83	74	-68	58	47	-54	73	94	-81	18	-87	16	50	-44	-98	44	-80	63	-97	5	-19	-69	58	25	8	-43	39	31	-19	-46	5	-5	78	15	-30	-76	91	71	46	-37	-58	88	15	2	-62	-61	-44	-47	18	81	20	-31	76	-95	-20	-16	-23	85	56	-88	-67	-75	6	2	-67	-100	-98	78	80	37	-2	-84	-34	61	16	-36
23	-65	45	9	-32	5	-79	93	-38	47	-94	-58	86	-75	-95	-9	33	67	-47	-33	85	-59	29	74	80	20	91	81	4	-100	28	-46	39	82	-93	10	-24	60	97	2	-37	81	-17	-34	-5	-27	86	-84	9	-56	49	-72	-19	-37	44	59	-50	-94	4	7	-26	-5	76	-55	5	26	87	-23	95	86	-69	-83	85	-87	79	57	22	64	72	-24	-35	-41	27	22	-90	-64	-82	64	80	49	55	26	-71	15	73	-76	-96	-89	54	-53
54	56	-92	-16	84	-51	-52	28	17	78	76	-85	55	19	-49	-50	-84	-9	-81	-70	-72	28	28	80	-83	39	50	-21	94	-26	35	54	-18	71	45	70	-50	-86	14	-26	62	-58	82	-79	97	-54	-74	20	-49	15	-27	92	15	81	46	67	63	4	-26	-42	54	-81	-63	16	71	-97	-12	-98	-70	78	-98	-39	81	34	36	23	79	81	-75	86	54	-78	-20	24	-87	-11	80	-85	62	40	-2	-8	-75	24	85	9	16	-73	-68	49
95	-43	-22	86	13	-47	-89	-4	80	-41	41	83	-20	-68	-97	-94	-50	98	69	-17	74	20	-15	58	-23	-29	-33	52	9	-7	45	6	-67	-70	61	63	-11	-88	-90	26	-64	-43	-62	-28	-83	-92	95	37	-16	14	-40	27	-38	-75	-78	-91	-12	-32	9	-99	76	-51	-72	89	32	29	-67	-24	-99	-8	-22	-26	6	-86	61	-92	-51	79	-21	-39	-25	-48	-2	22	97	-87	27	13	-67	70	76	89	-66	74	98	17	-50	-87	3	-45
-47	-39	-52	-48	81	-47	85	37	33	-67	72	8	36	73	-87	-32	-81	46	34	63	9	-24	45	-93	32	-36	-77	-11	-21	-45	86	-55	-97	-4	-57	-46	35	31	-43	64	-89	100	-27	79	-23	-91	96	58	-63	89	-98	-82	70	30	-94	99	-62	-45	56	89	50	63	41	-88	-43	-99	-11	84	7	12	-40	-89	62	9	-47	-66	32	0	-51	-47	98	0	-71	-2	98	83	91	-70	-43	-100	-23	-77	-79	-5	-84	96	43	-88	-89	-80
-39	-18	87	-4	72	-31	-58	44	41	-19	27	28	-75	66	-85	84	-38	-83	-1	-23	-57	73	-20	-100	-38	-72	43	53	-94	-78	82	100	61	23	25	2	-21	19	-52	-3	-49	22	77	76	86	-87	52	-60	-1	7	-39	27	-55	-49	-73	79	-43	37	-37	71	-83	-81	-24	75	-78	9	-63	82	-78	-51	18	-49	27	74	70	96	-37	60	79	-54	-93	38	12	-94	-34	7	-96	45	-24	75	23	-58	-38	29	-88	-95	-36	1	-92	2
-41	-56	82	-37	38	35	-58	-79	34	-65	-36	72	4	39	43	-17	-47	-63	-94	40	-8	-3	98	89	-30	8	-82	36	30	-92	-18	40	38	55	45	-60	64	-29	70	5	87	81	-82	-80	-41	-100	47	58	-90	-4	54	-40	90	-79	-61	26	54	39	1	-72	-64	-19	-49	0	-48	92	-41	-8	-51	-82	54	-13	-12	79	-100	96	26	-47	62	97	-23	-75	69	-10	-33	-55	72	-72	-87	73	25	-33	-48	-78	-45	-76	95	21	-62	90
19	-100	48	-64	8	17	-18	12	45	-80	83	-26	4	32	33	-24	70	-68	-88	-81	-60	88	-64	75	-73	-8	-12	-70	-86	26	-81	43	-6	16	1	-94	-51	-28	13	61	-86	-73	35	-85	43	-26	-77	45	-72	19	1	-8	18	-9	-75	-26	-47	66	90	-31	20	100	-80	-29	-78	-22	60	-85	93	-33	-25	-74	45	15	38	-25	84	-94	26	-2	-36	97	-57	-73	-80	58	20	10	-53	3	-34	17	73	63	53	-51	17	-99	69	55
-8	21	78	-54	-14	-90	-75	29	-72	5	34	-70	69	18	-64	-37	21	-96	-73	-5	-95	83	-75	-92	-52	-46	9	14	13	-47	14	16	39	-80	-48	38	-36	-98	-71	11	66	-89	44	-33	-5	-5	74	-91	-35	85	36	45	98	91	4	-54	-58	68	-15	-44	28	52	-61	33	57	-47	-75	76	41	-52	92	-61	28	1	-87	-17	60	93	-46	78	-68	99	81	-96	32	-29	-50	-87	-81	-92	-70	-34	-83	95	10	-84	38	87	85	66
5	27	44	-48	-69	-45	62	18	84	-12	-12	9	-91	-88	2	-25	28	30	66	-64	-37	17	-43	36	3	5	26	-43	64	-8	-55	25	-13	2	-20	-82	19	81	6	-15	54	30	92	6	28	-74	-95	67	85	-54	72	38	19	49	96	98	0	86	41	-37	41	-5	-28	-82	72	-86	-32	-72	8	-98	96	-30	1	-29	-45	81	-32	18	32	-9	39	65	-42	-18	-46	46	-93	29	10	-63	35	47	19	12	-64	-25	41	10	98	-38
53	14	-14	-73	12	-82	-24	12	-60	-22	81	-89	83	-61	34	-54	-28	-96	25	11	-41	-73	46	-33	11	86	95	-42	-96	69	-4	-67	20	-72	61	25	-59	81	-87	76	-28	30	-29	-49	-56	-6	10	-56	33	-31	-30	-92	-18	97	1	80	-35	21	42	82	-5	-42	80	6	-50	98	-54	-78	39	25	-44	41	31	64	56	30	-2	-43	77	-40	-83	13	-31	-29	-35	-91	-81	-36	40	-70	49	83	83	76	100	46	-26	33	-15	-39
58	64	2	-83	-82	-78	34	4	16	-86	25	-86	-60	45	-39	-81	-74	3	-45	94	24	44	24	-56	-70	67	-79	15	-4	42	-31	43	-3	-26	-78	-87	53	42	-94	-40	-84	-77	-82	36	34	-16	95	-77	72	2	5	67	25	-3	-69	9	-31	48	22	65	81	-48	-54	-95	35	-81	-7	-39	100	99	85	78	-73	66	-82	-34	92	69	-27	-9	-80	-33	-44	4	19	52	58	40	42	-35	55	1	72	-34	45	-23	88	78	-39	97
-57	51	75	52	30	79	-19	-14	2	-100	-80	-95	-75	44	85	76	-45	-50	-91	-32	-34	96	-43	5	54	-12	-61	35	63	90	13	55	-14	19	-43	-86	46	12	24	85	78	-65	-75	-87	45	-44	-3	-100	-10	45	79	-95	58	-51	-1	47	-96	-38	-84	-76	62	-15	10	46	-82	-91	61	39	-98	-4	15	42	-39	-93	29	38	41	-29	44	-46	-32	-98	-24	-40	-25	47	-89	-83	-81	-59	-100	-32	56	77	-33	-67	100	46	-58	69
-65	-49	91	5	-71	90	-75	68	-35	2	-81	-21	-81	14	-97	-18	-68	-6	-98	73	-94	-38	10	56	-50	-46	40	52	65	77	-56	-88	42	-75	16	69	36	-96	-23	76	-92	5	42	-79	65	22	66	-90	0	-85	36	-12	-66	-73	-27	-53	84	-95	-85	-25	-77	-13	5	-50	-51	69	94	-33	15	-9	-19	7	-89	-41	70	-30	-62	-89	-40	-20	-4	-54	6	-96	50	-96	-74	-73	-8	-58	-17	57	30	-62	57	88	36	58	-78	-75
64	-5	-63	49	30	-54	-46	-8	41	84	-95	23	99	-77	-98	-67	-5	70	-50	-81	80	55	-34	-10	-55	-1	-27	15	-37	-62	-27	44	-97	-11	77	-15	-31	96	11	-30	-91	16	-70	-95	43	-49	-4	-7	89	28	-91	85	-76	54	59	-26	64	-99	14	-39	-10	81	-49	-83	-1	-84	-42	-29	79	24	-59	98	-70	8	-98	72	-5	96	-65	27	81	66	86	-58	-56	-83	48	-8	-99	34	50	-68	98	-99	9	-96	-18	64	-23	53
79	64	24	-12	7	52	2	-22	37	-29	14	54	32	33	31	-65	40	11	19	-83	68	-83	52	91	59	91	71	-47	53	48	-75	91	48	23	-8	-8	-66	-53	60	-67	98	-12	98	-74	-36	-24	-78	69	30	-66	-69	-43	-22	40	-12	75	-79	-93	-82	-77	35	-98	67	17	-74	-64	96	-53	-55	55	47	20	-18	-26	-84	-27	36	34	100	40	-44	30	-9	-66	-13	64	-26	43	-20	-29	61	32	-74	23	-98	-99	-52	88	-31	1
-70	24	26	13	-19	82	13	88	-77	-80	74	36	-13	-57	-58	-44	46	34	63	86	-9	-31	49	89	51	83	41	65	-39	36	-67	-4	-76	7	-59	33	-32	93	-87	90	-97	36	-40	-46	-16	65	22	-52	-88	8	-88	33	62	23	-26	-6	-34	-70	64	80	75	-48	93	-8	-22	-20	97	75	-31	73	46	74	-9	-53	35	-55	98	77	31	1	-96	-83	-88	91	52	-25	-38	-76	73	47	6	9	-84	-87	-62	-78	-100	11	-44	25
33	15	-90	69	72	-68	38	40	37	-24	26	-33	69	-63	71	-1	-99	-15	-48	-94	-65	-67	86	24	-32	-38	-72	-2	-50	-43	3	-45	-59	-62	-19	-58	3	49	86	82	91	-67	-53	-59	-73	-35	84	-50	28	77	-82	-87	-26	-98	50	-23	64	91	-32	5	-49	20	97	46	50	13	49	81	-85	-5	98	-39	-16	-85	5	16	-10	-34	-69	-56	29	-99	90	55	23	20	23	86	76	-7	37	-71	-73	33	-46	84	89	-40	26	-49
-43	13	71	88	-97	-60	-85	-73	-66	-4	-64	46	-89	81	-62	78	-53	-85	-46	56	37	90	96	-69	-84	-41	88	93	30	31	-20	-15	45	32	-80	76	-71	83	-34	-100	-59	-25	93	89	-13	45	-25	74	-68	-84	-48	-14	-65	37	-89	-12	-28	-23	84	83	15	89	-81	-5	-14	-33	59	38	-32	-51	-15	69	-100	52	27	-58	-33	77	22	34	3	-37	-55	95	-47	22	10	61	28	13	-92	40	-16	-11	-68	-100	25	-84	-19	73
30	-98	53	-65	-48	85	-43	33	-45	28	2	-39	49	83	45	-70	47	-43	44	11	87	32	79	31	-15	41	70	-88	-50	-7	59	-56	-64	39	23	23	81	93	84	25	85	77	-8	-71	74	-82	35	-37	-96	56	35	-21	-69	19	-24	93	45	43	45	5	38	-10	54	-3	66	92	-30	-81	43	-97	70	-16	-14	-34	43	51	-25	84	17	15	-8	78	-83	-78	89	-82	61	28	84	73	-61	-52	51	-98	21	-95	-60	-59	54	60
-63	55	7	-43	26	-76	-26	-30	76	-87	-54	51	24	-49	-39	-72	33	-41	-95	-68	1	-77	-90	50	-66	-72	-4	59	72	43	-37	-63	96	-11	-23	42	6	96	17	8	63	3	-40	-41	-29	-33	32	-32	71	-85	-66	-57	96	1	-46	94	-97	-58	-29	-96	-19	-34	-50	-59	89	72	56	57	-25	29	-74	54	-83	-16	8	-41	54	38	73	29	49	13	64	70	10	-99	-52	31	42	2	7	38	-61	17	-11	-74	77	38	35	-36
-99	-85	-24	6	-89	96	17	-68	56	-90	40	-64	-24	-4	-62	-29	-61	64	-100	-49	-78	28	-85	29	-73	36	-21	-98	-83	54	-39	-62	91	82	-40	18	18	29	-6	60	-7	93	90	91	11	53	2	74	-33	49	26	82	26	-18	-61	67	49	29	4	93	-45	-87	-91	-82	54	72	-65	63	-80	69	-50	21	34	18	-100	-100	-81	62	63	-92	-52	89	-13	-29	66	-68	-76	91	78	-64	-41	-97	87	-50	62	-6	-26	79	-72	-61
80	17	-14	77	16	-92	-97	-39	21	-15	-61	-49	43	-93	-73	7	1	25	-55	-95	-65	7	25	-15	-69	-5	24	66	37	-91	-93	67	32	-34	-53	-5	-69	92	35	-39	36	-82	-2	65	2	56	-8	13	-13	-72	-67	-66	6	99	56	-16	-33	-36	73	-68	39	29	33	10	18	-8	37	38	-32	-82	-22	79	-70	-83	-80	93	30	23	-3	11	-20	9	79	27	94	-27	-37	-75	-59	-46	28	-61	79	-66	60	88	97	-34	-9	99
-43	-14	-66	-5	61	-29	-75	-35	-78	-6	-31	68	-27	-30	-78	-62	17	82	54	-92	-32	-65	33	88	-39	-61	-10	59	-73	-30	-48	-76	86	-44	-12	4	78	49	38	-80	-8	-23	43	-98	78	-43	13	21	72	-9	-8	-96	-48	-40	-56	46	55	50	-85	41	85	-65	76	-72	-77	46	72	-59	-60	23	36	-50	-64	-74	68	58	22	-84	-55	-45	-85	-84	-15	-41	86	9	36	-72	-48	58	-15	17	-71	33	25	-51	39	-91	-86	-22
-18	98	-11	-15	1	76	26	-7	45	73	-13	50	-77	42	95	50	49	19	-47	36	28	-28	-19	66	-44	34	-76	-52	0	-69	36	-41	25	36	-49	-8	-29	6	35	42	-66	69	36	71	69	94	83	4	-67	80	-8	-42	-50	97	50	80	-37	-75	27	-28	-63	-70	-39	6	-5	-22	10	69	83	-81	22	19	49	-96	63	-86	19	-11	26	39	56	3	20	-53	-84	14	24	8	50	-83	14	44	37	46	-97	-34	-100	11	78	-93
13	-22	-68	-36	22	62	-46	-66	21	-60	-37	-40	-13	4	-89	12	-15	41	94	-96	22	-20	24	-92	1	-20	-52	47	33	6	-65	33	-70	2	-4	86	-22	45	75	82	-12	-87	-45	-31	-12	91	-27	29	-61	38	16	-27	13	7	34	-84	-74	-38	-11	56	45	-82	16	-46	-45	-34	52	-96	31	92	68	-33	78	-93	-84	-73	22	-96	2	-91	-60	-36	13	9	-32	-11	-6	-35	13	45	35	-52	-88	-88	-11	-64	-98	44	-62	-39
-64	20	-8	96	5	19	81	-78	41	-32	100	73	-34	-78	-4	-43	76	-64	88	-60	-28	-47	-42	-55	14	98	-79	-22	61	86	-16	-68	-47	44	-12	-65	25	-8	26	-16	-18	-65	-24	-31	-74	-66	22	-32	67	-52	24	-91	76	30	-74	-39	-4	-72	21	-69	-33	-78	-39	-27	80	9	-46	17	-69	81	-10	13	-42	-37	82	-97	80	-35	74	70	64	-86	43	-79	-5	-61	83	-33	18	79	-62	-85	-50	44	-64	86	97	38	-86	-96
-75	-98	5	38	-17	-77	-51	-53	-30	-59	-96	-73	-69	55	84	-87	35	35	72	-19	-64	10	14	-34	-95	-15	-73	-83	72	-54	-37	-27	20	61	-64	5	-26	6	-38	-59	82	56	-81	-5	-84	-47	-50	89	96	-18	98	41	61	-84	-18	-71	56	3	74	72	71	63	-2	-35	0	-39	48	15	-87	-91	-38	-31	94	60	0	-99	72	94	-10	-27	-57	-34	86	-52	-66	15	-21	-61	-28	28	32	-87	27	15	-35	-32	10	51	9	-49
-6	66	25	87	33	-22	-97	58	51	9	17	81	-93	70	96	-85	18	73	18	15	53	-15	53	-45	-94	65	28	97	99	-86	-63	61	-80	-20	75	-40	0	-72	-94	-91	88	-18	-96	3	35	86	-39	80	-19	48	-94	-42	83	-91	-70	85	76	18	-38	46	-58	93	-57	-12	48	-18	-85	-82	42	53	59	43	97	-42	-67	-13	0	-54	-9	-29	-71	-91	-96	9	-17	-49	47	-7	-72	75	-10	16	34	33	23	-65	97	98	15	38
-71	11	-100	-85	-90	72	65	-67	31	-68	-51	-29	84	-29	-54	32	-76	47	21	-7	-54	23	-26	30	63	-49	32	-6	-42	83	99	0	-60	98	100	29	60	48	-35	21	-74	-91	-100	23	42	76	-43	-87	-51	68	33	72	9	41	36	21	79	68	77	-1	16	-25	-67	70	-2	-9	-44	-44	21	51	-23	4	96	-41	-26	-71	-16	71	-77	-17	-16	1	28	-59	-9	11	-73	-14	20	92	-30	-95	-74	-27	76	-19	26	1	63	8
-70	97	-100	29	19	26	-56	-47	94	-21	79	97	-21	10	82	42	-11	-62	-59	-71	54	-75	57	-14	-50	-37	22	42	19	-95	17	81	32	-95	-94	49	61	6	62	-20	40	-96	37	-63	22	-70	98	-54	-97	-22	29	24	30	6	69	70	-64	-10	61	-5	-32	-78	-62	82	-40	57	-6	45	32	73	73	69	39	-46	72	80	-93	50	-73	1	-55	89	63	27	54	-82	20	91	-49	-23	-52	34	-4	-20	-38	-34	-30	45	22	52
72	89	-37	34	21	-28	67	-33	-86	-41	48	74	43	-92	19	-31	-30	-45	-24	3	-7	45	100	88	-32	-86	-17	-67	-13	9	67	-40	-70	-93	93	-41	-97	-54	-75	34	52	75	-6	-10	51	-98	-74	-5	42	10	84	36	-43	28	35	40	60	-25	-29	79	77	-9	78	-68	6	72	-26	-88	15	-69	-86	52	29	-37	63	59	-72	-30	-7	-76	-95	19	-47	0	41	-92	-15	11	63	38	32	71	69	-35	81	69	49	-99	-27	-8
-95	9	-17	-80	25	-18	-93	-77	37	61	28	-13	30	-66	86	89	-73	-25	-84	14	31	81	7	43	-96	-9	-71	-23	21	90	60	0	-82	75	3	41	-28	21	52	73	-84	-14	14	-3	-23	67	66	79	-12	79	-52	0	-89	-70	3	-37	-49	32	-52	-20	-44	27	22	-35	94	47	-17	68	48	-18	43	-98	-69	11	39	29	-42	52	38	-44	86	-55	18	-76	-74	-100	98	-75	13	-37	79	-24	45	-1	74	15	-76	82	44	44
73	14	-16	-91	10	31	-89	40	43	72	0	36	-39	-49	40	91	-93	-28	-55	-22	-22	91	41	-31	11	83	-56	-40	31	65	-70	75	23	-65	20	-19	12	89	76	-54	-81	-79	17	68	-68	29	87	56	19	-57	-41	-39	-9	-20	-68	93	-49	91	-96	84	-33	-36	80	36	30	85	-49	90	-24	-36	-49	90	99	-100	76	51	-40	45	-48	16	-96	-98	6	38	46	84	-29	-61	36	8	26	93	47	-13	85	60	34	76	56	-66
-89	-13	-77	-1	29	56	3	95	-97	60	-6	53	-32	70	45	-60	91	92	-71	-65	6	-17	75	-31	-4	-35	-28	-42	41	-44	-31	71	-34	44	15	78	77	-85	-45	-57	77	90	-56	65	-1	65	28	77	84	35	-67	-12	-55	-25	35	-55	-64	98	78	34	31	-77	60	-49	-17	13	5	67	-29	9	-7	-13	44	-11	-19	-84	60	33	-69	43	27	32	-87	20	67	5	-39	-73	-89	-62	-82	-49	-86	80	-99	-26	92	76	-62	-31
-35	-23	-1	38	51	44	86	-74	65	27	-69	-41	-86	4	85	56	91	65	81	-100	37	98	12	-69	98	-96	48	15	8	-15	-45	84	39	-81	-35	71	89	-8	22	63	-11	1	71	-78	92	17	84	42	-18	-1	22	58	28	73	75	-30	-79	-31	98	-18	-14	36	47	-76	25	-17	27	-20	16	63	-44	-50	99	-49	30	-100	68	-43	79	79	60	-44	10	96	-21	-26	19	11	-19	78	-82	-31	-99	-1	48	-99	-98	-94	97	-50
-47	-14	53	-42	-23	-1	-59	-13	58	-15	-11	-51	87	-41	95	82	-36	-12	44	27	7	-92	-98	-41	-94	43	-62	32	-52	-60	-38	-94	-25	8	-58	-4	-3	6	35	51	28	95	5	-86	-5	-14	-40	-21	-76	-10	-57	28	48	73	98	68	12	72	-19	-89	25	-100	1	-94	10	58	-81	52	7	99	-6	2	11	84	83	-25	-12	80	19	-79	89	-90	72	73	34	-36	94	0	97	-96	-34	-30	49	-37	54	56	54	55	50	18
62	-74	26	-74	28	-14	76	28	-60	-85	-58	-89	-47	-85	-66	77	-77	-64	43	-96	-54	-48	99	-79	-45	-34	26	-87	32	-88	-93	81	-55	48	34	3	45	8	-83	53	55	84	-24	57	30	77	7	-31	-11	-13	57	44	18	67	-53	95	98	-46	-34	-13	82	-35	-4	-42	-85	56	-52	-93	38	-33	-64	-18	-42	75	74	-16	-83	-5	-7	56	95	48	16	-95	56	57	-67	22	-96	20	-41	78	-50	34	83	1	-94	-70	-38	-85
59	89	21	-67	-77	-91	46	18	70	97	70	8	13	23	100	-21	82	7	-96	56	-78	-7	100	-54	-96	-70	-15	-33	96	-95	-98	51	-50	38	-97	-27	-9	-31	84	63	-33	-13	81	-70	0	66	83	-8	-11	84	77	74	93	31	50	35	-23	96	98	-15	-98	36	-80	-38	-72	97	36	-77	9	65	65	65	-86	76	-69	-87	-90	-82	50	60	2	-22	79	6	21	-96	12	22	32	25	-3	-38	-30	79	46	-29	8	-93	42	-30
-4	-93	0	95	56	-52	-98	-88	56	63	-22	-88	59	-79	-59	-38	72	67	37	-8	-34	-23	57	28	-51	32	39	-40	41	-28	-1	93	28	3	8	73	32	-46	-94	3	24	-98	100	91	7	-24	91	-55	-19	19	-64	-88	72	79	-52	-30	56	-6	83	14	58	18	-26	14	-52	-19	73	-46	-7	25	-36	10	58	91	-36	23	3	-53	-17	47	78	43	-74	86	38	34	-84	70	-95	86	51	-60	0	-70	-61	82	-43	-36	-90	57
40	97	-79	-75	67	51	-1	46	-48	-21	79	-12	84	-58	21	-4	37	39	-47	52	-60	-19	50	-26	-95	9	58	88	-5	88	-64	-17	5	78	-23	1	-97	-19	33	4	96	97	95	84	63	98	-10	69	17	78	-99	50	-11	100	41	2	-57	48	-85	83	8	-18	42	72	18	94	65	30	18	-87	46	-64	28	49	-51	99	-50	76	-4	62	-64	79	72	12	54	40	-36	-37	63	74	43	80	-52	34	98	28	-21	-78	84	-51
45	-51	91	26	-27	-15	-50	68	-90	40	10	61	41	-89	-61	-12	99	37	-25	-94	91	-7	-29	-29	-87	-46	-46	98	-51	-57	78	-42	84	54	86	-80	34	92	97	56	93	13	-86	53	-60	-54	82	39	81	42	99	17	61	-78	100	-51	66	63	-46	79	-1	-31	-86	4	49	-97	81	-12	-40	31	-19	-29	-39	-6	80	-68	87	11	-22	100	-80	74	-1	40	-70	97	-23	33	-23	-40	98	-31	9	42	74	43	41	-55	-18	39
-72	-20	-49	6	-68	61	-20	33	8	26	26	29	94	-19	65	21	-99	-62	25	-41	-2	93	-96	60	16	-19	-80	29	-88	40	7	-86	33	-35	-91	-47	-100	-36	-31	69	0	-61	82	-19	0	92	45	93	68	-22	28	1	91	-97	53	87	79	64	-12	-7	38	-5	1	-63	36	66	34	63	-79	-88	-1	83	-27	96	5	44	91	0	76	-37	-2	-57	-17	47	15	-17	3	-88	71	-15	-72	-67	43	26	-9	-98	-99	-87	71	18
62	47	-1	-62	68	25	-91	10	89	-38	-95	51	77	-90	43	16	5	-1	-89	25	85	50	-62	14	93	-97	-62	9	48	95	-100	88	41	0	-87	59	46	-41	5	28	90	40	61	90	-41	-94	62	-99	68	66	-97	71	76	8	47	-1	-25	-48	46	-87	-41	-97	49	37	-9	-29	91	36	4	2	34	9	4	-31	15	90	0	20	67	-97	12	23	-63	52	21	92	-99	65	-74	28	-51	19	-51	96	-50	-21	55	-27	72	-56
-28	-5	71	47	-99	28	-22	-39	-37	-33	-30	96	-56	19	19	-12	-51	-83	68	-28	28	26	29	82	-48	-58	6	85	47	-4	-54	69	-77	-40	58	64	69	65	-67	3	-72	50	5	83	-22	65	-29	-91	-31	77	-42	-25	64	-28	23	32	-66	-2	-17	35	78	-73	53	13	-28	-80	-32	53	55	61	-10	-27	38	-91	-62	53	77	79	-92	50	-92	17	-35	-24	-30	50	39	-77	-48	-17	-94	19	31	-38	40	49	-27	-8	-58	61
-73	1	-44	-80	40	4	-54	-80	33	-70	-15	21	-67	12	-82	-80	-18	24	79	-84	-24	38	11	-82	94	-43	-52	1	-49	100	-100	5	86	52	-62	-86	26	65	81	-69	5	72	44	75	18	-83	10	35	-80	-97	-75	-47	5	40	12	-96	-82	-17	-99	-22	-74	-30	-55	-60	52	5	-56	43	-45	15	-67	-55	86	96	-93	-84	-98	-1	-39	9	44	52	-29	61	72	-61	85	-11	58	-24	35	-44	13	-80	7	20	-18	-58	-85	36
74	-45	-20	-23	100	61	96	-98	68	-77	87	63	-99	-18	-35	-8	5	-9	55	31	14	-8	-9	69	-90	-13	44	73	-57	-39	46	73	91	14	45	-97	-46	79	49	-92	61	34	91	-22	93	-20	84	-21	-44	-19	-12	24	-70	-53	-81	38	14	-18	57	-41	-80	-79	-99	77	-61	66	-87	-31	3	23	-36	-65	6	-30	92	-78	-1	-23	-1	63	-12	16	-47	-58	-16	7	10	-79	-61	66	-45	-85	73	77	42	-62	-100	-95	81	-96
-40	-47	14	-15	65	-48	76	68	-68	72	4	-36	33	-99	-18	64	-47	19	-31	1	-10	-30	-78	-70	68	39	-79	-35	-82	92	41	-68	25	-6	-12	55	75	73	-9	13	23	-91	-53	54	55	0	6	-53	-26	17	-43	8	8	50	64	1	66	88	85	83	22	-52	-86	52	-98	79	-55	51	-68	-30	49	34	31	-12	-59	73	99	96	72	11	55	-91	81	35	60	11	99	89	-50	-55	-23	-87	-91	65	20	89	-30	98	52	-83
34	34	-68	13	38	-84	-48	-92	-36	26	-15	-39	46	-55	100	-75	3	-54	-91	-85	71	-95	11	99	-66	-21	97	6	57	98	74	-4	54	75	-13	-98	-15	85	-26	-50	-37	-6	-87	-68	-4	29	-97	86	-71	-53	-67	18	-11	-66	-84	-13	-2	69	-21	-71	81	54	-70	-42	-89	-30	81	-41	-4	-27	-39	-47	-83	-63	-15	43	14	3	67	-18	54	-40	69	99	-3	19	66	73	66	34	-17	-88	-64	-77	19	64	-75	48	89	41
-79	-63	-48	2	26	-19	-96	63	-2	-24	10	-68	-72	-8	-78	-75	-42	-42	-38	-57	-39	35	-81	46	-25	-53	-30	97	6	97	-14	-32	-63	-49	-48	11	-76	-54	-12	47	40	-74	-33	48	-95	88	-37	-86	-24	38	20	26	-51	-86	-94	-2	-98	-53	-88	-69	-51	-88	-39	45	-33	42	-34	52	-77	-31	-12	-4	73	5	49	9	-62	-76	12	-72	61	-86	0	87	-74	-38	34	-94	14	59	-38	-12	29	82	94	-33	100	96	-45	-28
41	-48	78	-18	-15	-35	-97	43	47	8	20	55	-28	76	-17	-47	-42	-25	66	21	51	38	19	31	62	-54	10	38	-61	-50	77	-95	-11	-83	69	-27	-77	-26	90	-70	-71	-9	-54	13	-95	99	62	-65	-62	-57	-8	-22	34	-35	-94	92	91	70	77	-77	-19	-35	-75	-13	33	67	68	-78	89	-74	19	-54	-38	-96	97	-91	-50	-85	-75	97	-62	-71	13	74	41	-36	51	51	33	97	58	-36	12	-46	94	-97	-17	-59	-3	-10
73	4	84	38	-66	-22	98	-87	-2	-68	-75	-1	70	-30	63	79	-72	59	1	-10	-63	51	-67	86	-63	88	-81	-73	-54	-78	17	-36	44	-97	37	39	-96	-79	-60	28	22	84	87	41	-99	-20	45	-6	-2	-41	88	92	-78	-66	-6	-71	-70	-14	53	3	-50	41	13	77	3	11	-81	94	-28	-30	-96	-96	-24	-66	80	-96	37	45	-69	-59	-41	-46	64	5	-38	-28	-12	-70	15	25	86	-10	33	-27	-24	-37	-79	-78	-23	-77
-65	-17	-17	-7	-20	77	-67	71	33	-16	-74	89	43	-67	38	-60	-4	36	-28	-45	-36	-35	-80	-2	82	3	-27	42	-42	94	-72	56	-27	-10	53	94	27	78	-12	-46	61	-37	-10	-86	43	87	96	79	38	30	-12	-80	-2	35	64	-79	-76	47	-16	74	39	-75	-46	19	47	7	-91	14	-51	-64	78	40	43	46	-73	13	-41	60	-82	-13	-84	99	-85	42	-62	97	-60	-100	-27	-8	18	-44	-81	-88	46	21	91	99	87	-62
-98	80	-100	36	-60	58	-19	97	-53	27	64	43	3	-54	-24	-79	-35	-28	78	-29	29	-83	-95	-52	61	-71	20	-27	-87	13	-48	-59	-17	47	-19	81	-74	17	35	63	2	-70	-72	85	-38	-99	-54	-39	96	-96	-69	33	85	-25	91	99	2	-5	32	-44	-17	10	88	8	-19	31	13	4	98	17	41	-15	-74	-59	76	10	-66	-90	27	-54	52	-11	15	-27	-66	24	-38	62	-39	80	-10	39	63	-62	-100	15	39	-73	86	-22
57	-47	-83	-15	-80	-17	95	65	41	-48	27	-7	-75	-26	-70	46	95	8	23	-42	44	99	39	-51	9	57	-77	-9	49	96	-49	69	-31	-32	-39	-99	38	-66	-68	38	-71	48	58	71	31	-7	-69	66	-32	48	-94	45	-90	42	-88	-91	54	-25	-26	-80	85	-6	-10	-66	93	-7	79	1	8	8	64	78	44	29	-15	-22	10	-47	-64	91	-2	45	12	72	-26	-4	13	-10	-28	-1	30	-16	93	-20	-59	-30	4	-5	-6	-95
61	43	98	-5	-19	61	-63	95	-23	-72	-58	-33	86	-99	55	-79	69	41	-3	72	35	-83	-27	95	-40	-53	96	83	-64	88	-33	77	90	78	-57	95	-70	-28	-69	-30	-3	88	88	-39	3	63	25	-48	40	78	30	-88	-88	28	73	-47	-81	-40	54	-1	-38	78	34	-27	1	-85	64	100	100	88	53	7	-79	-24	-96	-5	-85	24	55	58	91	-35	-93	91	77	-44	-66	53	-44	-92	-3	24	51	-27	49	-50	76	27	-100	3
100	-75	93	-46	-3	29	99	41	85	-88	-72	-30	25	-71	10	-18	6	48	88	16	-82	5	-21	77	-59	-55	-43	-8	-98	-13	58	83	-31	-31	-12	-75	-78	4	45	93	-100	-19	14	-21	14	39	19	-95	88	88	-60	33	60	55	78	44	59	-71	54	19	-21	-40	-14	45	71	-80	-89	36	-74	-72	62	98	-83	10	-3	65	-16	-83	11	84	4	-6	-83	100	13	36	70	-26	-12	69	33	22	97	-53	-82	85	28	52	6	-25
66	46	-84	59	50	-45	84	33	47	58	-24	53	-85	24	-5	-49	32	90	-97	-74	76	86	89	58	-16	29	-58	-95	52	70	-25	-46	-8	94	94	85	67	-86	90	-55	40	-28	-98	-19	40	-38	92	100	-10	-87	97	-13	22	75	67	-22	17	66	-10	44	35	1	14	52	10	24	64	-41	-48	-86	-6	87	19	-99	56	-85	-77	5	72	-73	23	-17	20	-88	30	-13	83	85	32	-28	94	-64	89	-13	-83	90	-88	86	-69	-8
48	17	-20	59	-70	-78	83	-72	-60	15	92	-16	-78	52	-49	82	34	37	-25	78	99	-73	-77	-19	-8	37	39	23	76	-36	95	-59	-83	54	-74	28	81	45	25	-66	-58	-62	-82	86	-98	-53	-97	53	17	49	-33	37	-21	67	-86	-69	60	42	78	47	96	77	92	21	73	78	54	-32	3	40	99	63	-45	-31	-48	-44	-14	-93	10	48	69	-42	-87	49	-5	-99	-23	43	47	9	40	20	34	-20	-69	18	-24	-89	-51	5
-32	95	83	-16	54	4	-56	-14	69	-61	45	-8	54	59	84	-98	-12	14	78	-42	-53	-42	-80	-42	47	-41	53	29	96	-80	-25	-22	-24	35	30	67	51	-1	-15	16	-32	-1	14	22	79	-31	55	-28	10	44	90	67	-51	84	-51	33	0	15	-17	70	55	70	-90	-30	39	32	100	-3	21	94	17	-6	-16	-45	-71	-6	-55	-25	27	19	-87	-14	-93	39	-84	17	-53	16	23	-79	-37	86	82	76	-2	-66	-30	1	53	12
5	47	-46	87	-20	38	-35	-39	-48	43	58	-67	-50	88	-41	74	80	-20	33	-53	33	-5	93	50	59	83	-31	44	12	53	51	-77	-19	34	66	84	-78	-65	-4	79	-95	-98	59	-71	71	-32	-34	26	76	8	36	-92	-93	-17	-94	-74	30	15	-40	-81	56	-50	8	10	-36	61	-46	-90	48	-46	-76	82	82	-51	96	70	-39	27	92	28	-17	-80	-81	-69	-70	-24	-3	-37	-87	-73	-54	90	-71	81	-72	10	-86	57	51	-91
-34	-54	-77	85	-76	-45	53	44	38	29	-6	27	10	-99	-93	-18	-59	72	19	-29	86	-44	94	-2	-87	-10	64	17	51	98	-45	-1	58	-6	96	38	-8	41	34	51	-64	-61	-68	-43	-58	-94	-92	-60	54	2	-31	48	68	81	-24	4	6	7	-60	-21	-26	-20	76	89	60	22	-73	-79	16	-58	-42	36	64	-23	11	23	-20	-34	31	19	-43	45	16	10	-57	90	42	-32	2	-81	41	-10	-18	76	-77	-79	55	-58	-35	57
87	-78	53	-24	92	18	-8	-5	65	-53	76	-72	54	51	-56	-54	-30	67	-35	-28	-21	60	11	98	23	-27	-31	-56	74	31	88	-10	30	-57	30	-97	-37	24	81	53	66	91	-15	90	-32	18	-45	-58	28	47	-50	46	5	-59	-15	-14	-28	85	-94	-22	97	-29	-11	-7	30	21	-4	26	-58	28	-19	-40	21	-25	53	96	-73	-47	-76	-71	-70	88	-60	72	-88	-17	11	22	-1	-14	-21	-23	-68	28	73	2	55	47	50	59
55	100	96	-31	-66	-56	15	-72	-12	-32	51	75	28	-89	90	-57	-99	7	22	87	100	90	-11	5	40	61	-12	54	43	-80	-36	-7	-33	1	-40	-41	70	48	-45	-96	39	1	-38	57	0	-43	22	-70	74	57	29	-84	16	0	-66	38	31	55	-52	-52	-21	-7	-30	-99	90	-14	-26	12	35	9	-89	83	-14	87	12	49	8	31	-30	-90	37	29	-95	-68	22	-2	11	-41	-77	-4	-68	90	-77	3	81	-12	21	42	82	-43
1	27	-39	95	67	-38	-16	-29	20	-77	-99	40	18	87	-99	73	81	4	45	-42	-28	-83	91	-53	18	-7	-93	0	49	-98	54	3	10	-40	85	29	-34	-9	74	-97	-17	-27	-94	84	-44	28	58	61	68	-26	-81	86	-18	86	20	-39	-34	-50	97	15	4	0	-44	-44	-4	-82	90	72	-60	-84	-42	59	-40	-46	-20	7	39	46	65	-47	44	20	16	88	-23	82	-9	76	-51	86	-1	-56	-51	0	-4	-87	-77	82	-94	-96
80	-25	-88	-36	-65	-39	56	-40	38	73	93	-16	-65	-16	-6	-23	0	-81	-1	-20	-77	-14	27	-12	-16	-45	-88	-28	-18	-38	-8	91	93	100	55	20	68	100	-29	-52	22	7	45	-40	67	-91	-74	95	-48	-66	32	-95	48	-46	40	-67	58	81	60	-98	-71	-71	6	-63	-90	5	82	-10	-88	-19	-47	-56	9	22	-96	-8	20	-48	9	-61	-28	70	8	-24	-78	-57	72	73	36	9	16	-29	-41	50	69	-74	-21	83	25	-19
-32	-43	-97	54	-77	-100	38	-16	-75	-37	66	2	87	46	32	99	54	-29	-55	84	-12	60	23	56	3	-35	-54	-51	32	42	63	45	-28	-100	-77	92	-25	53	-58	24	35	-7	76	63	-89	-45	50	74	-25	2	45	10	93	14	27	72	-43	-39	-62	-11	87	30	51	-89	48	32	62	-76	74	-31	-10	68	-32	18	-94	-82	63	42	-50	-50	49	75	-77	1	-82	6	97	-58	1	72	-8	21	-53	-18	-57	-41	53	-68	68	-64
49	-45	24	-32	37	-48	-62	-32	-71	30	-40	-74	-22	99	12	96	-38	-56	-2	-84	-78	-20	-64	70	-60	32	-80	6	-21	13	68	78	-98	-43	-14	93	41	34	100	-32	96	-75	88	-39	84	-52	-60	8	-100	-90	-43	24	54	-40	-60	-20	-6	32	-92	-82	31	95	16	-64	-23	69	58	-88	100	6	6	31	81	72	-5	-52	76	29	-89	-41	-96	13	-36	91	4	-34	-10	-48	-5	-27	-74	-64	88	57	-20	14	-84	80	-63	-23
-36	79	67	93	10	83	32	-68	-17	42	-18	-50	89	-81	-73	-4	0	-14	-55	84	-94	66	-35	73	90	65	-48	47	-20	-60	-47	15	36	-17	98	-7	73	56	41	80	45	47	79	-17	-64	-41	31	42	-53	37	55	31	-18	-16	32	-16	-90	12	-65	3	-20	-1	-34	-39	84	-8	45	-91	7	-31	18	18	-46	81	94	-16	-67	22	-8	-15	94	-86	77	95	23	76	19	-16	92	42	-31	-50	23	-100	-51	-61	18	42	-31	96
41	87	34	-40	1	-79	75	-87	73	27	-86	-83	51	43	12	87	-38	2	-89	18	-24	61	83	-25	-80	70	57	50	-68	-72	52	-94	48	5	69	42	84	85	30	-22	-80	-71	31	-24	11	-58	32	-22	45	54	29	-74	-29	37	-52	23	14	-73	49	-28	12	-81	5	-31	37	49	-5	54	-72	80	51	44	60	1	49	-89	91	20	100	-74	-83	-17	52	-81	6	-63	-40	-26	82	5	65	-12	-16	91	-35	20	-67	-99	-50	82
98	-77	-12	91	83	95	69	-43	-29	-23	-16	-65	84	-43	-90	92	77	-11	-54	-94	-95	-56	61	-80	-42	49	39	-84	63	14	-90	48	-28	85	-18	-1	-44	-35	87	-18	-79	-3	-82	76	-62	-35	77	-21	-25	-38	-91	-96	-60	-52	10	24	-6	69	-78	23	69	-42	2	35	91	24	18	-62	-55	38	23	-51	-15	-23	85	32	48	-73	39	-26	-71	-43	87	75	93	21	-48	-86	85	62	97	-80	-64	-26	40	36	30	30	83	-24
84	23	-26	42	23	52	46	74	-37	28	72	-41	-50	0	-7	-12	-48	33	49	56	-75	-38	67	-59	58	82	35	-54	38	-23	31	41	74	33	-11	92	-45	75	34	54	65	-46	-33	-67	68	-78	-100	-70	-94	73	36	-33	-8	-67	56	69	58	21	15	20	-95	-10	19	-44	91	3	-14	-34	-90	-24	-1	60	-87	-30	97	-65	-34	20	-34	-61	-96	52	-58	-4	50	-20	17	-40	49	40	-78	58	97	-27	-18	-62	-12	74	81	12
62	48	-34	-58	-100	70	67	-20	-11	-67	-95	10	56	-72	15	-37	55	17	-67	78	-98	-74	29	-65	48	-19	-56	-49	-40	-37	37	-44	77	-64	20	-17	71	88	21	72	-67	-51	-34	25	-76	12	-8	-62	-6	-87	-6	14	90	1	-81	-53	-43	-29	98	27	5	-64	100	79	12	65	-89	-74	-32	91	26	14	83	-92	2	13	-24	-19	-50	74	42	86	10	10	66	9	59	-8	-83	94	99	-6	-24	65	-89	-59	-53	27	60	-17
49	-81	92	46	91	90	-56	80	-6	40	-61	29	58	59	94	-33	-19	-22	77	-60	-59	61	-63	70	-2	-6	38	21	-62	-53	63	-91	-68	-69	-23	-65	-74	76	63	9	-76	-36	-25	12	92	-6	1	84	27	-100	-63	98	36	81	-15	-71	95	-93	85	16	-68	-67	-73	-90	-23	-47	-99	12	37	86	30	-49	91	8	80	17	23	32	82	-6	-40	83	-72	67	-66	60	-78	91	-91	-71	-87	-76	92	-51	16	-26	99	-70	24	53
35	16	-100	65	-76	24	48	1	61	-100	-41	-96	41	96	74	-39	82	31	-88	-3	-52	-2	74	-45	-95	10	72	72	16	-61	2	70	69	-18	-49	-69	84	97	-2	-59	-14	-85	3	-97	46	84	21	-99	-47	-84	14	41	91	-80	-27	89	-71	-44	19	-70	74	-85	27	-27	58	92	-51	-10	-8	-5	67	71	-27	70	-1	66	-15	93	26	-65	4	-82	-88	91	25	-54	11	-46	78	71	-23	3	-65	-85	-7	-92	99	94	91	90
56	-97	-73	-13	-44	93	72	-17	31	37	-60	22	-7	31	28	-93	-25	-32	30	36	55	4	-9	-35	28	92	51	-18	-81	9	-12	25	-81	83	-36	65	29	-47	-20	-64	-71	-99	-91	69	-30	-55	71	-4	100	-42	-81	-87	67	100	-98	-59	61	-80	37	66	75	21	21	88	-11	12	-31	-3	-18	-100	30	55	-66	61	-15	70	59	25	21	41	12	-73	61	-1	39	-35	62	4	-13	56	-35	-66	42	14	-10	70	44	42	-13	16
-41	-84	29	-14	-46	0	-97	-88	2	-40	-79	29	-98	-46	-26	-87	-8	3	-55	-76	97	8	-20	37	-82	-50	-69	18	94	51	69	-72	-23	47	31	-18	6	35	-93	-77	-80	66	97	-49	-94	94	72	49	10	1	18	71	21	-86	73	31	-33	63	36	-97	-24	-13	-39	-67	58	2	86	67	-7	-94	29	-68	29	12	94	76	-17	99	69	-66	90	-56	-6	47	-34	-92	6	-42	7	-15	-95	-69	-91	29	-45	-80	22	-51	-24	38
97	-52	-41	-91	79	41	-64	-91	64	19	59	28	15	96	-46	9	2	66	-60	-98	59	29	62	-9	-17	-55	-43	66	57	31	-24	-35	-46	56	-14	-15	-47	-84	98	-25	-26	-88	40	-32	-67	-18	-76	67	17	3	-72	-21	6	9	64	50	-12	37	-71	94	48	-55	68	20	25	-43	-85	-37	-50	-38	-94	-36	15	98	-62	32	-24	32	-33	75	64	90	74	82	28	-22	-66	-38	-35	-31	95	-37	-55	-89	91	89	13	58	-54	-34
-96	-62	-12	-88	30	-77	73	-60	9	-9	92	58	-13	62	27	-81	-29	-18	83	-100	10	25	-97	25	-39	4	97	40	4	99	79	67	41	24	-29	-27	-74	98	-58	41	38	50	-82	10	-88	-85	94	10	-64	37	83	42	7	1	38	-35	68	-55	56	25	-94	75	-32	-98	-27	92	47	-88	61	-8	-5	-5	-59	-94	77	-10	-20	-69	-45	-61	5	28	75	18	-77	67	-60	-14	-83	88	-87	-27	22	4	4	-34	-30	-91	-99	-35
15	-19	-75	-44	-35	76	60	64	-61	39	-39	-43	-94	87	-85	-18	78	24	36	98	-71	-77	85	-42	-32	2	12	22	-56	-63	15	91	-68	72	-93	20	37	-3	60	40	70	-15	-42	-73	-52	-74	-98	40	46	-74	-61	-60	-55	-39	83	-63	21	-47	22	-58	-93	58	70	94	-77	-2	-85	-51	-76	-77	33	-38	-26	64	-42	-33	49	98	-21	39	10	50	51	83	-24	-95	83	47	16	16	-6	19	-63	-53	-97	95	-51	-27	36	-84
-15	99	-38	-57	67	-62	-74	-93	72	3	38	-62	-37	-49	94	-11	-63	46	-6	48	-89	-22	6	-70	-87	-48	18	17	-52	-5	-10	28	35	84	-7	27	63	-42	40	-20	40	66	-90	-10	40	-71	0	-85	71	-71	-98	68	-12	-87	80	-88	-80	19	-32	-40	63	-62	60	-22	83	99	11	49	-82	-78	43	-85	-58	-62	-32	-2	29	-83	-3	-24	28	-31	43	-49	-97	-38	-34	-60	78	78	94	-84	66	-73	-27	75	70	-10	-75	-8
-1	58	8	-71	-14	-36	-67	63	-97	-42	69	-83	-45	-75	8	-16	-39	-48	50	6	-10	74	-77	60	58	-92	-45	-3	-13	8	38	-85	88	96	-64	-88	-25	80	9	-23	99	9	-75	-41	-46	-8	-33	-34	-97	-1	-24	-48	41	-69	88	-95	24	-23	34	-61	67	-9	-92	-27	20	-32	-53	77	6	13	23	50	-72	-64	-51	6	81	-2	45	15	53	-49	-16	19	85	-6	-8	75	-55	-34	-52	71	-33	-60	61	-7	63	-28	4	-87
34	-20	14	16	78	-7	21	23	71	-12	52	95	69	45	-68	-31	-54	-37	-85	-16	62	88	46	-6	49	71	55	31	-71	-93	12	87	-62	16	8	45	-75	-94	-45	69	-79	76	75	-73	-87	-75	-56	91	-71	20	8	21	-79	93	82	69	-56	-10	-33	70	-2	80	61	44	-64	70	72	93	-2	11	-11	-48	-19	16	13	-54	-7	-54	-9	-39	-59	-30	-99	-76	-90	-45	-12	74	-25	-3	-95	-98	98	-45	73	-25	-64	73	72	31
-17	13	85	89	39	6	32	-6	-29	-98	32	-98	53	63	66	25	-100	-14	-16	95	-28	9	-18	-32	-10	-51	55	-28	-13	-7	-57	26	38	-21	23	-47	16	90	80	-43	0	-67	10	-37	11	-4	-66	13	-28	38	-76	-12	-21	65	-6	-26	56	-86	69	-49	58	87	-81	-43	84	-39	-51	43	33	-8	10	90	79	-30	-6	68	-15	48	-84	-92	67	13	2	77	-46	-20	14	84	21	-25	-88	73	-49	60	-53	-93	-54	-40	-31	2
-86	-42	-65	-20	72	30	-95	89	62	-65	-80	-45	86	2	13	-30	-82	63	-84	-99	26	-81	-19	-1	43	2	50	-5	22	96	18	81	-93	-14	74	-28	-25	74	-10	-78	-34	-95	75	-42	-36	-4	70	92	-98	90	99	-42	11	-64	14	-47	1	60	60	-39	-98	12	27	90	-92	-64	31	38	-87	-35	-89	77	11	38	-33	95	-72	74	-37	85	8	78	-30	-41	-12	32	49	-53	-97	-83	92	-88	83	-67	-74	52	11	96	-30	-75
-91	-57	-79	-18	-62	65	44	19	-61	-90	62	-71	-59	7	-87	71	-9	46	-89	-63	-47	-98	-28	-19	-9	5	-94	5	-36	55	-93	4	-47	-56	65	69	97	49	23	-30	-20	-56	44	78	73	-82	21	75	44	12	-67	7	77	76	-89	-29	10	-24	89	57	86	-50	-78	-56	-71	83	-55	-84	-66	-26	49	-3	-94	-96	27	83	-97	-88	-73	-43	-7	52	46	-15	48	-83	65	-4	-73	34	-47	-98	-43	76	-86	-61	-22	-10	25	64
31	59	92	-35	-28	-47	36	-13	20	-8	-37	-30	-88	70	36	-66	-11	-16	-13	84	61	8	10	-61	-64	-57	-75	-19	-100	61	-5	-83	-28	-13	27	-52	53	-44	-39	-93	40	-23	-38	36	45	-47	86	6	-40	-62	-82	18	11	3	-59	29	90	-19	89	-52	96	79	10	-39	-99	9	71	81	-91	-51	-35	-15	85	-83	-30	-38	100	-62	-25	-74	-45	31	-92	-38	-83	-1	-67	-31	60	94	-25	2	-58	29	-90	-78	37	80	-17	14
55	35	-25	-17	26	68	86	-81	1	-78	-1	-18	60	93	-67	11	-63	-83	-19	-93	88	-87	-4	-4	65	-67	57	-89	94	-16	-89	-4	21	-67	-24	42	-6	0	83	-24	-49	31	83	53	-99	32	-6	50	68	17	-59	-38	50	19	-20	90	-55	-55	-62	-13	87	97	-4	-64	38	66	75	-64	34	-37	-77	-95	-85	-45	13	-61	76	70	-81	100	-54	-92	-74	-94	-94	29	72	-93	-73	46	21	-32	-40	43	75	-32	-10	77	-65	-12
56	0	4	52	55	36	-36	-3	95	82	72	-50	-46	71	94	-20	-99	58	-55	-28	-63	-68	95	10	-19	-65	-87	38	12	-25	46	-86	63	-5	-100	-77	-15	85	49	-91	-59	-94	83	45	67	-43	-87	-39	-57	-41	78	-1	-95	54	88	-73	70	-47	48	97	-66	89	-79	-23	83	-80	-79	70	-89	88	81	84	-27	61	45	28	-12	84	10	-78	9	-16	-11	64	17	39	19	14	50	45	94	98	89	75	23	-20	-64	52	-100	20
61	-23	1	62	-29	-43	80	41	-25	-69	66	46	4	12	89	-80	22	-87	-99	-25	76	-28	-92	62	-91	-33	-51	97	-98	-23	33	-88	18	60	16	92	-32	-51	36	56	-7	-6	-22	45	-39	-45	-2	14	-97	5	65	24	-48	46	74	-1	64	5	80	-38	-51	-91	73	14	75	77	-76	92	76	34	-29	78	80	-17	-56	-97	42	63	73	-85	7	-48	51	57	-32	-70	-37	-46	72	10	-12	69	-11	-34	-37	-80	-75	-99	-100	-47
-1	-59	38	95	-36	-23	13	69	-77	-25	-65	-78	-93	43	-55	98	42	28	-15	-66	-67	84	-33	86	40	-79	78	31	-33	-95	-2	16	67	81	18	-37	-18	-72	-95	12	42	94	85	92	60	41	-42	-81	87	70	-26	68	7	-93	24	11	34	11	63	59	-36	48	30	100	34	7	-47	79	-64	-80	-25	65	-86	-47	-20	-69	89	-72	68	52	49	64	66	93	53	76	57	73	85	11	-34	35	74	-83	-23	63	-82	73	-34	-31
26	-63	-8	80	-8	-84	70	89	49	-78	-99	49	2	-36	-85	-10	70	16	6	-91	-26	-29	37	7	2	-31	72	79	15	-52	0	18	-45	-54	-58	-73	-53	-9	-10	36	0	35	-82	26	10	58	68	41	31	1	-36	98	30	48	4	18	-39	-85	-46	90	99	2	76	-11	-79	86	57	12	70	38	-92	-36	100	-76	-24	-98	44	40	-87	64	-49	17	-20	-59	-34	-72	-23	-15	37	-81	21	80	-48	-76	-54	-56	-83	-48	-7	70
72	-2	38	-23	-54	-67	-31	-73	-5	54	-83	67	-79	91	72	-54	-43	48	-90	47	-83	64	77	35	-8	-54	-24	38	60	-16	6	-22	7	-72	32	7	-52	-85	27	-47	97	91	10	72	57	85	52	-84	58	-10	-9	83	74	-68	2	-38	80	-82	-67	-51	-91	-40	-62	-64	0	-37	24	-50	44	-91	-80	2	20	49	-27	83	76	-8	-80	-57	50	58	-49	-75	51	42	84	-3	-7	60	-29	-78	-95	50	100	1	83	-53	-68	-45
33	7	57	-69	-5	94	74	30	-84	-37	-43	31	69	14	52	-18	54	-86	-56	77	-83	-35	84	59	80	70	56	98	55	47	12	67	32	-79	95	17	-64	36	-29	98	98	31	-21	99	89	-84	92	86	8	-80	14	-44	-54	57	-88	88	-62	-70	-100	53	-59	49	42	-18	26	16	90	-77	34	-28	-68	47	64	25	-36	-98	82	85	66	72	-76	51	-73	20	23	65	30	-63	6	-94	90	-96	-47	-25	-45	-99	-82	-77	24	-9
-37	-62	80	92	12	-10	-97	70	-27	-2	-16	-87	92	-54	-99	-87	-63	68	-27	-17	-77	-40	29	-47	-89	-26	33	17	-77	-41	-36	-15	15	-55	-82	58	-46	37	-66	-73	37	10	7	-53	62	-54	-19	32	74	-74	52	36	-77	15	66	-50	-50	-38	-79	-100	-25	37	-30	-48	-46	-50	-27	-78	-35	-49	-96	-83	91	85	-63	82	54	94	-18	61	68	77	-44	-90	-26	85	-72	88	48	67	-3	70	41	-74	50	-16	-41	-9	11	-34
-68	-92	-90	67	48	-69	87	-1	86	-55	23	-29	72	-94	-98	54	74	-52	-39	-82	-57	-70	-12	-62	74	-74	74	-44	7	-10	-59	-75	25	21	21	60	-68	43	100	91	9	-73	-27	-83	-49	74	-15	-12	-61	95	-47	-22	32	56	38	-42	72	60	-83	67	78	27	-58	-1	-7	85	33	-80	21	20	56	67	-18	2	-36	69	37	-34	-25	-61	24	-7	28	13	29	-95	-35	-41	-94	87	-60	15	14	-3	72	59	-30	-74	-35	-20
-20	-26	99	-22	29	-22	37	8	-54	39	-96	93	-50	75	51	-69	-43	70	43	-42	25	49	-72	76	-92	-26	79	-29	7	-16	5	-64	-67	71	48	10	-97	49	65	-49	-97	-12	-55	67	61	71	-95	-69	9	87	-68	-85	-34	-69	89	-30	73	-93	99	-91	-36	-48	-92	-19	44	-40	-93	-1	-9	-69	32	-100	0	91	19	65	73	75	36	29	-6	38	63	-72	-17	89	-45	16	-34	58	31	29	73	-31	27	91	-8	36	95	-55
10	26	30	24	53	-48	51	60	74	-67	0	71	60	-6	4	13	-64	-92	37	0	-94	-48	37	-90	39	42	69	34	88	-10	55	-63	-96	79	40	74	-28	0	-68	13	-3	62	-100	35	29	44	-70	-44	-89	-13	1	-76	3	-86	61	86	30	4	56	13	-52	-47	77	57	35	-41	-32	-48	67	-93	22	-59	-88	13	27	35	-73	-66	99	-12	-97	1	-20	-87	-91	-79	-81	15	-3	78	-39	-35	-34	-20	99	95	-78	55	-1	71
-98	9	-66	67	59	-33	71	-28	-18	-14	-87	-41	52	14	27	34	-59	-77	1	-1	66	-77	55	-71	79	20	-41	-78	40	-35	8	43	84	89	37	63	-67	36	-63	70	-93	-16	56	-29	29	-76	52	70	-39	0	-5	40	-33	-55	-87	-78	-63	-1	-63	15	-64	26	-14	-61	90	15	39	-56	54	-57	38	45	71	-85	91	-64	30	-34	16	-90	-4	-12	-49	13	-48	24	-4	73	-52	11	-11	19	36	-80	-49	56	-64	4	-1	54
-79	-84	99	-19	41	-4	36	-84	50	2	0	0	-68	98	53	-4	24	-52	100	-86	-61	-81	54	-73	-94	-86	24	-40	84	89	58	29	-73	45	-14	54	67	-44	54	-95	9	12	-12	80	-8	-53	64	86	-85	26	-11	87	82	-19	98	-32	-84	-83	-45	22	75	35	84	15	-36	96	-25	58	86	-67	27	5	-91	-7	89	94	35	-3	-31	76	31	12	-37	38	62	62	6	-29	81	36	-8	0	81	43	-23	52	-77	-26	90	-29
