-34	25	48	14	-55	61	57	99	-5	3	-5	-41	-40	83	87	-87	-70	-14	31	90	12	-6	-68	4	-87	73	83	87	100	-87	71	60	41	38	-88	78	4	55	-85	-48	-21	84	23	39	13	39	88	-57	-8	-21	-50	70	-97	32	-88	84	82	12	-51	18	7	67	18	-6	-95	-74	12	48	-42	-20	-99	-87	-40	3	-51	74	-12	-27	-52	-6	37	-70	45	-45	-47	-88	-59	44	-9	21	-95	-82	-83	-39	-78	9	75	69	93	-79
-39	-62	-25	-44	57	-56	-15	-33	94	70	69	59	59	77	34	-50	38	95	-62	77	-66	32	-87	-100	-22	-18	66	-43	16	-62	-75	41	1	-92	-56	-56	60	94	-36	-60	75	-98	-5	55	7	-42	-61	58	60	11	-22	45	-2	62	32	-68	-16	-59	-74	-35	15	-42	-40	55	29	87	-60	93	58	5	-48	66	-59	-57	98	6	-57	84	35	-66	-43	-17	-63	2	81	-78	48	-59	18	60	38	-65	61	-64	89	-62	19	70	84	74
74	18	94	-81	25	61	-77	59	45	67	78	-80	-61	-40	-99	-31	93	-70	-48	74	-1	-62	40	-78	61	-45	-33	80	-24	-58	8	-42	-72	3	54	9	53	-91	90	94	92	90	6	26	62	-20	-39	-70	-44	31	-22	-13	-94	-78	88	82	5	58	-16	-7	45	-86	93	-87	-10	49	71	7	-88	-59	-81	-24	62	-79	-16	99	-81	-7	16	-56	-83	11	82	80	85	-29	53	-19	-20	25	-82	18	56	-68	-80	-23	-35	91	83	-95
-51	-22	84	-98	14	-72	-47	-17	33	-17	52	47	15	-94	-34	35	52	-100	30	-91	-27	-19	37	98	44	-91	71	11	-44	28	-18	-28	70	72	-49	-92	-74	-49	5	15	46	58	-87	98	54	-25	38	91	57	-74	-8	11	-63	-66	-1	-30	-39	-10	-67	97	-16	67	-15	6	-72	-71	-59	100	94	21	-22	14	-81	-98	15	3	-41	20	61	-28	-95	77	-46	45	-100	2	56	-52	43	-30	-86	47	63	-65	20	82	38	34	67	-76
14	0	23	33	-72	0	-54	-12	-62	-26	-32	-95	-52	35	-85	-9	-74	-39	57	49	13	40	-60	-43	-61	-99	12	2	-2	-54	-71	1	-58	-65	41	27	41	93	2	7	99	-61	74	-98	-15	-4	-68	76	-24	31	-35	39	16	88	-42	39	5	5	-63	-38	35	-13	-84	-47	39	-5	33	65	58	-99	37	-29	-48	96	44	-99	-65	96	82	-28	78	-83	-70	60	4	32	89	85	60	-27	65	91	-73	73	37	44	76	-73	-19	58
-59	44	-1	33	12	-95	92	-63	74	71	86	-80	27	-44	91	86	1	-79	47	93	-4	47	-4	64	-22	53	-21	34	-44	-6	53	61	74	15	100	-49	-85	1	58	88	-63	-64	78	-32	83	-41	48	-83	42	43	96	72	77	98	-1	61	97	-26	-40	84	-83	61	93	75	-64	-11	-7	-32	-73	47	-22	-54	-44	77	-16	-7	98	-51	-44	-10	3	-55	0	-91	69	-26	35	-67	4	78	-81	-83	-1	-91	39	-16	-50	-43	-92	39
10	-6	-23	-52	-69	68	99	-98	-94	-68	-89	-74	-62	99	-13	-62	-62	71	63	-36	60	2	38	-88	-40	-80	62	-21	-22	-81	-45	-57	80	65	90	79	-26	-11	38	-39	26	19	39	-13	75	67	59	74	40	86	33	39	79	-55	-1	-17	31	77	3	-71	54	35	-61	-25	-27	-90	-57	-57	-45	-40	-97	3	67	-23	100	49	42	20	83	95	-68	24	39	-9	83	39	64	-83	-9	-22	81	97	-66	-63	-31	72	-96	97	-18	15
6	-89	-64	-70	86	-33	0	-60	12	67	67	-67	88	-22	31	35	15	58	72	17	20	63	73	52	-25	-18	25	99	61	-17	71	82	47	-44	-54	-9	-74	52	-7	31	-81	12	-32	70	-81	-14	-98	-32	-79	-23	73	-28	-70	-51	-59	99	-43	-68	-77	95	-89	-4	40	-13	-92	5	-36	26	-32	-9	-26	-65	9	13	89	-3	51	69	-19	52	58	-14	12	18	-92	78	75	-65	51	26	40	-27	-90	23	25	27	62	26	99	89
22	-9	16	29	-10	-7	-83	58	-4	-31	-86	-87	-36	-56	-96	-36	-5	-70	51	57	-17	-88	-56	57	-30	-79	32	72	-59	-5	42	-68	-74	-30	-56	38	-26	-21	-22	48	54	-66	19	47	-50	0	67	-10	-69	77	33	-92	-2	71	-97	44	-94	-29	31	74	97	6	-38	19	-98	-12	46	-46	26	-86	-94	12	49	-84	92	-78	68	13	2	25	-20	70	-34	-54	-70	-96	-14	-92	-40	29	-65	-99	-53	38	-96	-90	57	41	-32	-35
33	95	69	-4	40	61	-77	2	14	-92	-2	58	51	-18	-39	65	-53	-89	67	-38	7	-94	21	-51	-58	2	-83	-66	71	96	97	39	85	-75	-99	-1	-72	59	60	-62	-23	89	-94	39	91	-80	-41	82	89	38	73	28	-64	11	75	27	55	100	94	99	61	-27	-34	-76	14	-78	30	-74	56	-10	-1	-4	-13	70	-91	-23	47	55	-88	-53	40	86	37	-75	84	-61	-4	-35	67	-74	-19	-43	51	63	34	-46	-48	34	90	34
-42	-82	100	-18	9	-79	61	-23	25	65	-30	96	-42	-83	66	48	-16	19	63	-38	51	-88	-59	80	-43	-58	-89	20	55	-7	-22	-30	-13	-89	-64	-89	68	-78	-26	-2	-8	59	-98	82	93	86	-75	45	-42	18	92	-8	-38	51	49	73	7	49	35	-75	-53	15	89	-22	-22	64	82	31	73	-34	25	68	-33	-37	18	53	4	-25	-66	65	-92	-48	-80	-9	74	-70	-50	26	98	56	22	55	52	18	91	92	-13	-43	-46	-26
-41	2	5	-63	-87	57	-73	-95	65	59	2	-62	66	-2	-61	43	1	25	50	20	-72	-52	16	-53	54	-16	-23	-69	29	-52	58	-28	-97	50	-12	-29	62	-4	93	66	74	-27	44	90	60	62	-16	-61	-49	-53	10	47	12	20	11	-12	60	20	-33	-28	-69	-62	-43	18	49	-76	85	-31	69	34	-24	-24	-18	33	-44	72	78	-75	41	-62	75	-57	29	56	-87	7	-16	-61	14	46	-43	46	-90	57	46	-44	6	17	-43	-2
-96	-22	-55	-68	25	-77	28	69	3	66	-85	75	-15	88	-72	-9	-70	-24	97	-21	14	70	75	92	24	-25	-3	-70	31	-83	-32	-30	-29	-68	-45	18	-94	29	90	-58	-82	-89	6	92	63	-70	61	68	-41	-80	-57	75	72	-98	58	-77	1	81	-4	-100	37	94	-24	49	-44	63	-95	4	83	80	11	-19	-7	80	-7	78	-38	-32	-77	31	19	-2	-23	-65	98	7	91	63	89	18	-56	66	62	30	-68	-88	-75	-17	-30	-75
-55	-97	-78	69	-26	-98	-16	-53	-3	-17	44	71	-16	-79	8	-96	31	-22	74	29	-35	52	-89	-52	-68	-27	75	-8	-19	86	-16	-5	-7	-54	-25	-22	-86	88	0	67	-60	79	75	-2	-60	18	19	10	-37	69	-45	-44	-58	48	100	-89	62	-14	-12	81	-24	-39	-15	-37	68	11	-72	-33	-8	-79	72	-83	7	39	90	91	83	-90	90	-28	-28	-55	-16	-29	-99	-82	60	24	-29	41	52	89	76	9	35	30	-47	86	7	-57
-58	-5	5	-63	57	-89	18	-68	-89	-16	76	-4	-53	99	-63	-46	14	66	-19	-63	-64	-62	58	-32	27	9	1	-20	-34	20	-52	42	-59	-87	-92	71	80	-33	-49	66	92	-70	-18	-37	-19	-94	-13	-42	92	-3	2	-76	-5	69	35	-39	48	55	-15	53	3	-82	-18	41	-71	-91	4	-43	-8	-48	-77	64	82	-60	58	-39	-27	-5	79	-75	-71	-43	-80	55	-90	-24	-58	-53	-1	-53	-35	73	78	-30	-18	46	-46	55	45	10
53	81	51	4	100	-45	99	-81	21	-21	62	46	-84	-48	10	-21	96	-45	-21	-45	-63	-96	-51	79	30	4	-66	-73	-63	15	-52	36	-44	66	43	5	89	-79	-1	-7	-45	-37	95	31	42	-29	-69	-78	20	-63	-29	86	-60	-80	-67	-7	-1	-48	0	-68	-10	-93	76	-22	-59	40	-83	-53	69	-18	-26	-67	32	-10	-22	45	35	-79	9	52	-86	-97	49	-83	-32	-39	-84	77	-18	8	15	-94	-49	69	28	22	29	-5	28	100
41	52	69	16	6	-35	-87	-57	-13	-42	-35	-64	-84	64	80	98	-66	34	-61	54	-89	-45	-29	63	71	-59	76	34	-76	34	-76	44	-14	96	64	-9	-44	49	-91	-77	87	86	98	78	-96	-100	57	82	-72	47	-65	65	-78	-10	98	61	68	24	-76	-12	56	-99	35	100	-39	-2	87	74	86	77	-44	44	95	-3	-57	-21	-48	-94	29	25	-82	96	55	-42	82	-52	-21	73	-81	42	36	-51	-89	13	-41	-76	54	-72	29	-17
-48	-12	28	-78	-12	-6	79	65	-33	27	-19	15	-61	-23	-13	-1	49	-25	-35	-5	8	-36	41	65	-97	-6	-52	22	-33	73	-57	26	86	63	-57	83	-82	-63	80	-56	-17	-12	-86	13	-98	55	22	-91	4	-71	98	-74	-22	-26	-76	-72	-60	15	21	36	22	-22	75	28	-35	47	51	-12	85	-48	38	22	65	-7	-83	21	-27	-19	63	48	-28	-27	47	-49	20	-100	-91	52	47	-34	-91	82	-66	-67	97	-80	88	-24	100	-86
-9	21	76	36	81	-25	-65	64	-16	-74	89	87	72	32	12	98	32	-24	-31	86	-95	-23	-75	-77	49	99	-13	6	0	82	-86	-68	-45	63	-91	40	0	-86	5	43	-56	42	-38	-33	-62	5	-82	78	-57	90	16	46	6	74	-35	2	9	57	19	-65	79	-64	21	58	-89	0	43	-21	-32	36	6	64	5	-36	-39	6	-53	5	47	-10	98	-85	93	-2	52	-48	-85	3	-12	-6	-61	87	-97	43	-41	-51	17	-21	-84	47
-35	-47	88	90	3	86	-29	70	6	-91	-36	-74	48	93	-98	10	64	25	-9	-7	-35	92	-100	67	83	-6	8	-21	25	0	-32	-29	-14	-57	72	22	-90	-27	-74	63	-19	-42	-75	91	62	11	-95	-29	-89	56	-21	-20	35	-52	61	63	-45	37	-70	77	-38	47	56	29	-29	-12	-10	-58	31	-41	-71	-90	38	52	-51	84	2	-22	-89	62	42	33	90	-3	2	-63	77	-80	99	86	-65	-93	-67	-86	-37	40	-47	-63	-94	77
-91	-41	-67	83	-6	6	24	2	15	-50	94	-56	-53	25	-53	22	37	31	96	23	15	36	-70	10	-97	24	34	83	-65	14	18	87	-35	-31	-39	-95	-17	-26	71	46	29	39	6	-6	-95	-69	-28	-48	8	-91	-50	-4	59	48	-31	73	11	-70	-97	-44	98	63	16	-74	63	-22	-3	-94	96	-52	-82	-100	52	20	-67	-70	84	-9	-100	-59	18	79	-64	-13	97	100	-86	69	86	-46	-83	6	0	93	-98	-4	82	-35	41	34
85	69	10	-34	31	-30	14	-50	46	13	-12	-15	-49	37	7	-55	-32	14	-8	-98	24	-72	-69	-81	17	3	18	93	-58	3	53	15	3	-52	70	-33	61	-4	5	-99	-96	-70	-82	32	-49	22	-22	-19	78	-46	20	77	-39	3	78	-89	13	-36	-45	7	-82	-57	33	-49	2	-52	65	93	-79	-24	-1	82	40	-54	79	-90	-7	14	-2	-91	-73	-12	-93	45	75	-69	8	1	-2	79	-60	-68	25	-14	57	45	23	78	37	88
72	-23	35	48	-90	46	71	87	52	78	-23	-55	100	-44	79	50	-30	61	-60	92	-58	-43	-21	20	-89	89	-54	23	84	95	-23	8	5	-68	87	-80	-38	1	61	52	55	-26	79	10	-67	-1	84	40	-93	35	29	81	46	2	-31	-28	83	59	57	-27	37	100	14	-57	44	70	-1	66	28	-34	37	81	-40	99	94	46	-25	-20	33	-44	63	5	38	100	-68	98	-58	-73	-47	-66	99	-77	-67	68	25	22	-72	-5	-67	81
-34	21	-23	-22	85	53	95	-42	62	-79	56	70	96	49	-54	96	41	-98	91	41	69	2	-84	46	80	-11	35	-40	64	56	38	-45	-94	-98	34	3	45	53	-10	87	-35	16	-45	15	35	-49	33	-43	-24	-62	-79	-8	1	-49	-98	33	-49	-91	-6	-32	-87	-54	-5	-87	58	56	95	65	45	6	80	-51	-45	-61	55	-88	-80	-35	60	-49	-90	2	17	37	7	-96	13	32	6	67	76	34	-77	53	-66	-88	-95	75	-64	66
-53	26	-27	1	-35	47	-77	-77	-65	29	73	-75	-70	-34	24	73	21	-8	78	-25	56	-12	22	37	-22	5	15	51	-62	97	-83	78	-79	66	75	9	58	89	15	28	-38	-64	13	-8	-18	19	-62	11	-75	94	-60	14	-38	2	-2	-64	-59	-61	-33	70	58	-81	25	-17	71	42	-76	93	33	-42	-81	74	9	-1	16	46	72	47	-75	-9	86	51	-72	-18	-70	19	-32	-98	4	-95	41	34	-55	60	87	-72	33	19	-2	83
68	-3	-69	-3	0	59	71	41	-82	-21	-27	-74	-50	22	-29	-15	55	87	59	72	-14	22	10	-9	-9	-98	90	-44	-92	79	19	32	83	-19	82	90	-92	-78	59	15	-61	54	25	68	-73	43	46	10	86	-61	-53	-46	-31	-46	12	92	-37	34	17	26	82	11	97	82	-75	-11	98	33	52	4	-44	72	-62	45	-21	-42	-77	35	33	-21	-41	46	-88	-65	-27	26	61	-40	-80	-4	36	-5	59	-55	14	-5	19	35	-70	-53
7	-16	23	74	-23	-57	92	21	-12	9	1	19	-15	-1	40	35	16	89	-6	-48	-18	48	-64	-76	-76	-40	22	0	71	-42	19	-87	-98	-72	55	-45	33	73	39	4	54	53	-7	-73	-23	88	-95	63	-39	-66	18	-82	8	-90	39	-6	-50	50	94	-38	-74	51	-29	0	-23	3	51	14	-32	13	94	-42	41	-25	-11	-74	95	4	20	-25	28	0	53	75	97	-94	-65	-17	41	30	-77	28	-20	-68	-43	7	-94	-37	-32	-17
46	-43	82	50	61	49	-6	32	-25	3	-14	86	80	54	86	45	46	81	66	-94	-65	-62	-17	66	57	-27	-95	40	15	88	-48	-22	-50	6	-90	-10	64	69	-99	69	-72	100	66	-51	44	-41	-41	31	-28	37	-96	22	22	68	-63	-12	80	-25	-49	-76	97	-98	6	58	-2	85	9	20	-92	2	57	64	-93	99	60	70	35	-79	-76	4	46	-74	69	-15	96	-14	58	-32	-64	91	-72	74	-96	-86	-16	-74	-76	-12	12	-65
11	41	-87	-13	-22	26	23	-82	96	34	-4	-57	-3	-43	72	82	-77	-89	-46	2	0	-86	16	15	-4	75	-81	-33	-77	11	55	-6	-50	-70	66	-30	85	92	-71	69	22	-6	-2	77	-87	-84	-29	35	-14	-72	-8	18	-34	-55	91	-99	39	75	16	-9	38	-92	-18	3	59	73	-92	-80	-1	12	-76	71	47	-2	-93	-5	38	-45	-3	-54	27	-96	15	-29	-21	-74	24	61	-28	44	13	-6	16	-19	7	-34	-42	38	78	-20
-4	96	-83	39	-76	-6	-77	85	-70	75	-7	-31	-78	94	66	-98	45	65	-38	86	33	-71	11	-67	-75	-40	-59	-72	52	-52	81	-29	77	-22	-97	95	-100	16	-4	-49	69	74	-90	97	-16	-6	-9	-63	-40	89	-93	-11	57	11	-58	48	-53	73	-13	-18	4	-16	13	90	-86	26	45	77	-78	-22	49	-39	-90	-10	54	-84	24	-72	23	32	22	26	26	25	43	-52	-21	66	-32	28	-5	28	-95	-12	-6	38	20	-30	68	-58
-74	100	29	-81	-18	4	-53	-37	25	-58	39	-73	65	53	-35	24	19	-96	-90	64	-14	-86	88	-9	-72	53	-71	37	51	83	2	-8	15	-98	46	-24	2	-73	76	-10	-22	-7	-1	73	34	54	78	99	-70	-57	-24	-40	58	-70	-98	-76	70	-61	57	83	62	-68	89	45	-28	-30	-15	-93	48	36	55	-4	96	-2	-2	80	90	-18	72	47	-25	42	-5	-84	25	-57	-75	72	-69	-2	-13	89	-89	44	-5	100	-21	45	21	-100
27	2	-45	-4	19	94	67	-69	40	4	-94	-25	-86	91	48	-83	-52	54	68	37	53	92	-7	-96	50	-25	77	-100	-51	-56	-70	-30	71	-75	-68	70	3	-17	24	-6	36	39	56	-22	-52	-65	-8	66	-71	88	-60	76	-51	7	-27	73	-92	95	40	58	82	-45	65	-73	24	-25	-15	-8	98	95	-57	-93	-50	25	54	-10	5	21	-46	-99	58	15	-12	-50	70	-59	-2	-51	-42	-81	20	3	-75	-39	55	-70	-99	50	41	64
-39	-73	13	-12	4	-11	-79	93	-45	-5	47	40	100	21	-59	-5	-10	-48	-65	40	-55	50	23	1	13	-4	68	86	-3	-84	-36	-97	-95	95	54	2	14	-31	26	-12	27	100	72	-94	5	70	-68	44	72	97	-94	13	-49	10	-51	65	-87	-60	-99	-95	45	92	-9	-36	90	92	-72	-61	50	44	57	-19	-71	-92	86	11	71	19	55	59	64	-26	-17	-45	44	18	-79	-68	5	-52	-57	-35	91	24	8	-14	45	-67	75	-86
2	18	-44	-14	-16	-21	50	-98	-50	16	-56	25	46	7	-20	58	42	79	-74	92	-69	-73	73	27	72	-12	-69	-49	83	-17	17	-35	-95	53	4	-17	-86	-96	-2	89	71	-36	95	-4	-54	-36	75	96	81	76	-82	-86	-88	60	91	56	-17	-36	47	-61	-98	-53	80	52	-11	28	-57	-31	36	3	-44	26	49	-36	15	-56	-32	-96	-91	-73	-13	52	82	-76	-89	-65	53	31	-59	12	-63	43	-38	-29	-73	-31	46	21	55	-37
77	62	12	84	63	-90	97	-97	-41	-12	-75	73	20	55	-26	-68	75	-90	12	2	10	-15	-31	-46	79	48	25	-14	64	29	2	-10	33	-89	83	-56	-16	36	-13	81	50	-1	-70	-78	-44	-5	85	8	-5	-80	3	-48	36	93	-31	-55	-72	8	83	-9	62	-39	-6	52	-16	-9	-27	99	34	-22	-100	19	72	98	-55	-47	76	88	72	-6	-70	78	-63	50	-51	-51	-90	92	-23	70	-3	-64	81	96	67	-78	30	-2	-83	-87
7	53	-20	-2	22	0	67	-23	-22	33	44	-7	-96	-47	-72	9	-57	10	42	-28	-70	88	-87	-28	56	-3	-11	-65	15	-81	-99	-28	-11	28	88	-100	66	35	48	-55	86	75	99	-66	25	10	71	63	48	-100	86	76	-1	38	45	12	-32	-75	92	70	30	34	-69	-49	-74	-90	32	-2	-39	19	-7	59	53	-34	-72	-38	-11	-63	-31	-72	25	-87	-48	-32	97	85	-29	7	-97	16	83	-85	56	-9	30	-87	82	-10	-38	33
-39	-45	-83	-8	57	81	76	-75	-52	76	-68	66	19	-53	28	-51	-84	28	11	-89	81	22	60	-78	82	37	-34	81	-82	33	56	-25	-7	5	29	-80	-74	85	6	-32	-98	67	-17	79	0	-62	-16	77	-1	28	-41	-22	49	-23	-10	-5	47	52	-79	50	58	84	27	-98	19	-55	97	-14	50	98	-99	-96	84	44	46	-62	-54	3	-17	-38	-76	55	72	-30	-46	33	22	34	14	24	55	51	-2	-77	-75	-70	38	-2	-9	37
57	-81	-90	32	96	-22	-1	27	-19	-26	-69	-80	18	47	-55	76	31	87	55	93	91	-65	-91	-2	15	-52	24	-98	-11	-45	-46	64	-73	13	-1	81	3	-85	97	-39	-1	-6	-96	-45	-93	40	-16	20	53	-72	81	65	-75	52	73	-1	66	-92	-8	32	-84	-45	-51	15	-36	-29	-31	40	-23	-5	24	-3	-21	43	99	32	14	99	-85	-95	-64	31	-55	71	-69	61	74	43	34	63	56	45	3	-80	34	-19	6	8	60	-33
-57	68	13	30	-69	59	4	14	-98	-16	43	55	5	62	-19	51	4	68	41	-28	-64	-65	-32	-75	-79	-14	-70	-58	91	99	85	99	-56	-2	-9	50	38	-1	-54	-24	-54	-30	-55	-45	82	-99	95	-61	94	73	27	-90	-42	73	13	44	94	-25	2	41	-29	-42	6	90	-68	-62	-14	-99	66	-36	-96	-3	-21	-54	36	-38	-17	89	25	30	87	-15	-68	43	-73	25	-64	94	-23	44	-47	18	92	-55	-72	31	83	58	-76	-87
74	72	-99	-67	-75	21	67	8	-23	-15	-53	-83	89	88	25	64	96	-80	61	32	19	24	-70	5	52	7	-73	10	-66	93	20	91	29	96	-14	100	-5	84	81	-69	-41	10	-72	29	-61	-22	-5	1	-19	-32	-38	89	42	67	-27	-99	20	11	40	16	-47	37	73	33	-47	-92	95	91	-27	48	-23	60	-15	72	100	-36	-9	-93	-19	34	63	12	99	-93	-14	-74	4	-89	14	37	22	86	6	-1	93	100	72	80	-37	-100
-41	52	2	-1	72	94	95	-5	-12	-92	-91	-85	-10	13	-48	35	-44	23	64	0	34	28	19	43	56	79	36	43	83	49	34	-35	-70	-73	-75	-78	77	-57	32	50	62	-78	-8	-17	77	-24	-78	41	77	81	-31	-76	-28	-16	-79	-5	-5	-54	78	-24	7	-30	-59	-42	16	-52	-68	-2	-59	81	-85	19	0	-53	-24	82	-39	71	64	86	8	-78	-45	-92	35	35	-77	-33	-65	-60	50	-39	66	41	21	-17	77	69	90	55
-77	-20	43	-30	3	-76	-36	2	36	-92	16	35	79	-71	-22	39	-60	11	84	6	60	81	-29	65	-25	-14	-68	26	21	7	-14	-72	66	27	-22	97	-40	51	-25	-2	-52	22	-78	-51	60	21	82	40	34	42	50	49	-76	81	-32	30	77	-88	-100	-96	-69	40	2	-48	14	75	-79	-89	59	-44	4	-100	-32	-66	-98	6	-43	-74	45	0	59	84	8	11	35	91	-55	86	-41	34	-85	15	70	-57	-65	47	-63	-76	-71	27
53	84	7	84	-65	-9	-68	14	-90	74	33	-15	-75	87	11	87	78	66	27	-61	42	22	9	60	74	-63	-68	87	-34	42	-44	50	-32	29	89	38	19	-32	43	79	-10	-50	15	-85	-40	-38	89	67	-97	49	-24	-73	-95	-84	-28	-34	73	30	11	-45	-19	-6	22	-64	93	35	58	-65	97	-72	97	84	-72	68	80	64	-21	71	-66	40	-60	-83	38	-53	9	-46	-97	74	82	-69	94	93	37	39	-90	-23	47	-6	-82	49
38	-65	-78	-12	-19	-56	22	21	-9	-21	87	51	69	-38	13	17	-94	78	19	-100	-65	-56	20	72	-70	-86	62	24	98	36	-6	-2	51	-66	65	2	30	-5	-24	45	-68	45	67	-86	93	-9	-2	36	15	67	92	-57	-17	-28	-89	71	52	8	16	-89	-35	-90	68	29	77	-41	83	80	72	50	-74	7	60	-85	-43	-6	89	-71	48	19	47	-65	-69	-36	-100	-12	52	22	61	31	-46	-18	77	-59	-39	-13	68	-81	-32	6
-94	-7	-49	-82	-27	98	-35	25	-56	70	-22	-18	34	31	55	-5	80	-95	36	35	56	-15	67	21	36	82	-56	91	84	98	-24	-38	7	-43	20	-50	42	-20	36	7	94	52	90	-27	78	1	-18	64	-42	-59	38	-69	94	-46	-65	-8	19	-9	55	-44	51	-69	-79	19	-2	88	57	33	-32	14	-15	-41	-19	95	-80	-75	89	-77	-40	-79	97	55	-96	-20	95	14	9	-79	-23	30	-27	85	-18	-27	-7	46	64	64	-88	71
1	-80	58	-51	-17	-23	87	-59	27	-52	-73	-21	76	-7	85	26	80	93	41	70	89	96	30	-9	7	66	-100	77	65	86	30	-49	52	41	-30	-82	-31	20	35	-65	36	39	-67	-94	-47	99	-86	59	43	-54	-43	-21	49	-17	91	-27	54	16	95	96	-86	-22	-84	-57	66	-66	-86	82	7	77	69	-43	48	-88	15	90	-87	-99	-82	-71	-27	13	94	48	-33	88	92	41	-72	-11	15	-8	88	52	59	-80	-30	17	-96	52
-63	23	60	-3	-44	-90	97	-54	53	25	-1	-4	88	97	-25	-82	46	27	-32	-35	-78	-69	-1	9	-97	-93	-37	91	75	70	11	-55	13	92	-91	-63	-81	32	-26	-36	94	-90	-30	94	-78	66	-30	71	88	-36	74	96	47	-52	95	-46	74	-25	50	-64	-70	71	33	23	46	86	78	-12	80	50	80	33	-45	92	38	-37	63	26	44	61	-50	36	54	-85	52	11	62	-57	-22	2	-79	-92	-3	-2	-28	76	-96	-84	-7	-5
27	99	-100	-43	-42	-68	61	-44	-62	24	-41	-24	83	75	63	7	-65	83	81	-3	-100	30	-13	-8	64	-52	24	-47	17	-23	57	-4	-75	-38	-82	60	-72	-87	-1	-79	-53	-99	32	97	-81	-100	82	66	82	-30	47	-21	-96	-63	5	-35	-31	84	56	-20	22	-1	-72	55	94	43	41	42	44	-60	6	76	-43	-84	-16	-39	-10	-6	-97	-4	74	54	68	-8	-21	78	-66	-36	-78	-7	75	81	93	-57	76	71	-21	92	15	-71
82	30	-78	49	66	15	89	35	68	-68	16	-21	73	100	-34	-48	54	14	57	-34	71	93	-17	-77	53	-97	85	-88	-78	1	-99	76	-46	66	-21	-17	80	-60	-70	-84	-95	-2	-63	-4	8	61	56	18	63	63	-90	-69	-34	80	-63	-88	-13	13	83	15	-98	21	83	65	-12	-77	-18	94	-53	94	71	31	-21	59	54	49	31	3	-14	7	-35	-25	-39	7	-20	-58	49	58	99	12	-38	63	-53	27	-87	4	-12	100	-49	44
-93	-46	87	46	8	-19	-33	32	-21	-46	-65	80	67	51	66	13	88	65	-33	-36	63	-85	-4	39	-39	32	-85	52	-55	83	-91	55	-21	-44	-2	84	95	64	73	33	-58	57	57	-43	67	-89	-73	20	39	49	-5	26	5	-84	49	35	66	-59	-70	-52	41	-83	-73	13	45	26	-2	24	-74	78	55	95	47	-20	51	-12	99	23	95	-81	-84	20	-58	-23	-21	87	34	22	3	-88	42	-76	-35	-90	78	17	55	39	-35	-41
98	-53	-61	68	-15	38	-78	-41	34	15	-43	-31	-69	41	-78	-77	7	4	52	9	62	30	-7	-97	38	34	-81	-53	76	30	-74	80	-52	-38	8	-94	4	31	54	-43	88	-15	-13	-83	-97	-22	40	-28	-42	58	62	36	-84	-59	23	-62	-66	-29	43	-38	-95	89	-46	-24	-26	-82	85	93	-57	61	77	22	16	-55	-60	-36	56	67	-39	-15	-81	-14	83	-28	2	11	-70	-53	90	87	-44	13	42	-72	-35	31	46	-32	12	-27
-92	-3	-18	80	-19	-17	-70	-93	49	-63	-95	11	60	-4	47	14	32	-48	-98	34	-52	16	64	-74	-33	28	-31	78	19	-65	73	-50	22	41	-47	-70	83	-73	17	57	-55	-19	-96	64	89	30	42	99	5	-67	98	82	-100	9	-97	-79	-66	58	-57	28	67	77	-44	-61	-35	74	-72	-25	51	88	-47	-83	-32	72	73	26	-77	-80	49	-46	48	-22	-63	-19	17	-97	52	42	-79	37	-92	-11	25	-23	-54	-79	-34	53	59	13
85	45	90	-60	57	63	-59	29	30	57	-93	-53	33	-26	-78	-9	-84	3	80	-20	99	37	48	93	95	-11	17	67	62	-59	-24	-83	21	-12	-23	36	86	78	14	-17	-6	28	-47	-61	-36	15	72	-57	-99	-64	-10	-80	-78	27	76	48	94	80	-36	-27	-5	70	-54	89	-3	77	69	91	11	37	-93	-3	-9	22	20	-76	-35	-73	-47	-15	34	-100	-37	-8	-27	-71	-68	27	-38	-29	-72	12	35	52	63	-1	94	44	82	81
46	60	34	-59	63	-75	-45	48	-31	-39	-57	-46	-32	-80	88	-32	-98	-24	50	90	-46	-79	-7	-47	88	86	69	-97	-75	-6	82	64	-58	-82	-46	61	61	37	33	95	-32	3	16	-34	61	-59	29	-75	32	-76	80	9	24	93	-5	-68	-6	99	-12	72	-7	20	-82	10	61	-76	90	34	-91	4	29	21	-4	-70	100	-13	-61	-73	49	25	12	-85	-44	98	31	89	60	-66	58	-71	-75	71	-65	33	-2	-74	-46	9	-11	-85
99	-53	15	-2	96	-39	-56	25	-37	-61	-7	6	-29	47	-53	-24	6	-29	53	-23	44	-84	73	-1	71	96	67	90	-50	-60	-4	86	-53	-31	65	86	50	13	100	-84	95	27	73	65	-14	-3	98	60	-86	-2	98	68	-18	66	-90	8	-41	13	-87	5	-82	-13	26	76	-70	77	-41	58	12	-99	65	19	-21	48	-88	7	-28	54	91	88	58	97	-13	6	-94	-85	95	74	81	87	-54	31	56	-93	-76	86	40	84	-50	34
-99	46	-82	-41	-57	-70	-94	-35	77	-74	-15	71	69	7	-89	-60	-60	-69	64	-8	-68	-97	72	-94	-76	-38	22	23	-3	24	-64	11	48	97	94	19	-11	14	61	-16	36	-58	-86	-89	-80	-62	-1	-72	-47	-36	73	18	-100	-88	-37	-32	-93	81	-19	-71	21	9	-95	15	84	31	-88	16	33	37	-61	-100	-50	18	-29	-15	-51	-67	-43	-84	-35	-54	-25	-49	98	61	-80	-39	-98	-92	-67	56	-20	84	-81	-93	-93	-82	16	-73
57	35	31	-91	-17	11	-41	-3	-97	22	-58	-25	65	85	32	-4	-60	36	-81	78	3	60	-13	-64	96	66	73	77	-70	-21	75	19	76	66	27	-62	-20	-63	9	-70	-97	-82	-4	29	15	-22	11	-95	-47	-78	11	71	-76	-5	-2	-29	-70	73	-69	-51	72	-40	10	44	99	-71	37	-67	-75	90	-96	-96	-86	-5	-70	-97	77	-84	39	76	-2	15	83	-42	-18	38	71	1	-28	-35	52	1	83	-70	70	-52	1	-65	-25	72
-60	70	-26	-66	81	67	16	-89	-28	40	68	-2	-19	-27	-60	96	11	-80	94	86	1	72	100	78	-21	36	-29	8	-25	79	-3	5	75	-49	92	74	-10	30	-39	4	-68	36	15	-96	-38	50	64	58	-30	-29	-42	-18	90	64	-70	48	-12	-94	17	39	32	-46	-68	-32	0	62	-90	-21	-75	-62	-5	26	47	-84	86	-75	74	-52	-57	76	92	57	68	-51	30	49	78	27	16	-94	46	-20	-24	-24	-29	-30	14	-98	36	-40
93	-2	-49	-100	32	79	38	17	15	-23	13	85	-4	-64	63	1	-69	9	69	-20	-34	47	15	-84	43	-25	58	-31	26	67	27	-92	-98	3	17	42	-49	-80	68	92	67	-94	54	-41	-27	100	-15	63	16	-22	-4	50	6	19	-23	8	31	5	47	-61	-88	-85	24	65	-13	59	-85	-27	22	100	33	-80	-71	-52	-55	1	-10	83	84	26	9	-62	90	98	-52	57	100	44	47	-17	57	-42	-88	-32	84	-80	77	73	-16	-87
74	93	-63	91	-53	65	71	59	-7	-70	8	-87	94	-64	28	23	-49	-23	-84	23	49	49	6	0	-93	-94	-11	10	-20	-68	-45	66	17	-51	15	-78	84	-56	93	47	80	-74	35	9	12	-66	-82	86	40	67	87	-94	-65	100	49	73	-53	-57	74	-25	-70	88	100	32	31	-25	-33	-38	92	57	74	-18	93	-12	11	-22	15	-73	-98	19	-95	-64	-91	82	-39	29	-7	-100	25	58	22	-85	-37	26	49	-83	-100	-92	46	-33
-17	-43	16	26	7	0	-85	-74	91	-55	-40	74	5	15	67	-75	-96	66	97	-12	-52	-82	56	-66	19	59	85	60	-85	-49	24	100	-84	-52	12	-64	-8	1	-92	-93	25	-37	87	-52	53	46	99	83	-15	-63	3	-9	-34	57	-27	-30	41	44	87	44	35	-71	-29	84	-86	98	-2	-42	-49	-14	39	-14	62	-95	7	63	-28	-47	8	-28	-29	-86	77	-75	-46	-97	50	-89	-59	-47	82	-69	-27	3	-12	83	20	92	-52	32
-41	-40	15	79	30	-52	-54	-25	29	-22	-37	69	57	68	-7	21	-97	13	-91	-23	79	29	-74	-72	-40	1	-1	-9	5	78	6	-3	49	71	70	-99	-7	55	-44	99	-93	-55	-78	-38	-13	-47	-54	99	3	90	22	-6	-15	27	23	48	11	95	58	57	-55	-51	-92	-76	86	-93	-83	-24	-54	44	86	73	-94	-8	85	9	56	86	5	-10	-27	-59	-25	70	-6	25	-92	24	-31	2	47	-48	23	-41	62	78	100	-61	84	-5
82	75	99	40	27	34	-72	25	69	-94	-68	93	36	77	-99	-64	-76	-94	21	28	68	-89	-88	-78	-47	32	10	-92	-37	75	-8	21	40	78	7	22	14	-68	7	-37	-98	52	-26	-59	-95	72	-57	98	2	27	-20	23	83	-38	-39	-89	-78	-31	-37	-79	93	73	39	36	-100	-82	-75	-6	14	64	37	32	-82	56	-21	-81	-39	-73	-34	74	-92	-2	7	-33	28	-41	-31	-65	95	-54	53	-6	89	-74	14	73	96	-19	-77	83
94	-80	-15	-58	-69	-59	50	31	79	-93	22	24	-33	-70	52	36	81	-47	76	80	58	12	22	1	-47	-60	-19	-61	26	77	5	-87	5	74	33	-61	-89	-26	-65	69	31	0	-25	36	-7	82	95	-55	64	-7	-67	-14	81	7	29	34	-97	84	18	24	-44	25	57	27	-50	99	30	89	38	99	85	-88	-7	22	-52	-48	-18	24	-71	95	27	-81	-46	-39	10	11	100	82	17	-92	-73	0	8	-57	67	-5	-32	-59	24	42
94	7	-35	45	48	-46	-33	49	-50	-32	5	-100	-3	-64	96	97	-36	-97	-65	55	-28	45	14	-44	-70	-73	-62	20	-86	-60	30	54	-23	-54	-38	20	-29	2	69	-25	-31	89	-29	3	-97	10	-19	98	-32	-16	39	-99	-12	69	58	-27	19	31	-17	56	42	-3	-61	42	44	-63	35	9	-42	-92	63	-54	-16	-69	-98	-14	-96	-95	79	65	53	-50	76	34	-68	-27	50	-57	-79	-11	90	-96	-72	-78	78	82	42	-78	-54	49
88	-37	67	78	-94	73	-87	-92	-68	-90	8	-2	-26	-22	-12	46	-43	-97	90	-82	38	-59	23	24	-35	58	-22	-46	-68	15	-99	43	11	-51	17	-55	-50	-91	-89	71	51	36	61	-57	-41	18	13	-43	-67	87	-79	57	-36	-4	62	63	-10	-55	58	27	-76	25	-21	-87	-80	-5	89	-91	31	-31	71	48	51	59	43	37	-96	74	99	-15	11	77	55	-17	49	46	-24	14	25	-72	54	68	-34	95	82	-74	-65	62	42	63
75	16	27	-57	96	69	24	-16	-29	-9	-13	-5	-12	-7	89	90	-87	80	59	44	-43	-67	-89	50	9	-62	-43	-64	20	-84	69	-7	32	14	-59	-52	-41	-32	-3	39	27	-43	60	-52	-30	-13	60	-35	96	20	86	38	-2	35	85	-96	38	-71	-65	69	2	74	-58	-42	25	-19	18	-39	-73	-47	87	-10	-40	-77	81	-84	51	-9	-57	96	67	68	-64	-75	49	71	53	90	-92	83	34	-52	100	83	-85	80	-77	37	-61	-55
86	-95	17	1	-27	-94	-99	89	-4	-60	-97	-86	-21	93	87	-82	38	-45	17	33	-1	8	-78	-39	-63	77	-21	61	-91	-96	-58	76	-17	94	97	-57	-94	61	-52	50	-57	-66	93	-41	36	95	-28	19	46	-14	56	-6	83	-84	-4	73	-67	72	-96	-5	-30	-12	-58	32	62	1	96	56	-99	-24	20	30	18	-45	-78	50	52	-63	-57	20	-50	-87	71	-58	6	89	-68	-20	-93	-12	-70	-33	-97	-90	90	39	6	-77	-83	-16
79	69	3	36	-47	66	42	-1	-37	-82	-58	12	81	-76	66	-8	-70	78	96	-71	-17	-11	-23	2	52	49	-84	-75	-30	72	54	-95	32	89	26	58	-95	-57	55	-62	83	96	-81	94	31	-92	-37	13	-22	13	75	-69	-82	-19	-11	-99	70	7	11	-59	-52	66	82	5	-99	-1	-42	19	47	-9	12	40	7	-18	-80	-89	-100	0	-58	-99	5	83	11	81	-37	62	-90	41	-85	91	-3	-31	21	-39	98	-87	-52	87	73	11
-12	38	-38	-66	94	26	-96	55	-61	91	53	-4	58	-41	-17	41	-5	-96	-82	65	60	-41	98	7	-82	15	-16	13	37	-44	73	0	-51	-39	41	-9	12	17	57	72	18	-69	52	37	-52	85	32	58	27	-14	71	53	17	-21	-11	26	37	-57	-50	13	29	60	-93	68	61	36	28	52	-66	82	-54	-79	58	87	-73	86	0	57	47	-92	-10	79	-33	94	-57	11	28	-35	6	1	17	-20	14	96	72	-56	-9	-70	-5	7
-58	81	-36	75	82	-91	39	5	53	44	-21	41	-86	-10	16	-24	55	-32	-87	-52	48	16	-62	-18	86	59	66	45	-33	-88	-56	-50	-86	-86	-94	98	-42	-54	9	-36	-54	96	-19	-4	-27	57	-23	-91	-91	2	-100	61	-19	-6	57	-41	-35	18	-29	-49	3	-81	-54	11	-32	14	85	-91	87	47	-81	11	53	-3	88	55	22	82	33	55	-7	-12	-10	-91	44	-26	20	-87	8	6	-71	-62	-62	-90	82	-70	17	-42	-38	71
-65	30	-95	77	12	-89	49	-79	-82	-49	3	-75	-16	-31	-53	93	-42	-45	-18	-26	20	-98	-49	-75	8	-60	80	36	10	47	63	78	-17	-17	12	-8	-63	-62	44	77	8	96	-53	39	-20	-89	93	42	74	-2	-96	-65	-30	-29	17	13	23	81	36	-13	44	21	83	47	-42	-40	54	36	-50	58	-42	-37	57	97	-23	88	-31	-84	21	30	21	2	-30	-1	-1	53	22	-15	61	84	98	48	-94	-95	54	-89	91	-14	-24	57
14	-13	22	15	-38	58	49	73	30	-32	69	95	77	-73	-97	72	59	-28	93	77	51	-92	-20	28	81	32	-26	93	-46	-80	-2	-34	37	-30	-40	-63	91	-74	52	-71	-88	-6	-61	-91	24	-50	-39	93	53	-47	71	-21	-71	51	12	49	74	50	-78	-96	-9	0	-11	36	93	73	-68	3	63	-54	95	-52	69	94	100	-23	97	-9	-24	23	-67	-59	73	-92	38	-64	2	-12	55	-54	75	-11	-37	38	80	34	97	-39	46	35
7	-63	-15	-26	48	-99	-52	37	-13	76	-15	-20	21	-23	33	-99	-24	-64	-93	78	-41	30	2	41	4	-75	18	-95	-60	-19	-59	-81	72	81	-84	-51	-37	20	39	-97	-48	-75	-63	76	0	-90	52	36	-29	16	-4	-66	34	-52	-1	-12	-50	-16	83	96	11	36	-57	-9	-43	37	-59	30	63	35	-95	-15	34	29	10	-98	-18	76	-63	35	47	-88	-58	13	-39	84	-13	79	-26	-58	67	-49	0	71	-74	55	-58	-4	71	-77
-29	-61	83	-16	65	50	-12	-28	86	25	-83	-81	-93	-19	75	-48	-96	1	7	-29	-75	-35	37	-81	-69	32	23	-44	9	-40	89	10	-98	-77	42	-74	-16	22	40	-34	-71	88	20	-76	49	-29	83	47	7	24	55	33	-79	-21	-2	60	85	-95	-24	72	-69	32	30	-74	12	-57	-17	-3	72	11	73	-86	9	31	17	-23	27	54	39	31	-90	22	-4	59	54	-20	-56	15	-98	-26	-11	87	97	32	91	-27	61	-5	45	50
-97	-50	-47	79	-70	28	-85	72	1	55	-44	-12	-58	77	-77	-80	-92	-46	6	-4	-14	-27	-46	-5	42	8	20	82	70	81	-70	76	84	74	34	-18	-34	29	25	-89	-18	26	-32	94	-36	85	85	89	49	36	9	67	2	18	28	1	-63	11	-20	69	-30	36	-76	2	-85	5	29	86	100	83	90	-59	-8	-44	85	-94	-89	40	-87	89	17	-54	69	81	-49	-66	85	21	69	-1	86	1	-76	21	81	87	-49	2	-11	-50
88	87	59	-75	-66	-81	49	95	56	56	-77	-86	-62	63	23	36	-39	81	83	86	-71	-91	-21	2	-61	-66	-1	67	-45	62	52	76	96	-59	58	60	51	56	47	-82	41	98	42	-73	2	-27	-82	-83	54	-100	64	63	58	-38	-4	-79	-77	61	-20	-59	-50	93	-68	19	92	91	27	-11	-11	76	66	-81	-73	-97	-94	-83	-22	-48	58	-6	-4	36	49	-96	-37	-11	-49	-61	23	-41	16	-63	14	-20	-55	-70	-89	-41	-66	54
52	72	13	90	49	9	77	47	-55	-22	-82	-91	-34	-44	-89	-71	-86	88	-97	-54	-9	9	-48	47	66	84	58	-43	43	13	49	2	68	-73	76	-55	-95	100	20	79	-63	0	71	-13	42	63	59	82	-80	27	62	53	51	-46	-11	-27	-47	36	-60	-29	75	58	94	-94	8	-5	48	71	-78	73	50	-6	64	-79	86	-79	38	63	14	80	-83	98	14	-90	-12	24	-15	-9	37	-81	3	-62	76	-13	-76	-96	41	-38	-72	27
96	65	-52	-86	79	-51	-1	-28	-34	-27	29	14	-65	15	82	-23	-76	66	80	-12	-97	36	-45	-46	-80	42	-77	8	-39	69	49	-60	-62	14	-92	-26	-17	21	-28	67	47	92	-22	-86	41	80	82	18	-37	-20	-31	21	-42	-84	-76	42	-48	-67	-19	8	4	33	-44	93	52	83	-39	87	-68	23	-39	92	82	-92	-2	26	-57	19	99	48	77	17	54	59	-21	-27	43	-65	-35	13	94	-13	-43	88	71	65	-8	-31	34	70
-20	100	81	9	72	88	-91	-80	-40	50	-23	83	-57	58	1	-60	-52	-99	64	-93	7	-28	52	94	10	-29	-65	-46	69	-22	-37	-67	48	96	47	6	-12	-88	-34	-48	-76	-35	52	-69	73	-62	86	-56	53	62	-41	14	81	13	12	19	-38	-90	93	41	61	-45	-52	47	-64	-76	-34	-40	-55	74	-65	60	-58	-1	57	35	-17	72	45	31	63	-32	-67	-85	-39	-95	-2	48	25	-74	57	27	-24	30	-13	-1	-99	-77	-46	-88
75	-43	81	-96	-22	78	97	-41	50	-81	12	95	90	-77	-42	-60	78	0	32	27	-76	50	5	97	79	68	-30	-14	47	43	-55	69	-78	-46	48	-85	-46	-58	32	-13	30	93	27	16	-80	-45	-80	-68	-62	41	50	-80	-87	27	67	-83	-32	11	-3	-57	42	-1	96	-98	-23	-52	12	9	28	-34	-82	-85	0	-5	95	39	43	43	-50	-24	-52	-89	-61	0	-81	-28	51	16	-23	-98	-19	43	76	16	-18	93	-97	-36	-2	-42
22	65	-61	14	-49	-51	-10	-58	30	55	6	53	3	-65	10	-61	33	30	34	68	2	-53	20	-53	60	-83	7	-37	10	-14	-47	-60	87	-71	-61	-15	33	-96	3	-7	-81	-17	93	19	-29	-23	-31	79	36	48	41	30	78	32	3	32	-22	-20	25	0	50	30	94	43	-74	82	57	-7	-32	-3	-88	84	75	-99	21	22	59	94	66	-61	27	100	78	-93	79	-4	-25	-96	-9	-39	49	-84	90	-12	-85	-85	-99	16	63	-13
-74	83	-46	-16	47	-44	74	31	39	52	24	-59	-50	-3	-13	61	19	-22	-40	88	-81	-93	-11	-35	23	-88	-60	-53	92	25	-21	88	42	-16	-26	-84	-24	79	-7	-90	98	-29	-99	1	89	61	2	-97	25	-33	-98	0	-19	70	-84	76	93	-89	-90	-94	-51	-45	14	35	60	-78	-88	100	84	-65	39	31	65	74	-74	-65	100	46	77	75	-68	1	66	31	-27	4	62	91	-53	-78	42	-61	-12	72	-2	30	61	-1	10	-5
67	-4	49	-23	-53	93	46	44	64	42	23	97	-7	-62	-34	-36	-95	22	39	-43	-14	54	-61	1	14	63	-32	4	-77	43	-16	73	100	63	48	40	-37	90	-72	74	-5	91	-17	-99	75	39	48	-81	83	-4	33	-33	16	-59	-5	85	-20	29	48	-99	-72	-7	54	5	-55	99	-11	-75	-77	87	1	-7	-51	-29	-82	-67	-77	42	19	64	-31	49	78	-69	49	-83	55	-87	19	-83	-51	-94	-13	-10	9	-34	49	100	60	17
-87	-71	73	11	-83	-99	66	17	-56	62	28	54	17	-30	-32	-50	50	76	-7	82	-48	15	-46	-27	39	20	0	67	-76	79	-23	-42	-66	21	-84	-4	69	-25	-34	63	-37	24	-22	28	-36	-10	26	17	29	40	-9	-60	-96	-65	70	38	56	-75	-77	-93	-21	-34	-56	56	-90	21	-35	42	-26	-4	8	53	41	-69	98	29	2	38	-66	-44	20	28	-92	72	-62	-84	-80	-56	-84	60	-91	4	-55	48	24	-87	-61	82	15	-52
-52	9	94	-67	-83	79	59	16	-61	7	35	4	91	-65	69	-100	-95	100	-48	-88	-21	-4	-57	-62	84	-84	-37	-80	-80	-93	97	25	96	19	3	-3	69	24	67	45	93	-7	-99	45	-78	75	75	-32	-22	61	-62	-30	89	-59	-67	95	30	-91	-27	74	-66	-14	34	14	-91	23	-88	3	42	33	88	-21	-32	-13	30	82	95	-73	-34	-11	10	53	-46	-34	7	-52	63	-52	-61	-11	98	35	40	33	30	-1	-16	95	30	-55
-26	22	-73	-80	67	-59	-89	-24	62	-84	-16	-48	-24	-20	-89	30	99	-1	-87	47	-28	-54	-37	77	86	-95	3	-42	-87	99	89	-21	-8	24	-86	20	42	22	-78	-20	-14	-67	93	13	-41	45	-57	-66	3	97	-37	18	84	17	57	-18	-53	10	88	14	-45	42	49	74	96	14	3	11	-87	76	14	29	-81	-87	33	27	-12	62	7	-63	-52	27	-74	95	25	76	-51	-12	-40	55	9	13	-62	75	26	29	-31	-23	46	-6
-69	22	-60	50	34	83	-59	-23	-68	-63	89	18	-74	-15	-27	44	60	-1	74	-11	-9	-34	-87	17	17	76	66	71	94	78	-68	-70	71	65	-50	-80	-91	18	-37	59	28	74	17	-26	57	16	-41	68	74	59	-66	-3	55	-23	-18	-78	25	-28	-99	-8	-34	-3	-53	-50	19	81	-78	54	92	-88	65	-24	-15	-71	84	26	29	-49	84	25	-92	26	21	72	78	74	78	-74	-86	87	-99	94	-45	-7	-9	74	-69	93	-30	-84
-26	49	43	-83	5	34	73	57	-98	-98	34	-14	-18	-50	-15	40	73	38	86	84	-89	23	66	68	-22	72	60	40	-79	-89	-99	-80	43	18	-37	-93	-52	-99	-30	-16	-59	34	29	49	51	-44	-89	61	10	-28	-64	86	86	43	-54	0	53	65	29	-10	-44	6	94	86	58	85	62	69	14	-31	33	-61	-12	-15	78	21	59	-20	-99	88	-99	-9	18	14	-11	-94	88	-32	85	-28	40	-13	80	-31	83	7	3	-78	14	-34
-72	-34	-40	54	-69	38	30	51	17	-99	91	1	-95	-51	-3	99	93	18	-94	-83	-67	-55	-60	-49	-20	-73	-64	82	26	94	-26	-6	-100	25	-18	-72	50	93	100	-39	-61	-98	-93	91	4	19	-1	16	-44	-95	-93	3	-32	-95	13	-8	34	83	-62	-37	-31	10	83	-58	5	-21	34	62	-36	-37	-8	92	-96	-80	-63	69	-3	65	-19	-64	23	72	7	-81	-91	25	38	-22	5	78	3	-75	-6	78	-53	46	-10	-17	-48	-73
-46	-72	35	13	-45	-15	69	-6	15	81	88	-28	-14	59	-17	-66	-91	-73	-66	-55	76	15	-77	-87	0	-58	62	-88	61	-21	93	72	31	-70	56	46	39	-15	-72	-6	26	-10	-65	19	-6	-89	-14	19	12	-19	-72	22	-45	80	-31	8	6	3	26	54	-75	-2	-15	-53	-32	-71	-83	86	23	-97	-28	-97	59	58	71	32	-41	-72	-75	95	-39	37	-52	21	-70	4	34	3	4	-53	89	-38	0	35	-21	49	36	-88	6	98
-24	39	-79	60	12	87	3	19	16	30	58	77	-89	-81	3	-17	2	78	-25	61	-24	95	55	-37	-23	90	15	-69	87	-33	93	50	27	-93	58	3	-92	-12	-65	-64	-76	-5	41	54	-9	33	57	-6	98	-91	-30	39	74	72	-69	24	17	96	-39	85	25	-25	-33	-78	-44	8	-32	-45	63	-80	-55	-65	37	-5	-4	16	-91	-54	-33	85	89	-31	29	-66	-86	-11	75	-97	-24	-29	-80	-36	-76	-95	40	89	53	29	65	71
-80	-36	60	-75	41	77	-31	-60	-99	6	-76	-29	-60	66	92	-99	19	22	97	-95	46	-42	-81	44	51	-52	38	3	15	-51	-74	-53	76	-40	13	10	19	54	59	-85	-37	-6	23	23	-34	61	-74	68	93	-54	1	-7	79	59	46	68	41	-88	29	67	92	-22	77	31	27	-19	18	45	83	59	-79	-5	-84	-24	41	-65	-92	-40	-97	-39	-96	-14	84	-17	-2	-86	-84	-27	-85	-1	-75	-26	1	81	93	-40	-16	-12	-63	50
39	83	13	-2	21	77	90	18	-5	-36	75	-6	11	57	83	90	46	-71	91	-22	-16	71	-9	6	9	-35	78	-77	-91	-14	-34	-11	-83	-81	9	-59	-73	-81	-65	82	99	51	-14	-72	-2	-6	4	-15	0	69	10	46	-30	7	-79	52	5	-34	-90	-94	-57	-56	19	-38	10	69	33	-79	-60	-18	-51	-53	-74	-8	72	-18	99	-59	1	-43	-65	-90	-94	-96	-13	69	-13	-71	-28	-10	55	23	-62	-53	-84	-67	-43	-78	29	-49
-89	-27	54	-93	-28	13	-25	-81	-86	-64	19	74	33	99	57	91	86	63	-40	-1	52	38	-39	31	53	-48	22	-81	-63	40	65	-29	89	-9	48	-28	30	40	19	-37	-15	-74	65	-26	31	56	99	49	-44	-52	-95	-30	5	-40	0	46	-26	60	38	-77	98	52	-83	98	80	-93	13	-49	6	-93	-19	10	-48	-71	26	60	4	-26	-46	28	52	30	31	-83	13	-85	39	-10	38	-92	67	-36	-99	-77	35	13	95	-8	-43	72
-23	-84	72	-15	21	97	2	-93	-61	-36	-24	-66	71	16	49	19	36	-54	-18	-18	-78	-99	-13	-83	-31	-64	-38	90	-2	-22	-26	-48	-15	5	-67	83	81	71	-3	-17	-30	33	92	-44	-31	68	-37	58	61	80	76	72	24	69	-54	32	-92	94	-38	-96	-70	-51	78	67	67	-83	89	-77	17	-54	-53	60	5	-19	24	-68	27	-17	-58	82	-88	92	7	7	73	-86	-9	88	2	-1	70	59	73	39	77	-62	40	62	-78	67
52	-22	-87	-48	-38	29	77	84	-9	11	-48	16	88	-58	-21	86	-75	-69	-17	-21	50	51	35	96	100	1	34	76	19	-31	50	10	-30	1	-79	-18	55	-20	11	-6	-58	-45	76	94	56	-81	-60	-24	60	-16	50	-59	100	-26	-64	77	69	-76	24	-57	2	-82	6	34	50	-51	73	-69	37	-6	26	-65	41	76	95	-47	-88	14	-93	-70	35	-29	39	-76	93	5	99	-46	22	25	-96	85	90	-16	46	-6	77	66	54	-98
76	-33	-85	7	-7	45	64	-32	68	-23	65	-72	-85	77	84	-88	52	78	37	86	-36	49	-82	82	59	69	-35	-90	68	-14	-13	100	69	73	-25	38	-64	96	-46	58	-30	75	-60	-41	35	-59	93	54	-39	11	2	21	-84	-74	5	51	33	-19	-50	52	-54	73	82	67	-62	17	90	-5	36	-22	-70	53	-57	-67	5	-70	-50	42	-68	-41	-42	10	71	54	-74	25	83	79	-40	0	-14	86	37	80	-19	-17	-60	47	64	-44
18	-100	87	-66	-61	32	85	-64	68	89	98	49	-38	-17	24	-57	100	-28	-72	65	67	-13	55	-36	-77	-60	-42	-12	6	-2	-29	-20	-16	21	-24	-15	-41	-32	-62	12	-52	-25	-80	-16	17	-23	61	-24	39	36	11	-49	43	71	39	-59	89	-88	31	-10	88	-74	63	85	-71	71	78	-64	59	-38	-6	69	-51	67	-9	-90	-59	80	-16	26	-8	63	26	43	-44	-43	-93	-40	57	81	29	-75	-8	-72	-20	-93	-57	-68	-5	96
54	0	83	-76	35	52	70	76	26	40	-94	-26	-79	-37	98	-38	-26	24	-96	55	-48	56	-12	-17	-66	85	-77	47	-100	-72	-85	75	-31	-70	43	-21	-89	-68	7	16	-58	-65	-90	-29	21	9	7	62	69	4	17	81	52	-85	-11	12	3	-29	-42	37	1	40	5	29	-20	-19	-70	71	65	-7	58	-34	-6	-32	63	27	0	67	65	-69	-25	-2	29	64	34	74	54	99	-75	54	5	-34	1	88	-58	88	-60	-30	10	35
