-23	73	-99	-78	-29	-7	93	33	76	79	-56	-61	90	8	81	-7	-34	2	-96	78	-23	2	83	32	6	-89	99	23	94	-13	-27	-12	67	22	-45	19	-42	73	45	-59	-37	97	-55	-69	-99	-22	45	-41	66	25	-56	-13	59	81	22	28	2	47	-77	-51	77	-15	-52	97	-36	98	80	-16	-13	80	-49	93	98	-11	99	-64	8	27	27	77	-9	-17	7	75	-90	69	28	89	5	-76	49	72	86	21	60	15	67	-77	73	47
27	-98	2	-60	16	-93	49	-31	54	11	-7	-55	83	-11	-42	8	43	97	37	72	58	85	-91	24	98	-30	33	-4	-39	11	-93	90	-33	-45	66	-95	100	33	-18	-40	99	0	-81	92	48	32	-1	19	-59	-54	29	5	75	-99	-2	31	-9	-8	73	28	87	-87	47	82	-15	-65	-92	40	67	94	-88	-64	-77	6	-83	49	-37	-88	26	53	69	34	35	-63	100	33	81	52	54	98	-85	37	71	-14	-82	-100	49	-45	73	-81
-52	13	-32	15	-87	-96	-6	18	37	39	73	5	44	-32	49	74	29	66	2	-82	-100	94	81	24	40	-18	50	-14	39	-19	99	-4	-1	-66	-23	-76	-82	-73	60	-70	65	-16	-34	-53	16	-60	79	-61	62	-36	8	86	-85	50	56	95	-26	-38	-15	62	-57	-60	-50	-65	79	-61	18	7	13	91	-58	-93	-19	-14	91	-81	83	-59	30	50	-88	-63	62	-31	13	9	12	-86	15	-13	92	5	44	34	80	-8	12	-16	66	9
57	97	-54	-38	35	45	-92	68	77	100	-56	-19	-100	-59	-27	16	-52	-54	-39	-55	94	-48	54	89	-4	-80	88	-35	26	-19	63	58	-70	-29	-89	-48	-13	59	-59	-79	63	-94	4	-46	-65	7	33	-70	-59	14	-100	-4	61	79	59	18	47	48	-90	-7	13	-19	44	-65	28	-66	-91	-40	25	64	-24	82	47	48	3	1	43	-43	-95	-57	-58	66	50	-24	-22	63	-57	-7	28	25	53	98	-19	13	-74	94	31	-76	-99	86
24	90	-49	-51	84	29	-29	43	-15	82	62	-10	-48	4	-77	26	55	43	16	23	42	72	-33	3	22	-85	-85	72	46	-25	-86	73	4	22	34	88	-63	8	95	34	78	-13	-100	9	-66	-92	-60	24	22	-30	-94	60	-9	22	-33	62	-49	96	-62	-53	87	-76	-33	-17	76	84	3	35	36	-76	62	-9	-18	49	-68	99	-72	42	37	33	78	42	-52	-18	-51	-47	-63	-100	52	-23	-71	-92	-69	69	73	-56	57	-87	85	2
-33	-95	40	-28	-79	6	-44	-1	55	83	-76	-32	11	39	-87	-32	68	94	57	11	-33	59	-53	3	26	41	-96	75	-28	96	68	62	-54	2	-73	61	58	-38	-59	-36	-84	-89	36	62	37	98	49	-53	-20	16	64	31	77	8	69	-54	-55	13	10	-17	49	-34	-94	-36	36	-29	-40	-99	-67	-7	85	-20	-91	90	62	-41	85	-81	15	26	-35	31	-29	51	-49	-70	-36	-59	0	-55	-75	81	-16	36	-56	-57	-77	14	17	-40
93	37	-65	14	12	-59	-39	80	57	-58	41	-18	72	-1	-77	-98	-1	-58	5	-57	63	100	-66	-81	-66	6	-55	-12	-73	46	33	-14	-60	87	63	7	-55	12	-72	-56	32	75	-96	80	41	-49	53	58	-50	-98	-20	9	62	-39	-46	68	22	45	6	68	-70	-31	-66	87	-17	-6	-80	99	-21	47	10	72	-63	76	37	-58	-13	71	-74	-42	93	-33	-49	-60	-62	29	-3	98	77	-61	85	26	39	-86	99	-47	8	-46	79	60
62	-41	96	-9	-95	-66	-64	71	3	56	64	71	-91	-21	65	-26	23	-49	-19	31	7	100	27	-88	18	-12	-4	33	74	-42	-95	-98	82	-32	84	61	53	-72	66	-21	-41	99	11	-58	-72	-92	35	91	23	12	35	66	1	11	35	34	62	-85	72	26	47	-99	-45	21	21	-28	-2	24	-83	87	-29	79	-23	56	-64	63	-29	-52	-47	-70	-96	81	-8	35	-83	0	96	44	-1	80	-4	-69	-74	-24	-12	53	-55	-55	51	61
35	87	95	64	43	-44	-46	-21	-92	80	-41	19	-91	-69	-69	11	-11	6	14	44	89	-78	58	80	-74	-26	6	-96	35	-1	64	-85	38	93	100	-63	-39	-3	87	-40	-18	-7	-88	29	-21	-74	96	-59	33	-38	28	-91	-11	-75	45	55	13	29	67	-53	80	7	-82	-21	-49	24	-83	-29	-73	87	57	89	-54	-44	90	51	-33	72	5	-17	88	20	-38	20	-85	13	3	85	-94	-63	38	100	63	64	55	-71	-96	-11	86	-21
25	-6	30	84	-71	-64	14	-2	11	-100	70	81	-30	46	-41	-93	-11	-49	41	49	-43	-60	62	-95	-80	-61	-38	-56	64	-78	-89	-88	-92	-19	-41	-22	90	56	52	15	36	21	45	-67	-62	-47	-45	21	54	-73	83	15	18	38	-71	83	-51	46	-60	-89	86	7	51	50	-87	42	87	-70	52	22	62	39	77	28	60	51	-55	96	63	83	-22	38	24	-80	95	-24	72	32	45	72	-19	-10	31	96	-18	-51	88	89	-91	16
-94	6	-60	-99	35	-90	50	20	-17	16	81	-32	-54	95	-55	41	77	-37	-38	36	93	73	-56	25	70	71	31	-63	-4	34	-13	26	20	14	10	73	33	-25	-55	-24	-73	64	81	51	92	-89	39	6	1	-42	71	-87	-6	10	-93	-70	-42	97	-13	41	48	31	52	98	8	16	-64	-57	-47	61	-31	72	-35	33	-67	73	-6	-56	-32	74	34	91	40	81	4	78	-44	17	-45	23	20	-21	-72	-10	-42	45	36	35	-62	-65
-34	33	-97	18	-71	-87	1	60	-53	54	81	-67	42	-69	-89	84	-51	-93	-44	-43	76	90	-21	22	55	74	-3	-63	29	55	-98	41	-33	58	-62	-90	-44	-30	-90	-82	76	-40	56	49	-96	11	-91	27	0	-71	41	4	-97	2	-100	26	-97	49	59	33	65	52	77	-95	43	16	77	58	-53	-87	17	-45	-56	88	90	-69	-97	71	54	75	-2	48	71	-3	-34	39	57	79	-27	77	-5	-8	40	-100	-4	-66	-12	-48	31	83
-67	13	-84	17	22	80	-13	2	44	-90	50	-88	79	85	-9	-54	16	-82	-1	44	6	-81	17	-9	-5	52	-22	-80	22	-47	16	-9	61	-42	55	-31	58	-63	-17	89	-78	81	-64	-9	-7	6	45	87	-8	30	85	96	53	-14	34	-62	-29	67	93	63	0	69	34	-61	-30	0	-80	-23	-37	66	95	86	2	-18	42	14	-93	-14	91	33	73	41	79	35	-66	-74	65	-32	47	-86	95	46	67	54	67	29	-80	12	-93	-100
2	23	-25	-57	-40	48	-45	-65	62	72	34	67	-21	-8	33	5	-21	-100	33	96	39	-11	95	100	-50	77	-56	-98	-18	58	-41	32	80	90	-25	93	62	91	-15	-69	-88	51	71	27	-63	61	-33	-7	55	56	48	-65	52	-98	-82	-61	84	-15	93	-81	93	45	1	95	-93	-22	79	-47	99	9	-18	-97	65	73	16	-6	95	37	-1	13	-27	-90	-20	78	21	-99	5	27	-58	-25	66	-91	21	-16	-23	92	-61	-21	57	-75
-4	-95	-33	38	-13	3	6	-74	78	33	46	61	50	55	85	-88	-96	-44	99	-90	50	46	64	-44	1	30	-14	-22	21	-48	-79	13	100	90	28	-25	87	-90	15	-61	-35	-96	-61	-32	88	100	-51	73	-29	25	55	16	58	-27	-45	-81	-79	66	-68	-71	93	-75	-33	-95	43	-93	18	88	54	69	-16	-40	23	38	-81	-31	-72	-54	-37	-82	74	-67	30	-17	-62	93	-7	35	-82	-14	-14	33	88	-72	59	-85	10	-4	-62	-64
-21	-57	-74	-8	-97	-59	-13	-9	-45	-61	-66	-53	15	-34	46	17	56	89	-81	-13	40	2	-9	-6	-88	-79	55	-70	0	34	-15	-23	-88	-77	-77	14	69	-87	37	22	66	-61	65	-45	-96	-93	79	-37	-73	-53	-28	-66	-85	-32	-65	64	39	44	-68	-66	20	-4	-86	-29	-82	55	10	89	66	-13	6	-45	-91	-50	-37	-29	-81	31	-49	-3	86	-44	76	65	-87	-42	54	-18	1	-12	3	86	-33	16	-82	22	16	-15	0	26
28	-77	-20	55	16	-45	-48	50	30	34	35	-41	39	-27	-6	-2	2	89	95	90	77	-31	-79	25	12	55	-24	67	94	-64	5	-76	-53	58	-56	-37	-80	88	-100	-87	73	-73	0	-43	-34	-67	-89	-89	85	-43	-100	5	-4	-89	-52	32	-89	-79	-78	-57	32	88	19	-22	-93	33	-28	-7	64	23	-90	-84	-21	62	-30	-65	-10	-25	36	30	40	37	-70	50	-72	-45	-75	58	-20	-46	-36	48	91	18	84	53	-85	-89	-93	48
96	-25	-83	10	-95	-2	-46	63	-12	-35	-47	32	-84	58	25	-9	-99	42	-91	-55	71	52	32	-3	-41	-41	47	38	-17	-96	-49	20	81	9	93	55	-40	22	-58	-17	92	-42	8	-73	-66	75	-20	4	16	63	-34	41	46	-68	-70	-88	-68	-72	-34	-82	-95	-11	65	80	66	-11	-90	35	53	34	-28	64	-55	37	-45	99	-97	23	-81	-7	1	73	-45	-52	-88	-6	94	-90	98	2	-44	78	-71	17	78	-44	-60	-75	76	7
22	7	78	12	88	-65	48	-46	-33	-92	-53	15	-61	14	16	-27	-12	-67	98	38	72	86	4	-50	-100	-72	68	10	-30	96	25	36	34	-10	73	-91	-64	-31	40	57	-89	-44	89	-73	-90	2	-29	-62	-83	4	7	15	76	65	-57	35	66	92	55	57	-54	-51	93	12	-39	61	-56	-86	-14	31	-57	-28	-76	-77	-68	-43	2	84	23	78	-24	17	88	-30	56	95	91	28	-67	51	95	60	18	-32	50	-89	-10	-34	-24	-31
41	99	-14	35	18	-30	-34	-13	21	13	19	-19	67	-86	-71	62	-84	0	-54	98	-94	-7	22	19	-93	26	84	-14	-25	13	96	17	-24	-87	70	36	-44	32	-81	-64	-7	-69	-49	-34	96	-9	-76	63	26	-90	1	33	17	81	-49	69	-26	65	-25	57	21	-77	-68	59	74	-62	-23	-89	-16	96	0	-7	9	10	-93	70	46	-24	-89	63	47	-89	-18	73	1	5	-90	43	38	-61	99	56	39	90	7	13	-31	23	-22	16
33	21	80	68	-69	70	52	-86	16	-73	-33	-38	-26	-55	85	23	39	83	17	35	-69	-12	69	-30	-25	79	85	64	-84	-98	-93	-4	53	-45	64	-62	-62	-74	-9	34	98	-25	-3	30	-41	11	-22	-87	-53	-31	-17	99	19	-36	-72	-15	24	69	-27	-40	-64	-39	38	77	58	10	-37	49	-74	-27	33	10	35	-41	-43	44	-28	-40	-57	-45	70	-2	26	1	36	39	-8	-95	-79	-24	-44	58	-87	-89	52	9	67	-67	-81	-19
-24	45	-30	20	43	82	-20	43	-5	95	-52	-60	-23	68	-85	80	-48	66	-89	32	-94	17	51	66	64	61	-34	-43	20	-79	-39	67	-72	-94	100	40	99	-14	-7	-98	49	7	-17	5	-81	51	-28	-74	1	-27	40	91	52	21	41	-3	-81	36	-85	84	76	-15	8	-19	-58	3	-59	-7	-82	10	51	-10	14	66	-76	33	-56	-29	63	85	15	-61	41	71	94	12	-22	51	86	0	23	-4	43	37	-77	44	49	48	47	78
48	-88	-62	5	96	62	-19	4	-96	54	95	67	36	31	-75	62	20	56	-75	24	38	-8	90	8	-79	-54	-9	62	92	-81	-9	-49	52	-23	4	37	15	-51	3	-92	47	100	-83	91	-10	-63	-37	16	-32	-99	-52	87	12	-18	71	29	-99	-49	-29	71	-54	-57	-52	6	-92	-70	-37	65	-52	-18	78	44	-91	-77	68	19	88	-27	-18	86	-9	-15	47	93	70	57	67	-53	3	98	5	-36	2	-40	-65	20	-92	44	0	79
-61	-47	69	87	80	-69	4	-100	1	53	14	-28	79	52	-2	-72	82	-67	-72	-7	-7	28	-41	34	-17	51	52	75	17	8	1	30	15	-12	8	43	-26	-11	-4	-18	-15	87	34	-6	30	-80	-56	19	25	-44	-78	16	2	93	0	48	40	-9	2	-31	-65	8	50	-53	98	26	-51	-88	-78	80	3	42	-78	40	-50	-59	65	-39	-51	-44	2	63	72	-28	-97	95	76	-11	51	76	6	-77	-49	26	30	72	83	-85	-88	77
-39	-63	94	-8	-43	63	-26	-56	37	73	70	16	-45	-80	21	-67	-38	-83	-2	37	-69	-30	76	-3	96	38	-15	68	66	-9	-100	24	-17	-25	-78	0	1	-4	-21	-28	-37	17	-5	-54	-34	-93	-83	57	21	82	78	-64	9	-97	-44	32	28	91	90	-50	89	-76	-59	4	-43	31	-48	58	60	73	-44	58	12	69	9	-60	-5	-43	-9	43	10	-99	-94	-10	47	36	-60	53	3	-67	-81	38	-25	68	-74	-65	-69	42	74	14
-97	-71	1	52	-51	-92	75	-51	-100	-60	5	34	-82	-67	-21	-51	-87	-1	96	89	-12	-7	-10	64	100	-94	-7	60	68	92	51	58	73	-68	71	-87	2	-58	17	-59	28	-5	-26	-46	-89	-63	-93	-8	-88	21	7	-9	38	-43	44	70	21	80	-81	-11	14	-18	-41	49	90	-23	63	97	-78	47	31	25	-41	-94	2	-20	-8	31	99	16	-38	36	63	5	-18	70	-41	52	72	100	7	44	-31	48	35	93	-60	31	52	87
-97	-96	10	54	-13	31	48	-51	21	-54	-9	7	-89	93	-18	-1	-48	-26	-21	67	-92	-51	26	-27	-60	-67	-97	-31	68	-95	98	-47	15	55	-63	-74	-78	-71	24	68	52	-40	68	-43	70	-96	-13	78	33	-52	6	-69	13	-23	-86	-41	-44	-75	51	1	-89	26	23	-61	-96	11	-80	69	56	88	-32	-94	-67	-92	-97	84	-39	70	-82	-39	-70	-16	-45	-27	0	-86	13	-83	96	7	-57	-59	15	79	-71	-72	54	79	-13	83
-88	-88	-93	-15	93	-69	87	-16	-11	-61	-14	41	-23	-92	-54	83	-70	-80	53	95	38	-28	-40	-71	-87	-12	-4	-91	-10	-29	19	-8	-61	88	-58	64	-57	34	33	22	-48	-64	5	26	57	30	-68	-41	-75	96	44	-30	-19	48	-60	65	-10	-85	71	60	30	75	-17	-36	-96	5	60	-9	24	22	-68	-69	-48	63	-69	-96	-45	96	63	1	-42	-34	87	53	91	73	-52	-6	63	-45	80	97	48	31	92	-97	93	7	17	49
88	87	97	-99	73	-6	58	0	-64	56	-65	-16	-12	-54	95	-50	-49	58	58	81	0	45	-7	12	-59	47	16	68	-4	5	-22	-36	63	93	63	-32	4	66	1	-7	30	96	42	-64	26	-37	-98	-18	-90	65	-83	88	-38	-36	-78	-46	-100	39	92	30	15	10	-29	-51	-33	76	11	-49	-69	-61	-74	92	40	93	67	-12	-47	-66	-42	34	-3	-78	-10	20	12	27	-1	57	77	18	57	59	-59	-3	39	84	66	29	-10	-5
68	7	52	70	94	-87	35	9	73	91	-70	19	-98	-47	75	15	42	-17	31	-17	-84	8	78	25	89	79	0	26	-70	-43	-30	82	-96	4	19	-15	71	-52	-57	98	-80	-66	38	-61	-38	-97	-12	26	-17	3	7	28	-84	-72	-33	11	-47	81	-50	-53	44	-92	64	7	95	-66	-29	-54	-42	-63	-76	84	4	-70	-25	-7	-9	-39	-30	34	-41	-24	-24	23	49	-43	3	-21	84	85	45	-88	95	17	-66	-39	-46	49	-45	-22
-100	-9	75	-11	-17	-89	55	34	-8	-64	63	31	-86	4	-12	-86	63	3	-64	-76	-46	-78	50	-18	-13	18	15	-40	-33	75	-10	68	20	-44	-44	11	55	98	-83	-21	67	-52	52	-16	25	-56	-69	-77	-84	72	6	12	-40	97	32	96	49	-56	54	-41	-66	-85	74	-37	74	49	78	0	-58	100	90	-60	-29	-46	-79	72	-44	-98	-44	-83	42	91	0	26	-60	83	-68	-13	-39	-37	10	-47	15	10	36	76	60	12	-17	26
-73	-68	24	-27	84	-18	-49	-70	-20	-83	17	8	80	-28	-14	59	63	56	-97	-63	85	-65	-16	74	80	-93	-1	31	-30	-19	-85	-11	89	-84	-44	-4	1	32	29	15	-47	32	22	-1	88	-56	19	-83	76	65	-42	-42	-6	-81	-55	59	-10	-40	32	-88	56	-24	9	94	67	78	76	99	23	-15	-47	88	39	40	35	51	82	17	66	-65	-57	76	-49	-8	-76	-52	76	36	58	69	-7	97	-22	-81	0	14	48	77	90	-14
-7	53	66	36	-94	23	-78	94	-22	77	-91	83	5	-37	-14	-83	6	11	-99	-74	-81	93	-89	-81	-65	13	29	82	-14	-57	-41	-95	95	-5	-85	-89	-89	97	-29	-33	41	-87	-89	85	-69	36	-6	8	68	48	-97	43	-22	-31	-45	-63	79	77	77	31	72	75	56	53	100	-28	70	41	59	-34	-29	88	-60	-2	-29	-74	-13	59	92	-39	29	81	66	-33	37	14	94	78	-27	-41	-8	-6	-93	-95	59	-38	-98	-96	85	57
90	78	56	-11	-68	100	-76	-66	-77	18	-5	59	39	21	67	90	99	85	54	42	-42	34	-49	35	-88	-9	-62	-61	24	-93	-87	-23	81	98	-67	82	-40	6	26	-97	-45	-82	23	43	-38	-99	-60	-22	-71	-97	23	-51	4	78	-18	-58	73	-49	61	41	-95	-36	16	-37	47	-80	93	-44	-38	-86	-26	-62	-1	59	76	-98	-33	-65	78	-37	72	78	-95	-21	-81	37	-77	-32	-50	18	21	-41	65	-51	-58	-43	-96	-98	-49	26
-2	-14	-45	-5	-3	75	89	-46	77	-75	13	-25	-11	-13	-96	-53	59	-83	27	-54	-11	85	-25	-18	-52	-62	58	-33	-26	21	13	-26	-98	-11	-24	-13	-46	87	49	86	66	-17	-34	-23	-28	-64	-62	-37	8	-95	-44	44	24	-74	-11	17	-34	22	-100	-30	10	55	-65	-93	-76	59	-52	-27	48	-93	37	-77	18	38	30	98	-69	-100	62	-86	85	-53	98	-14	14	-12	-49	95	-13	-24	-27	-70	85	37	-82	-5	-90	23	-58	-60
-18	-35	-28	-54	50	-57	-30	-9	-44	82	66	36	-45	-59	-70	-21	-72	-16	-39	-85	49	-7	-15	64	-76	-45	16	56	-42	18	-65	-11	37	71	77	-89	-12	-41	58	-92	78	-68	-94	-21	41	83	-87	45	-73	51	-30	-32	35	27	77	13	-42	-7	-24	-97	-72	26	-56	31	76	32	91	35	-51	97	-66	53	-95	90	30	-28	87	28	82	83	-43	-73	96	-54	99	-3	50	37	58	-95	91	-32	-7	60	-83	-40	-28	-27	-63	-82
99	-94	-85	5	-12	-90	-69	-31	23	-38	-5	-45	48	92	-70	-13	37	3	-57	41	-75	-93	-83	-13	55	-78	-22	-25	44	61	-44	5	-1	-57	-22	22	99	-46	60	0	-10	-88	79	82	-81	-76	26	8	56	92	16	7	-28	-72	62	56	-58	100	-58	55	-64	59	-11	-23	-95	-34	60	20	-90	-39	-4	-10	55	-35	-26	-51	-1	41	23	53	-79	-13	-97	34	-38	-90	-7	-57	-78	-46	-93	-35	-17	65	98	2	-54	-41	58	-71
25	-11	98	-22	-1	-62	-46	-6	-86	85	-100	73	29	32	-89	-82	-36	-29	16	-40	51	55	71	-12	-56	-5	-41	73	98	-77	-78	41	52	95	36	-27	53	52	88	-31	64	-9	73	-77	-6	-72	43	30	-18	-46	92	46	38	-52	-79	-44	-1	13	87	57	9	93	81	-16	14	-73	81	76	18	-91	26	84	-43	-55	74	44	-31	-72	-13	16	73	-7	-66	-69	-14	-16	-92	97	68	-96	-72	58	-59	100	34	44	93	-97	-59	63
-9	38	-7	-64	10	-67	-99	-22	-6	-52	-19	-80	-2	17	33	-85	-81	-17	-49	-36	100	-34	-76	-96	-25	4	24	-18	38	38	63	46	100	3	55	-74	17	99	-41	59	-80	-16	-73	42	-56	-12	83	-31	-2	97	22	-91	-19	65	28	23	72	-5	57	-36	-41	-96	39	-41	-42	-2	22	-2	35	77	63	92	43	-15	91	-80	-54	47	-26	80	-75	-99	-26	-17	-5	-81	-95	20	86	39	84	-42	-73	18	-24	31	-56	-42	71	74
-80	43	-33	-52	15	-70	-63	46	19	-44	-69	13	25	-89	-26	-80	88	30	75	75	-88	81	21	65	-31	-2	64	90	-24	23	-1	-38	-26	60	67	37	31	65	0	34	-62	-26	-72	64	52	97	-62	41	79	-91	-62	49	40	-92	80	-52	14	-72	-46	-79	-8	-78	-35	46	18	-87	-22	-35	49	31	-67	-6	42	-67	50	-58	26	-52	73	78	43	-7	69	-35	-5	-50	28	24	-90	31	-40	33	-27	51	41	-16	-84	23	36	-20
-35	-31	-34	28	41	13	-6	16	-66	-41	-24	49	65	-54	44	-17	-40	88	-17	-1	51	-51	-71	-39	-47	-39	-98	-100	57	-19	-48	52	-93	-36	-50	-40	90	-40	-15	-50	-1	76	1	2	72	-9	-16	-25	83	52	17	-83	-80	16	-14	97	-7	58	-36	5	-76	-64	77	-44	80	-11	30	71	93	-40	28	28	-98	91	17	-70	-32	1	86	-21	93	84	7	83	52	-30	-20	-93	1	-78	-72	46	-23	12	-42	-45	1	-39	45	-27
-78	-78	-49	-11	29	22	8	-43	56	-57	-96	-95	-96	73	-48	-24	68	90	6	37	98	24	-13	11	81	26	-96	57	-53	-45	39	33	40	-7	-77	53	-89	14	53	-39	-46	28	-61	-28	-24	-2	27	7	-14	-81	33	51	98	-82	12	75	2	20	95	73	100	86	21	-14	94	1	-1	22	37	-27	-100	-88	65	-21	-71	-51	-81	42	-33	-4	18	67	67	77	36	-78	-61	29	43	41	94	-98	22	37	25	-79	-88	17	-35	-31
83	-100	-75	28	85	63	-74	77	-21	-88	-89	-92	-60	-87	61	75	-45	80	-90	-7	38	-42	-84	-40	-80	85	-16	-50	-46	-25	-78	81	-45	-23	-47	6	-86	-3	-34	15	78	52	-60	-30	34	-65	70	-26	64	-86	-71	5	-11	6	-20	-73	-91	31	-33	-80	87	34	73	-91	-67	61	-29	-95	45	-62	-74	-55	-32	-61	64	18	-30	70	82	-72	-7	-57	72	-26	-92	-74	-34	18	-8	45	-64	-93	-47	89	-21	-51	40	68	-63	-100
-70	71	2	-89	29	-70	-4	53	-81	81	45	81	-58	-49	88	20	84	-54	-12	88	-41	-45	77	-8	-16	-63	-53	83	59	-34	-63	77	15	-96	45	-27	71	-27	-10	78	90	76	-20	64	-16	32	99	22	-5	-78	96	45	-87	67	-66	67	15	91	-23	44	67	-3	-33	-26	6	-52	-53	45	77	-64	-20	-74	76	19	64	95	-2	17	-81	60	-25	75	-3	-86	-63	-96	33	-57	25	96	-50	-99	0	48	-22	-41	84	-17	-89	-6
7	-13	69	6	60	-65	-16	21	51	35	-40	-64	-15	58	-22	89	56	-12	20	-52	46	46	5	-49	26	-86	89	-41	25	-12	-7	15	-63	-75	66	17	49	49	80	-57	92	40	74	-26	16	13	-38	-61	56	-50	58	-57	-98	65	93	63	-41	73	21	-4	-98	68	51	54	-31	-94	44	62	20	-51	-95	-55	64	0	22	28	-92	76	-39	30	-58	-82	-82	-16	52	-61	-42	0	87	72	-11	-66	36	45	-93	-70	-8	61	-14	-96
-37	-22	-94	-72	82	-53	-72	-97	-51	-67	-24	54	3	92	-56	93	34	74	-74	-7	11	2	-91	23	6	-16	-56	-36	-38	29	-15	38	-37	95	-1	-83	53	-51	-32	27	-60	-67	-60	89	54	-4	-49	26	8	-85	-64	100	-75	-6	-54	59	74	60	-24	-27	97	-11	-41	-90	-10	89	-66	66	-70	53	-98	75	-50	-100	31	-76	-97	40	96	60	-89	85	-40	84	-60	-61	94	21	84	89	15	-9	51	-58	-96	-72	54	-19	-24	-52
82	-82	27	-63	-75	-30	-83	-42	-81	-30	-58	70	-11	11	34	-4	-82	71	-76	-63	-67	66	-40	86	85	-15	100	73	5	-66	-88	-86	-6	61	-98	-39	-98	-80	-66	8	87	-68	59	-48	14	-73	61	-14	-20	99	-43	-15	-64	-82	-95	-95	-17	-95	46	-94	4	0	-80	-22	-6	8	-36	-94	-58	100	2	24	7	-48	-36	-53	-16	73	-90	-12	7	-83	86	36	-75	-52	98	88	-93	-52	70	59	50	-86	-31	-32	-50	28	13	-18
-84	92	18	-70	-5	-56	-13	-42	56	8	-67	88	46	-94	5	48	66	-16	-3	-39	38	69	-63	-72	0	24	37	71	-55	9	100	-1	-13	-9	12	-14	89	-89	-55	-4	48	10	-69	-51	-3	-24	-23	-11	0	29	0	1	38	-21	36	100	36	-1	10	-8	-86	-1	59	-85	-19	-33	-78	38	-49	46	12	-25	-93	96	-36	-81	38	61	34	55	10	-24	38	-61	44	-96	-58	30	-83	51	-25	-39	-99	39	3	-11	1	-79	0	1
-96	5	69	-76	11	31	36	-73	-40	-45	22	-98	-100	10	-49	40	10	-89	-76	-18	1	-12	48	60	-89	46	42	-62	-51	-34	89	70	-5	72	-64	47	-47	-5	14	91	-99	-58	-96	-85	-12	74	67	98	89	42	-27	-9	-97	-12	-60	78	-24	56	-83	21	74	-34	-2	-78	95	40	-8	4	-60	-38	-8	-79	4	-41	46	48	-11	-72	-56	-70	37	10	7	-61	-12	84	-10	-49	67	-25	47	-64	72	-41	-32	56	25	66	-17	-55
100	96	36	24	50	85	-43	-42	82	-28	-29	-85	-13	62	70	42	73	65	96	10	-79	67	-4	40	54	-17	-13	-82	95	-31	-36	64	-76	-2	72	56	53	-1	33	11	-52	-3	-59	-76	63	45	25	-30	1	27	28	-60	43	-63	19	53	-26	-7	-64	46	96	75	-65	58	-73	57	2	-48	-50	96	-79	15	-8	-22	23	61	37	-95	-12	21	-41	24	-56	-19	32	-47	-85	87	11	9	51	11	54	-13	-47	33	56	-88	-56	84
-10	-75	-30	85	-65	-25	9	63	-23	18	80	-48	30	-26	26	53	-19	26	-43	-64	84	54	58	-3	-18	91	-89	17	90	-58	-39	-26	99	43	96	-77	33	17	-83	78	93	-28	59	-58	-96	-14	47	-61	8	-98	-33	15	32	-63	-37	90	45	1	-69	-32	-82	45	11	87	-2	69	14	40	-79	44	-94	-88	-70	-38	-26	58	10	60	35	66	69	-97	-20	-23	-6	-10	89	59	14	42	68	-13	49	37	27	-56	27	-16	51	88
-16	-1	53	-45	-10	89	-32	-96	-84	75	66	-18	-21	98	61	-10	-34	85	-51	-87	27	-73	12	12	-21	-58	97	4	76	25	-58	80	88	15	4	8	-93	42	-17	85	20	-44	-88	-59	1	-65	-53	75	-70	-23	-54	-14	-97	10	-27	90	-29	55	-42	76	69	78	-67	55	-62	64	53	-86	-17	88	78	66	22	53	61	79	27	77	0	58	-85	25	13	-91	-5	-30	-76	-45	-46	80	70	-9	87	27	-51	-93	12	94	-51	89
-85	-36	11	-93	38	31	-84	-9	-45	-89	24	-98	-36	8	-79	-17	-28	67	60	7	71	72	87	24	-36	89	81	-67	-75	-58	-95	-50	-7	-65	72	-7	-90	-34	-20	1	-51	27	-16	6	-51	69	-56	23	24	10	65	36	-80	38	26	-95	37	-80	-70	-55	-47	-41	56	-6	70	-43	-28	87	39	6	-94	1	86	38	94	68	-98	-20	67	99	-70	81	76	100	100	12	7	-98	84	-72	80	-74	21	-22	-70	-32	93	45	23	-4
-26	-85	-85	83	81	16	-16	-58	90	-50	-58	-15	-21	74	-10	-23	2	-41	-75	29	19	16	82	-33	87	100	-27	47	29	-59	89	-62	69	-21	43	-8	19	56	-66	25	4	72	12	-68	79	81	-78	-44	-59	49	48	-49	39	2	85	-25	-4	79	-84	-58	25	-10	21	-55	25	-24	35	16	29	42	-75	57	86	52	-15	96	26	-19	-76	25	-38	-43	-1	-71	-29	60	26	-43	-39	73	44	-54	4	-48	41	-31	1	68	-80	-57
-90	-57	23	63	-27	20	-79	57	85	73	-28	15	14	43	4	13	85	61	50	-87	28	93	50	55	64	-50	24	15	-78	-27	-52	94	-56	52	-93	-75	62	-23	35	47	-29	-54	10	-3	26	88	58	-15	60	-5	81	13	-56	10	54	33	-22	-79	61	81	10	18	-46	41	60	88	-64	-34	72	-20	39	100	-86	79	-96	23	15	39	21	32	-35	-73	54	7	-73	-30	37	-82	3	-31	7	-81	-85	5	-14	72	-18	4	6	48
-19	62	-33	-68	-56	73	-16	-21	62	-27	88	41	96	-85	-7	19	67	33	98	20	-26	-53	74	21	-79	-83	-39	-58	-36	-11	37	-78	78	-25	44	-80	54	14	47	-71	36	-100	52	-2	66	8	-83	-66	-56	-50	-25	84	18	-44	52	-8	32	-92	78	-97	-45	-71	-80	-9	78	-80	91	65	35	39	-44	81	80	-12	99	-87	-92	-38	100	-7	4	20	19	36	-63	92	-43	64	10	59	-93	-97	-22	93	-82	32	-64	37	-42	11
46	-54	-14	-42	-41	87	-31	52	85	20	33	66	75	80	-1	-65	4	47	-4	68	90	71	-13	20	29	-67	-18	63	-38	91	-63	13	67	-60	-78	-8	44	-55	44	-99	80	51	-31	-35	60	-79	-70	-17	-68	98	-27	-48	86	89	-61	84	12	-9	-73	-30	-67	58	10	-94	0	-50	79	92	-15	37	54	-25	-87	90	67	-23	-22	-9	61	-18	72	-21	-93	-48	-38	-36	0	-56	-96	79	-92	-98	47	-64	93	32	39	-63	95	-34
-95	72	62	33	-42	-26	34	4	-72	-56	-97	-69	61	59	6	53	47	-96	0	-24	47	76	-7	24	41	-49	79	-1	-59	-91	48	10	31	-42	-21	-36	93	26	-67	15	76	47	-11	-82	100	21	54	85	45	77	-55	31	7	-57	-1	55	-15	71	-46	-27	54	80	100	-36	-92	91	20	-89	100	4	87	-7	-92	34	-57	-65	0	81	-7	-44	60	49	23	61	-42	-80	-64	45	-14	-77	-64	23	47	35	74	-74	-31	-19	38	-1
-56	41	-55	85	-75	7	-9	-91	32	8	69	-22	94	-96	-93	50	59	31	14	46	58	-71	66	53	-23	44	65	72	53	20	-48	36	-80	59	-90	44	-27	39	25	49	66	-38	-82	-20	-30	89	16	-1	-79	6	20	-7	-26	1	-18	73	73	-90	-75	-67	-11	-98	27	-3	57	52	68	74	-23	-48	93	-99	-55	0	-57	-67	65	64	62	-37	1	-9	-70	95	-69	-4	-73	-100	-53	4	71	86	-87	30	88	50	22	33	-67	-21
21	-66	96	39	58	42	-37	24	-31	-85	98	-50	46	-33	66	28	-53	-53	-83	77	69	-39	72	82	88	63	-81	24	61	-60	54	-43	31	-56	-88	56	74	-82	-92	-61	79	17	7	-49	42	62	17	-3	50	74	-31	25	68	-63	77	-59	52	-15	14	43	-77	-22	18	68	-53	80	-35	29	-48	-30	-38	16	-82	97	-59	-18	21	74	-65	48	22	31	-18	29	-96	32	-2	-16	-99	89	-13	-9	79	55	52	86	-54	-35	-97	-46
29	97	98	-88	99	13	90	-17	67	-65	-57	7	-88	9	54	-53	11	-46	54	-1	57	-47	-3	83	-59	76	-50	-33	-30	22	-1	78	-5	58	-18	-61	15	68	-10	-98	-13	2	53	-58	88	3	19	94	-31	76	-10	5	98	26	-58	-57	-36	92	-86	86	61	10	98	-41	-17	-47	-42	2	-39	-84	66	-76	21	-44	49	84	80	-77	90	91	-98	-98	10	-86	77	84	29	-1	65	35	24	-54	-87	-10	-98	-24	82	-78	28	4
-3	-83	56	-2	-53	1	-80	48	66	34	11	-23	-77	43	-72	30	-27	-28	25	-80	42	-51	19	20	87	96	-10	17	91	94	73	15	25	-93	62	-22	93	30	-14	16	-12	57	26	66	18	50	-13	52	-67	-49	-8	28	-29	-96	38	9	-26	81	0	40	-62	-34	33	28	-31	-63	-13	87	82	-99	-84	92	-96	-5	-43	8	-21	20	-29	-22	30	-82	-8	-27	-1	1	47	51	-4	-8	-19	25	6	38	-61	-9	-62	84	-30	95
56	19	-96	-20	39	-98	81	-20	-39	16	-22	-98	-97	-26	96	-29	-15	46	71	76	-7	9	-36	20	28	-57	79	52	-66	-49	35	30	89	-79	79	53	-38	-51	100	26	56	57	15	71	51	-8	75	19	-96	92	34	18	7	12	-94	44	-57	69	-7	-40	84	-64	-61	-17	-48	38	56	90	-30	-36	33	-40	-82	28	-15	57	24	-16	-16	71	-15	16	-35	-29	-76	1	72	-83	-97	63	5	-20	98	59	3	97	-50	-63	43	95
-56	35	-23	43	-93	23	-54	-56	-10	26	-6	-43	47	-25	-71	-25	99	-53	-10	84	6	40	-18	95	91	-39	-24	-20	36	-78	-40	-34	-65	98	-82	61	60	-52	98	-47	95	94	-27	-62	4	73	52	-39	75	35	-89	93	92	-31	21	-17	-60	-20	-77	-43	-27	-46	-86	-31	-90	90	-36	14	29	12	-51	79	91	82	97	4	-84	39	40	-13	34	-90	11	15	77	23	-72	5	25	94	44	2	-99	-98	90	39	-77	2	71	-20
14	-70	-61	44	-70	-89	20	47	-79	-83	-27	29	-15	-58	92	98	-12	86	10	-94	67	64	42	42	58	-11	-78	34	40	-43	-92	72	10	57	-42	29	43	-20	58	-51	28	2	-69	10	3	-50	-14	61	57	-20	-73	94	12	29	15	81	28	-98	80	54	70	24	-86	92	25	-5	53	94	16	18	51	-83	-89	-87	16	20	-57	31	-60	-86	30	42	-10	-62	36	-23	-44	-8	29	-88	-92	-99	68	45	-62	36	14	26	-49	-46
69	28	-80	-74	-96	17	56	45	-81	68	77	5	54	40	59	-89	48	91	23	-70	61	-85	-37	64	33	-50	-20	-41	-42	-77	13	-49	79	83	18	76	-80	56	-83	24	-93	61	-58	27	-94	91	-34	-95	-40	-41	9	66	26	-68	-62	-19	-27	30	-37	-59	62	-73	-59	-49	-44	-37	-23	-45	-65	1	-67	-2	-57	39	-90	-46	-20	-29	-4	-99	13	62	73	50	-9	60	67	-60	46	83	11	33	90	-44	56	-53	-43	-60	72	-100
-58	24	0	40	-17	-46	-49	-84	-37	100	49	-74	3	-87	-5	47	-55	-70	70	97	7	29	86	-31	81	42	-68	-59	-83	6	33	-59	93	-52	74	9	-49	68	32	97	-97	-39	98	89	61	-40	-67	-94	28	15	-71	-9	43	-58	82	98	53	89	-38	-97	5	1	-16	-93	100	33	79	80	23	-32	64	11	35	100	32	9	-48	68	73	64	-17	-92	-41	11	49	-1	84	-72	-34	93	-26	-76	68	-30	-61	-30	-87	-51	53	-100
46	-46	-40	100	-50	68	17	-49	12	-30	94	-62	86	-34	-83	75	53	-15	25	71	-16	29	-86	-63	79	94	29	-63	31	-12	-73	-11	-25	-78	-37	97	89	-95	73	-92	31	-13	48	4	-41	-71	-48	-40	63	25	40	-8	-88	-86	-35	71	6	-68	49	16	-23	-92	5	77	80	-86	-80	-70	-11	69	100	-44	16	-11	99	-38	-74	0	15	-6	-51	37	51	-55	40	56	61	50	17	-48	72	-3	-96	-99	-63	-32	74	-84	63	-52
26	52	-81	-4	-19	80	-87	-31	57	-49	-17	-43	-10	-98	-55	93	3	-78	65	-80	-32	-64	-53	-51	-54	32	92	95	73	-83	68	64	53	-97	-43	35	-65	-33	70	-61	-90	-17	-64	78	-78	-38	-55	-87	-92	-21	-42	-94	15	-23	1	-31	54	-98	33	51	47	47	44	4	-32	0	-50	34	16	53	63	43	-13	39	-49	84	67	-56	95	-19	-34	79	-66	-78	-99	70	-51	-16	41	-3	-62	21	-36	50	34	-34	100	-11	-40	64
4	-42	64	-9	29	-60	-11	-45	-7	-69	88	88	13	67	33	-3	-73	7	-50	33	91	-71	-47	83	-20	21	-62	56	-33	-32	70	26	-79	56	-47	96	30	59	9	-100	53	-5	-13	65	98	-12	-94	-30	64	-72	0	-26	92	-37	82	51	51	-86	77	82	6	-37	69	-11	16	-35	-47	33	99	4	-36	58	81	68	35	-11	-16	-80	95	62	-67	-26	17	38	54	80	14	-32	-92	-58	-17	-17	74	35	55	-86	24	-6	5	75
-52	33	35	100	-70	-70	-9	72	-17	69	53	-86	-69	37	64	-11	4	29	38	21	-21	41	38	49	-31	96	-90	-37	-45	32	87	73	22	-9	-90	19	-45	-50	87	31	-31	-100	-91	89	43	-43	-3	90	-40	89	-23	36	42	-93	-46	-33	-28	72	-26	86	49	-20	35	-15	53	15	50	22	79	26	95	-4	94	68	-31	-20	-36	-83	-65	26	33	-58	-38	-26	34	45	-94	78	67	90	85	30	57	63	-83	14	34	79	98	14
-73	59	-9	-52	10	-74	70	-13	-48	61	76	88	49	-10	-91	89	-79	-92	39	25	7	89	70	93	-38	-23	-100	-91	-85	-72	0	-38	54	3	-1	-53	-11	-12	-99	-99	41	-59	41	77	-70	79	15	85	-9	94	-97	-77	-100	-36	-64	-85	14	-23	80	-48	70	-32	-90	0	-71	-45	55	-17	-58	67	62	14	-68	67	-80	67	-85	32	-91	87	23	73	3	-68	78	38	10	90	25	-45	40	-25	93	28	13	64	18	-59	-14	3
29	22	72	63	-87	65	-25	-35	39	19	74	83	11	-91	27	-28	87	-24	20	-99	-50	-69	-80	-86	2	43	-23	-27	-52	-92	-23	64	55	77	-64	-12	33	-91	-11	-11	32	-81	82	74	-67	-64	-74	46	-72	-58	57	9	96	62	85	47	35	-73	98	87	28	44	-42	67	25	-45	57	79	36	-61	-21	-64	-59	93	100	22	47	-79	48	-80	66	81	85	-36	-12	15	65	94	-69	-71	85	-40	49	76	-75	36	-26	96	-80	-92
5	40	38	93	89	-88	-6	66	-33	21	12	71	99	16	82	79	-29	-71	99	48	52	-69	33	-73	57	48	46	78	-39	-91	42	-12	-78	-45	-65	95	44	81	-35	14	-30	-83	-56	-44	33	71	65	74	90	-32	15	-60	-66	-85	-34	82	88	35	1	86	2	18	-81	55	-41	-67	-31	-49	61	-93	-50	-35	-66	76	90	-92	-98	-31	23	-39	-97	44	-14	-57	-75	51	-79	94	35	78	-57	-53	42	83	90	66	65	-36	-22	73
-98	18	18	38	-68	88	10	-99	-83	85	95	-76	4	-59	21	60	67	30	-87	-97	-82	46	-2	91	-52	13	-62	-92	56	-52	27	-25	-86	10	-68	92	-41	26	65	-31	-40	-49	48	100	-97	-97	-50	-93	80	-69	55	41	40	92	65	12	92	-17	-96	54	-94	70	-40	-32	62	-24	76	86	98	-52	64	61	56	48	24	-33	-13	87	-75	43	8	-89	-76	-48	-23	-29	-25	-6	-91	21	67	-95	35	-51	59	15	-43	-24	-43	55
-57	-59	-19	-26	-83	20	-89	-6	65	-8	-32	10	58	-31	-68	-65	91	-97	-53	10	99	41	-100	34	91	30	34	-52	58	-67	90	-3	98	45	-29	45	-39	75	-19	-50	-75	13	-95	17	-91	-18	61	-26	64	35	-73	-58	-8	63	20	-46	-97	-81	-34	46	-44	-96	31	-56	90	35	-23	-67	3	-96	57	74	53	-21	53	-40	-13	-72	77	-30	9	-20	-39	-76	-48	-53	-43	-99	36	-5	-38	5	37	-14	-74	19	-86	-16	-99	67
65	-65	-55	-17	30	-57	29	98	-78	51	-45	-28	-66	-69	14	4	-85	91	-49	-40	62	-16	-49	-4	67	56	-2	-90	-20	-3	90	-51	-73	-93	89	-5	36	-3	8	-8	-92	43	-11	17	39	69	64	-44	-35	17	97	-26	66	-28	4	95	-30	-63	58	33	84	26	-26	96	-9	-41	-7	57	46	-93	-31	-62	91	84	-4	-83	52	-47	-63	-30	74	-24	65	62	-34	46	-95	-91	-63	79	-26	-24	-25	73	92	-20	65	-97	-4	-77
16	74	13	-65	-57	86	74	64	15	-80	-74	-61	87	22	30	92	-26	16	40	77	-62	-10	-67	2	47	-94	-3	-74	96	-79	-56	58	64	-90	88	73	52	30	-54	42	-10	-20	71	35	46	66	36	-65	14	-47	-43	99	10	71	33	-57	-5	26	-16	-8	70	71	25	-40	-100	-87	-69	41	86	-45	-27	-77	83	-98	59	-55	-86	-96	-37	-32	80	55	-41	3	-75	-45	-27	-19	-26	-84	87	69	56	79	22	48	-72	-11	-33	-50
-70	-92	36	-34	-28	56	-93	-31	-80	-92	93	95	-69	-12	-58	63	-35	-23	10	45	72	28	-56	43	10	34	15	-1	-77	-65	17	-32	54	4	-73	-44	61	-62	72	60	32	-35	-38	89	95	-26	10	-78	27	-76	0	15	46	43	15	48	-78	-60	7	69	65	33	72	-9	-78	70	-77	-11	-3	-89	-100	-93	-10	-81	64	-28	-95	36	-58	98	-71	44	-11	-15	-65	-65	79	24	-83	-70	34	39	8	-1	-62	45	-50	-61	-96	-45
-85	-92	84	-68	14	93	89	-30	-43	-8	19	38	-74	45	0	-21	31	-18	36	80	17	1	-98	-40	-50	64	-63	-4	-62	-61	27	75	11	-12	-69	63	92	-25	81	53	-34	-61	3	48	80	-94	-10	-23	-82	64	57	-67	-20	-87	-89	-57	68	22	0	-41	-88	94	90	-83	5	21	-64	-16	-52	-25	-10	-28	-97	-90	29	-78	48	2	-2	-9	58	75	47	45	62	21	-35	29	-65	61	30	-36	-71	-90	42	50	66	-7	46	74
-8	-40	62	4	59	44	41	55	25	56	62	-53	0	-17	19	49	-60	15	54	3	-90	92	-60	58	-3	63	74	55	46	-46	-24	-69	-80	43	-44	40	-74	-62	-37	-17	20	84	-79	-6	62	-50	69	-25	75	-96	45	75	-29	-25	-75	1	-77	9	-18	30	94	86	23	22	-66	77	-55	-91	-89	2	-66	-45	32	93	87	42	-57	70	-74	-19	-51	-64	-77	76	71	84	-5	4	-70	98	-67	-77	-33	-24	-67	-78	-51	0	-45	-58
-37	-63	-10	-60	38	-49	60	-87	-38	-18	-81	-10	49	42	83	48	13	91	-22	-12	10	-53	-15	-29	67	-28	-53	-63	-86	21	-65	-65	-100	21	-40	92	-46	71	97	-4	0	33	-81	-36	54	-82	41	-14	61	89	-20	63	39	-99	11	-48	23	29	85	78	78	39	28	86	-13	-73	22	-47	-95	-3	20	-20	-95	-50	-11	-31	-87	73	4	6	58	-99	91	81	-99	95	8	-40	39	43	-40	-96	12	70	42	7	-18	-83	35	8
70	-79	85	-26	-59	-82	-7	-50	81	-84	-87	-64	83	-9	28	53	22	-30	-32	35	89	17	44	85	6	-99	-81	37	-78	-80	-69	96	17	-54	72	-21	81	18	26	-12	51	92	31	-22	94	-22	69	5	-20	-88	29	33	-75	-77	-87	-50	-84	62	-17	87	53	-49	11	-43	14	-14	17	6	-44	33	-90	-34	-25	-80	-91	59	-97	32	-25	8	36	74	34	85	-1	-62	42	59	62	-74	78	95	-66	73	-27	-7	-28	87	45	80
-57	93	1	63	-50	-76	71	43	16	15	6	-85	38	-62	46	-79	24	-3	-43	-88	-87	50	-65	37	-81	71	8	87	-93	-99	-60	84	-60	12	63	-3	1	-64	-57	1	-37	-7	37	53	-15	-6	26	29	-55	71	-53	-80	-44	-50	-9	73	-66	-6	-92	-43	37	0	-56	64	-60	21	11	71	39	-7	-86	8	42	-11	-100	76	6	68	-49	-8	42	35	6	50	49	-77	28	91	-100	-75	-58	95	46	-39	-70	-89	97	58	92	-23
90	36	-98	19	-10	-35	21	-15	-33	92	-45	-14	11	-48	-74	20	91	-61	73	-35	-68	33	33	82	-61	-19	47	-10	-61	-88	-25	-9	-85	-87	-1	11	-19	-95	-73	89	57	90	39	39	99	66	2	14	-30	57	-84	43	88	-13	27	-23	24	-83	-79	-24	95	-78	-21	17	-81	84	28	54	32	-34	-38	66	57	-40	8	99	-82	-72	45	-50	-23	-12	-50	-34	63	46	18	89	18	0	-26	-88	48	-72	94	33	-68	19	78	32
-2	-48	45	-46	-32	-92	-56	-49	13	-12	76	0	20	-25	38	-43	-85	-56	-47	33	16	44	-46	83	-99	-82	-81	-3	-14	41	63	-32	-41	7	-41	55	49	-82	-68	-31	-31	-95	68	1	-7	-7	48	59	-93	-97	94	-71	-18	35	41	95	81	28	-88	15	-3	-7	32	67	12	82	-7	-45	-12	70	48	-63	90	28	24	83	43	96	65	-54	-44	72	-44	-12	99	43	79	78	43	76	-70	-33	-19	-85	16	66	-14	58	10	40
10	-54	89	32	-7	67	52	69	-93	-49	-80	53	41	-60	27	72	47	88	-61	-70	-42	-100	-55	-54	44	4	-82	-2	-30	63	-76	-36	57	41	-4	11	62	70	9	15	78	48	-13	-57	-81	-43	-40	-64	17	32	95	92	83	-63	-60	62	11	50	-58	15	-85	78	42	-11	22	-24	-81	52	94	74	-78	-48	62	-53	93	-9	-64	20	-7	-21	82	40	43	-39	-72	42	13	57	-25	11	8	-13	-42	71	74	82	92	49	70	98
28	-42	-27	-61	-67	-88	76	78	77	59	94	-100	26	99	73	14	25	67	20	79	2	68	100	83	-84	9	-73	75	-43	-15	-89	-54	-15	33	18	-63	-15	40	39	67	84	-89	90	-22	-35	-61	88	-21	9	100	56	52	-50	57	64	-98	-9	70	-65	60	-9	33	60	-80	-80	-43	87	-79	60	49	-14	-18	82	-33	78	30	77	-99	60	-68	56	-34	-73	-9	43	54	49	-35	97	-62	26	-22	-71	-46	1	46	-22	-15	-74	-66
41	76	-81	31	59	36	18	-27	72	-37	78	-57	7	67	-64	-65	-52	-76	32	-12	60	24	91	-9	28	-42	-99	-41	73	-32	48	-68	45	-74	80	20	93	37	74	84	-57	12	77	-96	86	49	-95	-88	-33	-24	-34	-98	48	46	-88	-67	16	37	-38	-17	23	77	-94	15	19	55	69	12	-53	-8	21	98	50	-33	-40	-67	-12	14	-81	3	98	10	-6	-31	-5	5	15	28	49	-44	-76	1	18	-44	-10	58	-26	62	26	-49
12	-27	-21	25	65	75	70	-31	43	17	-37	-91	51	-86	-90	64	33	-43	16	-80	-75	-51	-81	100	-48	-38	-34	4	97	-67	-27	48	-33	98	-6	-7	48	17	66	-9	27	3	11	72	-53	72	-17	-22	-84	75	93	-19	25	71	95	92	65	-97	85	7	23	98	3	-27	33	82	-3	43	-9	-70	-10	20	-36	7	16	-78	-93	-84	-53	-85	-44	10	-57	4	11	73	1	-3	63	51	-57	92	21	-25	47	66	-53	-34	35	38
-70	-34	81	-81	37	16	76	96	-32	55	61	-82	-35	-29	61	-31	83	45	77	99	97	53	-89	75	59	-80	68	43	-53	-31	-37	71	-44	-90	26	-17	20	46	-55	3	72	37	71	44	42	-99	43	-38	-80	-13	12	-15	-15	-19	-88	61	-95	-41	59	54	85	71	-25	-1	-47	-72	-38	59	-65	8	-83	-50	43	95	28	88	33	-72	-2	-66	92	-79	33	-32	-90	93	44	-32	15	-81	56	-24	79	-30	-8	23	-21	-39	81	-34
72	-5	100	32	-83	43	-67	5	-71	-36	-70	-22	-3	47	58	-16	12	-65	-56	14	-60	-86	55	11	-29	20	68	-62	-84	-56	-64	52	81	-6	-8	-48	-38	0	50	-7	93	-50	54	-63	-38	7	-45	-20	69	-21	37	90	28	-5	41	-44	63	-58	89	46	15	-9	64	-91	13	80	41	-58	96	-88	-7	11	-72	-67	-64	40	-63	-100	98	87	-63	83	57	48	-63	35	-61	73	69	-93	96	56	74	2	54	15	-80	100	64	2
-48	-84	14	93	-28	75	69	57	-25	-88	3	-87	-38	-46	-19	43	70	-90	-20	-8	-18	-84	-72	20	-55	42	8	-67	30	-4	6	-33	66	82	-51	-20	-63	77	87	-60	-77	-30	-18	44	74	64	-50	-83	46	95	-50	-82	31	21	45	-97	-74	33	-90	12	-8	-64	-17	35	83	-42	68	46	80	48	-66	-62	-13	95	-48	11	-66	-51	-5	98	98	33	65	58	27	82	7	72	55	-42	89	-94	62	-100	-2	55	21	35	32	68
41	79	25	50	63	-80	-86	-45	86	-84	-18	-38	-39	-45	-39	-42	-39	94	19	-100	52	-41	43	-52	-53	-90	37	-28	79	-22	95	-1	32	-63	-46	-75	63	35	22	82	58	50	31	-83	50	-37	91	2	-72	-73	-27	59	48	1	37	29	-63	-97	-53	87	-26	-8	-73	96	40	56	49	-61	15	95	100	-75	43	-85	-97	-70	32	84	17	-6	54	-66	-14	-83	-8	-83	50	-96	-58	-7	74	-33	-44	0	86	-20	33	50	-44	27
-27	-24	-27	-82	-33	92	42	-69	89	43	-57	0	-42	28	87	-14	-66	-28	-41	31	75	19	-53	-2	96	45	18	-27	7	79	18	66	-97	11	49	9	-41	-19	89	17	27	-55	-90	-60	-10	-32	19	-18	22	-48	-81	98	-90	60	77	49	13	-62	-82	-83	-9	-32	27	52	-68	79	-71	-38	78	47	-25	34	61	63	50	60	18	-85	27	64	94	-59	5	57	-28	-95	-90	40	-72	68	-24	18	-4	-66	-86	52	-49	6	-35	-63
-88	5	-43	56	8	-75	-12	-73	-64	-32	-58	-66	31	-9	89	45	78	-55	-16	-20	17	-21	88	-76	72	-31	26	-72	-74	31	50	93	95	-49	37	31	-5	16	44	65	-61	64	13	63	54	-50	31	-75	-97	-6	61	89	-68	-7	-73	-98	-34	-42	-17	72	-45	72	64	-18	-82	16	53	43	-13	18	-56	79	54	45	24	-9	-56	-54	-91	-77	-90	75	16	40	68	47	9	-43	60	-65	-96	-44	-66	-67	-66	46	18	-63	-84	62
21	52	-18	-12	-25	-33	0	43	8	73	-52	-47	-75	57	88	69	32	-15	61	42	33	42	24	23	-45	90	4	2	54	-49	55	-19	88	73	-58	96	23	-94	97	23	63	-60	14	38	-22	-5	50	-41	87	70	-88	-85	22	28	-40	44	65	-87	-25	-64	-98	33	-8	-54	73	77	-47	-60	-19	9	-3	60	-90	-48	-88	69	15	-36	-33	-89	-69	76	-94	-12	64	-20	-89	-21	-69	-14	9	-15	-78	-18	-6	-70	49	68	-27	-80
-29	72	9	-97	-31	3	-93	42	-90	61	-36	-29	92	88	26	77	-9	-9	-15	1	-46	-95	65	11	-84	15	-60	-14	-38	60	0	-94	95	28	-59	-54	-97	-16	37	1	-21	33	-26	44	33	-23	44	47	59	72	84	48	-28	75	68	38	-32	-25	54	7	92	91	1	34	84	44	58	10	81	99	31	37	17	42	95	67	-98	-65	8	-23	25	-44	9	-33	80	-14	91	21	-93	17	-39	87	86	84	-76	33	-37	-90	22	55
-19	-84	-47	55	54	37	-80	-39	89	88	-17	-81	22	9	-83	-47	29	41	24	-41	-36	-89	-75	-58	40	71	-82	35	74	-40	45	-32	13	-34	59	82	-41	51	-14	-72	18	-97	6	-83	-85	78	82	-42	-72	-23	23	-49	46	-35	10	-17	42	-52	-11	69	24	93	-85	-57	13	0	-77	-76	4	-22	66	-37	-70	55	46	32	-69	42	-34	-61	-38	-84	39	88	-43	-74	-20	44	-91	3	76	-76	51	-1	-90	-17	33	-26	-4	15
-77	-79	-7	-26	41	97	-78	-58	32	52	-97	-52	27	-4	25	26	18	-28	20	-83	20	39	38	67	34	-79	-35	69	-10	45	-66	95	36	-60	10	39	94	-3	-79	-36	-64	25	-6	14	93	6	-51	38	-65	-71	-36	-15	-44	70	-57	22	38	-75	87	84	45	44	32	-24	16	-40	13	89	-88	-100	-46	-20	-88	-54	-31	47	13	88	85	-88	33	29	-35	71	27	47	38	44	23	-20	38	-25	-32	16	88	-49	94	7	1	-58
