-44	-92	6	40	-51	93	38	30	-70	67	-91	-43	-4	83	58	-90	76	23	-20	-52	-90	31	-84	74	76	63	-24	60	95	74	68	-84	-8	41	-86	-88	-23	-63	-84	-87	-20	49	49	-80	-50	-55	38	-19	50	-61	42	-100	-60	21	-68	-60	97	-22	-7	64	-97	-99	-70	-99	40	-67	69	-100	53	-92	42	63	59	-52	-74	86	-86	-84	93	88	-28	-57	-81	-50	-11	-73	-40	82	-84	88	56	-85	-15	-6	-41	23	-15	29	82	-16
-79	-16	-18	-40	49	-40	-67	44	30	14	9	92	99	-22	-69	-8	-54	-27	-13	-49	-51	10	-99	40	-84	61	-58	-69	78	58	67	37	-21	-42	6	9	74	90	87	15	29	-62	45	48	60	-52	52	22	-70	67	49	-88	-37	-48	-4	21	15	-22	-93	-91	-28	-62	10	89	-77	-9	-74	-87	-89	88	-73	35	40	-19	-4	-23	31	-86	-99	29	20	-38	79	-21	-48	34	-15	-34	98	96	27	-48	-12	-18	50	-81	-64	86	42	24
55	72	49	-36	50	32	60	5	21	81	11	24	95	35	-39	-80	51	-86	10	63	-94	6	-63	-49	-7	-50	-14	16	-54	-70	11	-17	98	-94	45	7	-22	-5	79	28	-100	-77	-85	4	12	3	-59	-68	15	-13	-81	82	-89	-6	-13	-59	-21	-23	-87	-8	21	87	0	-11	88	80	-17	97	-95	-50	97	0	35	-96	13	15	72	-21	56	34	-96	2	-2	-68	-82	-1	-38	-49	-61	-53	84	60	-78	79	-43	-31	-98	-88	-36	43
-94	23	-25	60	38	-51	1	-73	30	93	-29	-14	65	22	84	-2	56	83	87	43	-39	-63	81	-23	25	93	40	13	-29	23	-23	26	82	-47	-27	72	-80	-2	62	22	-14	-30	-5	-69	73	-47	-43	-45	-81	-47	-11	61	-21	-79	-96	23	59	72	99	75	-28	36	18	-39	83	70	77	64	-77	-44	-34	-64	13	55	-98	-87	-27	-91	73	-37	27	-13	-8	35	0	26	-23	74	96	40	59	0	13	44	-21	19	77	12	-16	-69
62	-34	-33	-5	93	89	45	-25	-7	67	-9	33	-70	-8	-26	69	-23	-83	52	49	99	49	-81	15	49	82	32	-40	-100	-6	54	27	-22	13	84	-21	-54	16	56	-83	-61	-50	20	40	-90	54	64	25	91	7	2	-88	-5	-4	19	33	-89	79	11	-44	73	-90	-38	64	96	4	53	77	30	-7	-76	-30	-16	-3	53	20	83	52	7	33	-89	-85	-50	-24	-38	16	-4	88	48	20	-18	61	0	76	61	3	-40	1	78	-3
33	4	-79	-10	16	74	-81	75	1	-9	92	40	94	88	43	66	-8	71	-56	53	-9	-82	94	-34	84	85	92	-83	-63	-22	-83	61	11	-56	-1	-11	-14	-56	50	-18	-70	-47	29	-80	-52	-3	53	34	-64	-54	-31	73	60	-49	48	2	42	78	96	21	-5	-70	-45	2	-16	-19	-100	-40	-96	-88	97	20	93	57	39	-33	-54	50	81	-76	-23	-13	-56	83	-30	76	3	-76	-77	35	-5	38	-14	76	-48	-34	-82	-2	-81	85
-75	58	-16	81	29	97	91	12	14	-96	23	30	40	40	69	59	-14	-37	-89	-73	-20	-91	6	19	-90	-36	47	-5	-31	21	-87	44	31	-57	56	26	51	-41	-95	82	44	-13	73	-77	-52	-18	-88	89	4	-85	-86	-57	-43	25	77	-50	-11	-14	-17	-43	-73	48	-30	20	-6	-26	-21	-25	-45	-41	94	-64	64	-13	-98	85	-99	-74	36	-86	82	70	-21	50	-90	-43	-52	55	23	-48	-50	42	-84	49	-76	58	55	-41	-10	42
-13	-59	15	-71	-50	58	-35	63	-63	-82	-39	65	16	92	92	-95	-60	88	-81	76	86	90	77	-59	38	85	16	12	-78	63	-10	-34	27	0	-73	78	-91	-48	-62	-23	13	4	-96	-31	-7	-13	-92	-21	-7	-39	-1	-81	-16	95	-23	96	2	-38	-74	-3	4	-3	-41	-37	19	63	-5	46	-30	33	83	-69	-25	60	-4	52	-34	21	63	36	54	54	36	-73	-37	84	-60	83	-84	87	25	-23	6	-75	72	6	-55	-80	53	-73
-8	-72	-9	62	22	-67	-58	-100	41	77	19	49	70	-3	76	-20	-19	80	-86	-70	16	-22	-81	28	18	14	-66	14	-66	17	46	17	-29	-13	22	10	-99	-35	-38	-2	-96	-71	24	12	99	-41	-38	-7	-7	-87	77	-75	-13	-1	-84	-41	31	-7	-44	-43	-37	-26	52	-94	-85	55	-81	79	-5	67	-28	90	64	42	-85	64	-42	36	-37	-97	78	-90	90	7	63	-42	-32	80	58	-11	68	24	-2	57	-53	56	-11	42	-96	53
16	-90	100	49	-24	6	32	-93	75	-41	54	-25	-92	-14	-94	79	-78	-34	70	-3	98	-79	77	-13	61	-12	-19	17	-98	-91	74	-7	-21	43	-91	40	95	98	-63	-42	7	-61	39	-21	-76	-77	66	81	-20	-6	-60	-70	11	-79	-60	-71	92	23	-31	82	-6	46	-76	-60	1	-87	40	-51	-31	-34	-80	51	-88	-57	-71	-6	-99	14	6	-62	-52	-8	27	-3	79	9	79	-18	86	16	-56	-25	-42	-3	4	72	97	-2	31	5
-65	57	-32	9	-40	4	-22	-32	-66	11	-70	96	-29	-22	45	42	-6	78	-10	80	54	-91	61	-10	49	12	67	-16	-97	-43	81	-85	-1	75	-30	70	14	36	-33	27	-65	-57	-46	-61	11	-16	6	6	-47	22	10	69	24	-53	-26	88	-51	43	66	66	-86	53	99	62	-22	9	-75	90	-6	77	-90	20	19	67	48	-42	27	43	-12	38	31	100	21	15	24	-66	-15	29	-89	-66	65	78	-62	-57	41	40	-82	-78	88	98
10	-21	-26	67	94	18	67	-64	-26	-35	75	-25	65	-80	1	53	-73	84	-59	34	51	51	31	-26	84	64	-91	-52	45	-29	-75	40	70	-82	-85	43	76	-12	38	92	46	58	4	-71	82	-82	74	68	-86	84	-78	-52	-12	-100	-32	9	-31	16	-70	-64	11	-74	-25	-21	47	-63	-76	-98	14	-70	55	37	79	-54	46	52	-64	90	-43	-50	-29	-67	67	-12	-56	-2	-7	11	71	37	-9	87	-95	-88	73	-54	-27	-91	-14	-4
-96	-97	64	16	-76	6	-9	-82	-80	82	54	56	46	-53	41	30	-67	-47	-44	-52	10	-25	-7	-13	-60	80	51	88	-29	-37	50	64	72	-77	99	-50	46	-66	5	-44	-21	-8	45	32	-95	61	-22	-99	97	37	-39	71	7	18	2	68	-65	46	32	97	38	-68	-16	16	-36	43	97	78	72	36	59	-18	68	57	-6	-88	97	-31	1	66	13	18	64	74	-8	-29	-25	46	-27	-28	86	-53	18	37	40	33	37	-30	20	-45
43	34	80	21	-34	-71	-16	-8	31	-24	-31	-7	-38	18	-69	-45	-76	88	10	-13	-91	50	-51	33	-30	100	-48	31	-33	-86	-49	84	-41	-68	-22	89	-73	75	-89	43	23	-4	-77	-14	-23	-35	-58	47	-36	-62	29	-63	-2	-79	-99	4	-42	2	6	45	-96	77	57	-59	-25	24	63	-68	81	55	99	-81	-56	-53	-95	-57	-38	-39	-12	34	48	27	-44	-36	-33	-82	-68	-70	-65	22	37	75	-24	44	71	-6	95	54	-62	72
72	-37	-99	-55	-22	-64	-30	14	21	23	44	-25	-88	5	-75	-4	-37	-65	-93	-13	-45	51	1	-66	-66	36	-77	-40	20	-89	25	-53	-99	-95	10	-6	-16	46	89	73	-84	71	-10	14	83	-20	-76	-37	12	-62	80	-91	-65	23	81	-25	-86	4	50	56	-41	-22	-12	-52	91	28	-92	17	91	3	68	-68	-14	57	0	78	70	-15	92	50	-93	-50	-92	-77	50	-44	-28	-2	76	15	-47	1	-1	24	94	-68	21	48	22	-75
-84	15	-62	11	-11	77	80	10	8	16	-10	-33	85	18	51	7	-3	-40	-28	48	62	75	-40	64	-54	62	-7	-41	-77	-39	-76	-48	-62	91	-17	30	-34	72	-44	95	-96	45	-38	12	1	-65	-92	69	-53	56	29	-32	-52	66	-99	-99	0	93	-82	58	-70	-98	-33	-94	-67	-35	15	57	30	47	-86	56	-49	-87	63	10	16	-95	-11	-78	-40	99	68	24	44	88	-9	51	81	-90	41	-27	-86	-5	12	36	95	98	21	81
79	-57	26	-30	-39	-47	56	-8	-81	-78	71	-69	-99	-7	35	84	-50	37	18	-61	33	-1	89	-14	-44	-26	-34	-23	-67	47	82	-62	11	-36	54	32	-80	-21	-100	-83	49	-37	67	13	14	-63	29	97	61	85	45	51	29	14	-45	26	59	27	1	21	48	-87	-77	50	-43	38	-21	20	-82	6	-62	64	-98	34	-14	16	89	14	-60	62	-61	-43	-19	-50	-68	35	-83	-64	75	-31	33	64	-88	93	51	97	-39	53	24	12
48	38	18	21	-26	-80	-48	86	-17	-77	67	-64	-15	35	-43	90	8	23	-19	-20	9	-17	23	44	49	-88	47	-4	-71	-97	-47	-8	14	-47	100	55	27	67	80	42	90	-79	85	66	100	13	43	-39	-21	18	-18	3	24	55	-10	48	-21	-26	-41	-1	-95	33	58	-69	83	11	49	-43	79	9	-50	63	39	-13	-53	72	32	-39	-81	-96	-39	-17	-37	-23	-45	47	57	93	28	-80	-64	-39	-69	-95	-71	-38	84	-61	37	-65
31	-55	-38	-62	86	-81	54	-36	16	51	1	-65	-63	58	42	79	-30	9	-9	-95	-50	15	66	-50	31	-39	-92	-55	-62	-6	-56	37	90	16	34	86	-29	-78	12	-10	-99	19	-93	64	95	-93	82	-76	33	10	-6	-29	32	-79	59	-89	41	-72	-97	-18	-13	41	-20	20	44	-56	50	100	48	-34	55	-47	-76	-47	81	-25	-99	5	83	-16	-43	59	68	-89	-33	7	11	-41	73	80	51	60	-83	1	-62	-55	34	69	98	-21
2	99	-36	-92	-52	-63	-59	77	36	52	98	91	-74	-88	72	56	-96	-28	69	53	-31	82	-37	55	-75	55	-66	39	-51	5	-48	-87	23	-94	44	-11	-16	-60	-4	83	-75	67	-91	76	-62	-3	8	62	73	-71	66	-8	-13	-66	-66	7	67	60	-18	38	-61	76	-32	-17	5	59	-62	-94	32	-78	90	16	-30	56	-57	-25	-19	-64	-13	21	77	-38	-8	5	-45	-74	-66	-84	50	4	-71	15	9	35	-29	-84	83	70	12	-26
26	14	71	-27	-28	13	-74	53	51	41	-45	-79	76	-81	-36	71	32	-14	-56	-50	66	-13	45	-54	97	82	-38	42	-24	-36	27	83	22	53	50	63	93	40	-31	-1	-51	-85	12	-41	46	-29	7	-18	23	15	37	-47	67	-9	-45	-88	47	71	-27	7	91	99	-1	95	79	11	85	23	-96	-32	78	-78	58	-35	-62	6	-78	-93	35	-44	-8	-60	74	-6	-38	-33	-92	89	89	-90	9	87	100	52	82	52	82	-29	87	39
-65	14	26	-76	45	-94	48	59	94	-78	85	-65	53	-70	55	15	5	-22	-62	1	-44	-54	27	84	-95	32	-26	4	95	65	-16	55	-87	65	-20	67	-36	-11	38	32	84	-32	-48	94	42	-30	-3	-2	-70	42	-29	42	71	-46	97	9	-50	51	58	-80	30	-35	-65	57	-13	-78	-9	-74	6	18	-49	24	-90	-6	-50	-82	50	29	49	88	-21	55	-56	75	62	59	-39	89	-10	100	8	-69	91	11	-24	-100	42	-85	-36	-20
79	30	29	-100	52	37	-39	97	-30	18	-31	-85	-85	19	22	73	66	-83	-96	39	-69	60	25	73	69	-20	-64	-18	-20	30	-21	-68	-13	-43	91	34	19	-41	61	8	-6	-3	41	75	9	-67	33	15	-21	87	-91	6	-7	-31	53	99	92	70	30	-94	42	44	46	98	60	-42	-42	35	20	-43	-92	-91	11	-16	38	30	-69	44	71	-87	-34	30	-54	-56	76	-54	-79	-67	-41	-3	33	60	-94	-72	-16	-1	-17	25	-93	88
-25	80	-51	29	-40	89	-27	61	42	-57	15	-60	62	79	15	-4	55	82	-5	94	27	-67	49	31	47	-88	93	81	14	54	51	26	-75	-49	73	-38	78	21	-8	-2	70	-44	37	-91	89	18	84	-93	85	52	-1	-45	50	-30	-93	36	55	57	48	-72	-34	18	-38	-16	33	26	46	-79	9	-99	14	68	16	68	47	-36	80	17	8	46	-100	37	14	67	-93	-70	-98	50	27	-25	-70	89	82	-47	27	-92	37	80	-43	-17
90	-17	90	-73	-51	-63	-4	-55	-96	90	30	48	43	-79	-67	-96	-41	-72	71	23	1	-42	-82	-78	0	-20	-64	80	-85	13	81	-15	-6	45	-91	-50	-55	-87	96	-44	-60	29	-41	-18	-19	69	60	94	-32	56	22	72	-38	65	-13	7	-48	10	72	57	-80	70	-10	74	90	33	33	-72	-67	69	63	-52	-60	57	-17	-100	12	-8	35	1	-40	68	81	51	50	7	15	90	-21	77	-96	92	-49	-16	39	-13	82	-74	-97	63
100	0	-80	-68	50	78	-82	-53	6	-65	-90	18	-10	-69	-78	-83	91	75	-33	-84	71	-60	-27	-65	95	-87	-5	47	-76	-44	97	-39	-20	68	-11	-44	2	-85	-77	-86	-42	71	-80	36	-97	-9	16	35	13	-94	84	-38	51	70	-87	14	-93	22	28	-86	-69	-80	80	21	-11	89	43	-43	80	40	24	84	47	-18	-18	-14	59	70	82	38	0	-90	77	80	-54	71	-46	-87	51	-70	-55	20	-43	-98	71	-95	-67	-54	73	21
-90	100	-79	15	12	-43	-69	-59	-69	49	15	-64	96	40	46	-53	8	-52	21	-9	-23	88	-75	-18	32	-70	-38	-9	-47	46	-36	-7	-18	91	-32	33	59	-70	56	-40	-30	-43	30	86	-13	-4	-25	20	-11	-11	-32	39	31	77	87	95	-1	79	-85	36	-68	3	55	3	-38	-59	-56	47	-6	-26	-27	-8	-23	-37	-34	46	-65	64	49	38	34	-73	-75	84	-32	0	99	47	-84	94	-35	94	21	-92	79	-9	-40	-37	-34	96
-85	-99	-30	57	77	32	-37	0	90	38	-57	-85	-21	78	98	44	20	-28	29	79	77	15	14	56	-53	-37	42	-45	-13	-62	-31	7	95	-6	24	-2	35	-75	13	58	90	-100	57	69	91	73	71	-44	93	-17	-74	-65	74	-82	8	64	44	95	30	10	80	-68	69	-61	-25	49	-93	-81	92	22	-69	5	-80	-64	14	82	76	-47	-98	17	-90	2	-29	-20	77	73	75	-57	-9	-4	-13	2	-8	82	-97	-28	31	-29	47	50
-48	-27	7	-2	-71	76	41	11	-85	-8	11	-18	45	-20	60	55	75	-23	-17	75	58	45	30	-95	-20	-94	94	11	-40	-57	3	-16	-73	-87	97	-78	-39	-14	43	35	57	-78	91	-48	-39	-51	12	-23	59	44	22	22	-16	-68	89	-100	82	-48	3	50	-93	79	-69	28	54	8	60	28	60	-76	27	-26	99	-70	19	86	-12	-39	35	-62	74	-85	55	26	77	64	16	49	30	72	27	-76	83	14	-82	-9	-82	-47	68	-38
27	40	75	12	-98	86	4	59	90	-45	-2	10	64	0	-16	6	19	88	60	96	-74	11	-56	0	-77	-21	-4	4	-75	42	-68	13	-7	36	50	-28	-60	40	-11	76	50	36	-24	-33	22	70	99	-6	-50	-76	-34	-29	75	74	69	-69	-96	81	-14	-59	-28	-69	-36	-82	41	58	-10	35	72	-73	-66	-94	-30	31	18	56	7	-16	-54	-89	-8	-49	13	-54	-55	13	-46	48	16	60	-7	-90	-66	64	-96	38	-22	20	36	48
-11	16	5	12	-91	61	-89	78	86	68	-5	67	62	-53	-4	-57	27	-88	84	95	-15	76	87	45	-79	-35	-32	98	50	-67	31	47	-16	-67	-87	68	6	-69	70	43	50	25	26	-44	-17	96	20	-21	-83	-23	56	-62	32	17	33	48	1	-81	36	28	83	81	66	-49	6	-6	-9	-74	-60	-19	73	66	-84	63	13	-7	86	30	-66	-81	52	85	-31	50	83	-49	-14	-43	70	90	-21	-32	-97	88	0	-84	24	95	-29	54
-86	68	33	-45	75	-59	-87	42	40	-15	10	-39	29	22	-82	2	-78	2	98	-38	-76	-80	-37	-52	98	91	77	-39	-81	-75	63	-42	86	81	86	15	-71	-74	32	-52	-83	83	-65	36	94	-84	-47	-85	87	35	-24	18	19	-97	54	-89	32	-70	-40	47	58	-77	-28	55	4	66	56	48	-51	41	-42	-78	-1	-85	-19	9	-92	13	-50	87	93	-42	1	-99	74	-82	67	37	-53	-37	-94	54	36	77	37	-73	17	-82	43	21
-58	58	68	3	57	26	-43	-30	-42	-49	31	-32	-99	62	-51	71	-85	-80	-63	60	-54	38	-39	61	26	-6	-9	15	-48	-53	-29	-35	-9	-99	-3	-29	-40	-38	70	-55	-36	48	46	-76	-75	23	-94	17	-6	-45	73	16	-57	62	49	-31	32	-94	7	97	52	76	-67	74	-85	-2	-46	-66	66	100	36	25	63	93	-67	89	74	-56	14	-59	89	-65	-61	86	77	47	-60	-40	-48	-67	34	10	-95	-99	64	5	-78	25	-46	28
10	-91	65	45	79	50	10	-11	-22	58	-37	-13	-15	24	-35	-49	-74	-10	68	77	-60	-98	-54	-47	0	-79	-16	-95	-72	72	-91	26	66	29	32	-44	89	14	-7	36	-57	62	-27	32	-47	-99	32	-8	18	-83	-87	80	-71	-57	-99	89	7	73	-80	-22	19	-42	-49	28	-84	-68	9	-82	-80	63	46	-70	-81	-55	-80	-54	-57	51	23	6	-8	44	-49	-24	-51	34	17	-22	-60	100	-94	-3	-9	-84	-17	-90	-63	53	4	-65
-29	53	-53	39	7	-89	64	-92	98	84	-57	-36	89	15	-35	-55	-81	70	-75	-7	-87	-28	13	-39	95	-15	81	53	-27	62	54	2	76	-73	-68	-68	-5	28	-62	-96	-63	-5	-73	92	-5	20	-62	94	-65	24	-32	-36	42	28	55	53	-6	79	97	63	19	-53	50	0	56	-93	-3	-63	-93	-63	6	3	74	99	-31	48	-13	100	-62	-33	87	36	-86	69	-20	-93	99	-27	-73	-38	-25	60	-80	64	-46	31	-14	20	-24	88
8	-35	-89	83	-25	99	44	79	95	-19	31	56	82	-24	8	-9	47	-3	-47	44	63	-61	52	-62	34	-38	37	27	-54	42	-61	-90	6	-85	-66	71	50	18	-87	10	17	-93	28	-50	-55	36	-55	90	44	-51	62	-50	-9	-86	-56	-36	-16	49	-78	-77	95	52	-57	-33	-70	10	66	-73	-7	80	-99	4	-35	67	-60	-19	-1	-3	5	21	87	-85	-2	87	36	-38	-85	98	33	39	-87	-100	12	-68	13	-45	-1	69	48	43
20	66	75	66	-38	18	61	69	-54	47	-24	-28	-93	70	-21	44	-24	55	100	-78	74	56	-7	92	-77	31	-8	54	26	-50	-25	-12	-15	59	-55	48	-63	-94	4	-96	-56	74	87	-81	26	19	66	-45	-63	-92	-10	-77	21	28	33	-41	-4	-37	27	67	-30	-83	96	-69	94	-33	-85	-32	-85	-4	92	75	84	-84	-33	83	100	-48	91	-38	-54	-50	-35	-86	-85	55	7	-96	51	66	-55	-36	80	-84	6	4	97	-68	18	38
-50	53	75	-57	41	-24	-59	-92	78	-49	88	-26	-25	89	-38	-73	46	18	-45	-90	4	-29	25	2	61	-37	50	-6	18	-57	-45	44	1	48	-83	48	30	31	-30	44	-44	-42	-13	87	37	62	83	-35	61	10	-89	77	-58	-91	-22	-36	-39	26	-47	-90	99	-78	-77	-80	74	68	-65	-36	-72	7	-79	-53	-80	59	-63	-86	-54	96	12	-36	-23	-34	40	-86	-67	-47	18	23	27	12	-58	72	-91	49	-37	76	-28	-44	0	46
26	44	-56	34	71	-79	57	83	-63	2	-70	20	-98	66	59	-50	83	-35	13	38	24	-44	-71	-42	48	-90	49	-42	-29	-60	85	-71	80	81	-54	-58	-49	72	-6	27	-61	-72	12	82	-36	-88	95	-87	13	9	-1	-84	-41	-78	-34	37	-32	42	-51	-20	-59	-56	13	18	70	21	24	-11	47	80	16	-92	34	-53	-11	-40	51	-64	-79	-9	-68	-11	-30	33	34	-74	-87	91	97	30	38	62	-80	-57	10	-19	91	-47	51	39
22	9	-33	-49	40	-49	74	0	-14	-9	-51	-95	57	-25	45	9	-42	79	45	-35	-70	-72	-30	-11	-79	-20	61	7	67	39	82	-74	26	-14	89	-95	85	-85	58	-57	-96	29	-11	2	-34	5	-53	75	20	-41	-25	98	-44	10	-58	59	-74	-36	-95	-9	-5	-25	-91	4	-11	40	4	-98	33	-75	-82	-100	-76	45	-62	-4	-59	99	-65	-3	-45	12	90	-45	-61	-3	-54	58	87	-69	44	37	-75	22	-49	-86	-86	65	20	92
42	11	72	49	42	-70	21	-51	11	31	20	90	56	96	-45	46	-63	58	57	-43	52	-94	27	-56	41	32	-84	15	89	21	39	-2	38	82	-68	27	38	6	20	54	-30	37	-75	-43	-99	50	-28	-16	63	-54	-7	68	-83	-33	-79	7	99	-37	89	9	14	-72	-25	7	93	-7	-72	-97	-14	-56	54	-71	-29	74	48	-25	95	10	67	-12	-56	-31	77	11	36	9	15	31	21	-77	32	79	35	87	-93	-96	51	-11	51	23
6	-21	-31	-21	19	-90	75	76	62	-40	-33	27	52	-48	97	22	-82	-48	-32	24	-46	-93	87	93	78	-4	65	10	14	-92	35	24	-62	37	-7	-32	17	54	-21	-5	31	92	96	-71	-74	62	-45	13	10	31	33	-31	34	22	69	-15	63	28	23	52	70	-88	77	63	-93	-86	42	-88	25	-53	89	28	-2	-2	-66	-75	21	88	30	25	47	50	38	-15	63	-3	-87	88	-11	74	5	39	-39	-27	-23	-70	71	42	-43	38
84	-5	-77	-23	11	78	-85	71	68	-13	-100	39	38	71	-58	25	-1	44	-37	87	40	98	-20	-23	-88	63	-92	15	10	-93	59	-65	37	29	50	-23	-11	50	-32	20	71	70	31	52	37	94	90	-2	45	42	34	71	24	-73	43	92	-57	97	-66	94	-100	73	-61	91	-18	-31	-7	19	51	23	-64	45	47	-51	-76	93	46	35	39	93	-98	-69	9	-41	-60	-100	-74	-79	-16	5	-18	-73	5	-18	28	-73	83	71	77	49
83	-95	-70	-82	-64	55	-28	-98	-71	99	-44	92	-75	73	34	-85	-88	-3	-18	99	-70	-22	-54	-98	-97	-77	32	-9	0	51	55	95	17	-50	8	35	68	-25	98	65	-7	-45	92	-93	20	-85	-99	37	-56	31	76	-40	52	90	13	-2	11	-4	100	-90	17	97	37	-61	48	12	80	-86	-24	-26	28	65	16	0	51	16	98	89	-84	6	-70	60	-90	36	4	-52	-58	50	4	51	51	-94	-48	15	79	98	-77	-44	-52	-95
-55	-3	-73	42	63	-12	-29	23	15	21	44	-23	-41	-60	57	-62	41	64	58	-21	-18	33	100	72	89	-8	11	-55	-57	47	-68	78	39	78	-12	5	-76	42	93	-19	-14	-68	-9	65	62	42	-52	-100	-57	-60	51	-37	-97	-19	53	-87	92	-91	-82	-46	-26	-77	77	-50	-39	60	67	-49	-9	-54	3	-97	33	26	-52	17	24	46	-86	44	-62	-15	1	-97	2	-9	23	92	-79	-83	-72	91	-68	-99	-12	-89	-95	-44	66	-66
62	63	65	-82	84	100	-80	51	48	-89	45	93	-77	-58	-24	28	-34	40	81	30	-21	26	59	-22	69	98	51	-83	-73	16	42	61	-62	44	21	35	-77	90	90	82	-58	3	-95	-65	62	64	-56	-18	-31	90	39	-88	-77	-90	-48	45	86	-51	-99	-98	-62	82	-1	-90	-92	97	-24	-41	54	-90	60	4	-90	-50	-93	-55	-21	41	-30	-99	-70	45	26	86	94	-55	67	60	17	54	-37	34	73	95	64	76	6	72	-88	81
-36	-15	27	-65	-79	42	-95	-5	-11	54	74	91	97	78	49	77	97	-36	90	51	78	88	81	41	38	-13	41	40	67	-41	61	43	-96	28	-12	-73	23	-19	78	-54	-39	81	-66	-85	11	39	82	18	-45	96	-52	29	66	-22	33	81	85	44	79	-63	89	43	-15	66	-12	-71	57	-3	-76	98	-73	-35	-24	44	32	51	-70	88	-29	23	74	-89	-3	-8	2	38	40	-82	14	-86	-36	85	-13	-57	39	2	93	21	18	53
69	16	-56	55	-92	80	-72	-65	-23	-100	0	-59	-54	68	-34	63	76	-48	-22	-8	-19	7	-57	17	56	-1	86	-65	5	12	87	46	66	-85	19	-68	77	65	0	32	-86	-21	37	58	49	-81	-21	-18	-19	43	79	-10	-38	-56	49	-82	-14	59	-29	-15	-13	67	-94	76	7	-33	85	58	7	10	-60	4	40	-48	46	26	-60	-27	70	-12	5	66	68	78	35	-98	-34	7	41	58	9	46	82	34	-30	-82	44	-87	1	-52
-41	-29	-20	-14	-22	16	5	-78	-58	10	-64	-18	-82	-66	-54	75	-37	-37	-88	-92	73	10	-36	-26	94	62	77	-76	-66	21	-2	-56	44	68	64	42	77	81	-18	-52	7	-35	92	73	-65	-8	-19	90	95	54	-16	-44	71	12	-83	26	8	-95	-25	97	-23	81	-51	-56	-1	56	85	-53	-27	-28	89	48	-87	-7	8	-98	74	-98	-32	54	68	6	-15	24	-65	-53	80	13	79	89	56	65	18	81	-64	0	-14	23	33	-56
-86	88	85	-95	-64	39	44	16	-43	71	49	-59	16	-18	18	-58	65	73	93	22	96	42	89	-59	7	-19	-19	-89	89	-37	77	-26	40	-71	-39	-16	-2	49	98	45	1	-16	-54	-35	76	-28	70	77	-11	-30	-64	-21	9	-31	-24	-36	-17	-32	70	-87	36	95	97	-1	-65	40	-43	72	73	62	-61	6	-72	40	99	55	61	-6	-99	-77	67	56	30	32	9	-2	-21	18	-5	-5	-29	-80	13	36	-75	-60	6	-33	-22	-42
68	68	-22	8	22	-43	-100	-52	-71	81	23	67	66	-57	28	87	22	-87	0	-80	80	-9	60	-65	41	-48	-24	-68	67	-28	66	-81	28	-26	-57	-53	55	33	21	-71	-30	-18	-9	94	-70	19	1	59	35	43	-86	-59	69	-82	-94	-61	31	-97	5	-84	47	-52	-14	85	-96	-57	-86	-25	-94	-32	92	89	-59	98	-72	44	96	15	-60	-28	-85	28	-17	47	-40	-27	-58	32	4	73	58	66	-61	3	-82	-78	72	4	-2	-58
-80	-44	86	80	-4	-48	75	77	-22	17	-88	-14	-9	-23	-39	-68	79	30	-45	51	-26	26	-42	28	39	-60	37	-41	37	-2	3	-84	2	-66	31	48	-86	61	-23	-90	89	20	32	-54	-58	-75	41	99	-62	-14	26	51	-80	-21	73	44	100	-83	-100	72	19	70	90	0	-84	-8	-33	70	10	88	10	-65	8	-29	73	90	-55	-66	-17	47	-27	43	8	11	64	-49	46	-41	-35	-71	4	93	-13	-71	-66	37	15	93	-17	-45
4	-33	16	27	-71	-76	83	86	34	64	8	-55	16	23	-2	17	91	-35	-39	34	-2	87	82	42	-76	65	-56	1	-59	-31	25	-26	94	-16	-39	-45	47	52	27	65	-38	-82	41	80	76	-57	-76	52	67	-91	97	-1	61	21	3	76	-99	58	45	-39	86	6	92	-23	32	-99	14	100	25	-34	-95	-49	-45	-92	-29	40	95	45	48	40	89	69	-37	-41	-97	74	-88	-98	-7	25	-100	-47	-48	82	-81	20	-61	-61	-31	69
-99	63	-47	-35	-46	-20	24	-73	87	-52	72	-1	63	79	-14	-100	81	-42	-7	21	-74	55	18	26	10	2	71	28	-25	91	-32	-70	-91	76	-66	36	-70	82	-78	44	-7	73	100	55	-61	42	-43	-82	63	88	-92	73	23	-5	-70	22	-32	95	15	36	-61	66	13	80	-98	36	45	12	-29	67	20	-30	75	43	91	87	-25	97	-93	15	5	-76	63	1	56	-28	-63	72	16	97	96	-41	-13	9	71	22	86	-94	-23	-83
-46	0	78	-26	-100	-84	18	66	-95	13	99	60	-90	13	-15	28	-43	65	-78	50	89	78	-44	39	81	-22	-80	49	-85	-45	-84	30	60	-35	-8	35	-88	70	-70	-46	33	62	-85	-91	-4	43	41	86	39	-3	-12	16	-88	74	-17	-45	-100	-45	46	43	-10	-47	44	-48	-90	-9	-23	-99	91	-7	99	78	-50	4	-37	-33	34	3	77	-17	-67	17	97	79	37	-37	17	-28	55	-72	55	-58	53	59	30	66	-47	-82	47	-22
-41	-27	-39	-92	10	-60	69	-8	28	-15	81	-96	-11	-18	25	-71	95	-61	99	42	-76	36	4	-41	4	45	-27	45	89	-96	-30	-62	22	90	65	-64	18	-9	9	15	79	-39	-71	-98	-90	22	-50	-95	42	-8	-82	25	45	-36	96	-84	-47	41	-22	33	-23	41	-93	77	6	-30	31	-94	29	-39	-4	14	95	-51	9	60	-66	74	-3	-61	-47	-4	-37	-10	38	99	-52	-89	60	-64	-51	13	-54	20	17	-56	83	-23	-20	28
-22	-38	-97	-93	22	-36	34	39	-26	-33	-54	0	62	41	-48	-87	-22	82	44	-56	-49	45	94	64	-69	24	42	67	-91	6	32	-66	-83	-50	35	-27	30	-75	-28	21	-14	-10	-8	23	85	61	48	-38	-96	56	-56	-26	4	70	32	-21	-82	11	-29	-100	-57	-15	76	-59	43	-82	-49	63	13	22	-30	12	86	-8	66	81	23	44	6	-15	41	-43	-57	39	-86	-21	-61	10	57	-17	-31	-27	-41	79	73	-67	47	-30	-75	73
-90	-30	-51	84	43	-46	-91	-34	63	-75	-3	-36	-62	96	74	19	-12	-8	33	100	-54	94	56	98	-82	-38	-87	-35	4	-93	-57	9	-95	-85	24	34	-34	-4	42	5	88	-9	-40	26	-97	-12	-39	-95	6	-83	42	-36	-74	-80	-32	22	-55	88	-27	56	-29	-17	71	-83	44	-20	92	7	14	19	26	-27	-100	-59	68	43	-25	43	-1	-63	68	-72	60	-22	68	20	-48	90	3	-73	-27	20	6	-75	75	74	-63	82	-54	84
24	-59	-3	-56	-92	-61	59	15	97	-3	-73	56	20	-40	-12	-27	-94	-26	-22	-61	-23	-22	-77	54	95	-68	-23	-24	70	-22	7	48	96	-95	-48	-89	68	-94	-55	-73	6	-67	89	-12	-96	-33	78	-2	-30	81	96	81	-14	-77	-62	10	-77	-11	-64	75	-64	81	-3	51	32	-98	-9	-32	-47	63	34	61	-38	54	57	21	-37	99	6	-22	69	-27	87	-67	5	56	27	57	45	92	42	-69	92	-87	57	74	-2	97	-19	27
84	50	71	-81	63	-88	1	84	38	-38	1	5	5	-48	81	-46	38	7	-13	-46	-87	46	35	87	-24	-64	67	-36	-53	-30	57	32	-31	48	-72	22	17	9	-92	-27	100	73	1	51	48	-78	22	-46	30	-91	6	37	-26	-22	-10	8	-100	-76	-75	-98	16	-75	7	-31	74	-82	-21	54	45	-72	-85	100	-93	61	31	-82	16	67	-26	97	-25	-21	87	49	70	-47	-64	100	38	-73	-91	34	-80	-57	-96	-7	-33	61	-37	-95
54	52	-39	-66	-43	-55	67	-11	-100	29	-28	29	3	-61	43	-82	-31	34	-51	-29	-35	95	54	-99	-81	-100	-19	-52	73	-46	-58	58	-31	73	78	60	-22	-9	25	93	79	63	51	26	9	1	-63	3	51	50	-87	-34	-33	28	-11	-4	21	4	-63	77	-66	-70	-66	-97	38	-63	95	-67	-24	-75	-43	-16	-34	55	7	-1	18	-32	-17	9	-20	17	-73	-46	64	66	-36	-47	66	88	66	-16	4	-14	3	-43	74	54	40	-7
4	20	-76	48	16	-99	-75	33	-83	-12	5	-70	-40	30	58	-64	37	47	90	51	-51	56	10	21	-38	-30	-76	38	83	14	25	-4	93	54	-61	29	-10	48	13	-96	-40	-31	30	-20	-97	-70	83	-71	-22	-11	-6	38	73	-76	80	-47	67	8	8	45	30	81	37	74	66	-47	-70	-28	-90	-55	48	79	42	-66	-65	-82	53	84	18	70	-55	27	87	83	66	88	89	-26	-54	-24	-6	40	58	-23	97	36	97	46	-27	48
24	19	10	-26	27	77	34	32	-43	-20	-1	76	-58	-26	6	-14	-51	-96	-60	23	-58	-39	-58	-47	58	-67	-57	55	-12	32	48	-19	-9	75	65	-10	82	94	-11	53	92	-35	94	73	19	-42	84	-70	32	-46	-1	68	31	94	-21	32	-64	-80	76	54	88	-38	48	67	51	61	-87	-19	40	-76	-56	-77	-81	11	-87	-62	-51	47	-42	48	90	74	-58	-87	-37	70	-85	17	58	56	-68	10	-29	-35	-95	-14	84	-60	-87	90
-70	63	82	61	43	-92	-82	-48	-6	-43	-41	67	-70	-86	47	-53	49	-38	-38	16	72	-53	94	91	-7	6	11	69	-96	-18	25	61	40	12	34	-100	-80	54	-28	-40	5	32	-32	84	-22	87	2	-70	4	-30	14	5	100	74	3	-70	-99	2	-85	-91	12	-84	-34	48	75	-46	89	-100	86	85	-88	-12	22	-55	-32	14	27	-75	-47	11	93	41	-83	-9	17	31	3	37	84	22	-67	-64	71	14	85	-76	-64	-63	-30	0
2	-67	90	53	85	-58	-60	21	69	38	-39	83	26	-81	95	-26	90	25	70	-68	-76	3	65	-80	-63	-76	-88	-58	-60	94	71	95	92	-46	-66	44	83	-7	39	41	33	1	15	-28	-29	23	-34	43	100	21	-66	-22	-39	23	9	-85	94	-80	40	-20	28	10	-31	95	70	-21	32	27	37	-33	4	36	-14	39	-62	86	-40	60	73	-58	-32	-93	-70	-90	-15	71	3	63	-17	5	88	-66	-51	40	-85	37	-49	-12	-83	-31
-60	-30	61	39	9	16	49	98	80	-98	-20	-57	53	-42	-63	-9	-19	-75	39	22	-26	-18	-38	-71	-86	53	95	41	98	65	-23	41	10	-67	4	59	-72	10	-100	-24	-78	-33	-34	-55	-4	29	-68	16	87	81	84	-93	66	-43	-19	-5	36	96	20	94	-87	77	49	66	85	51	-95	14	81	-16	-97	59	8	50	-78	-19	-68	9	-29	16	83	-28	22	-70	-30	-69	72	-67	22	-73	-47	27	-84	-7	89	44	59	-9	-91	79
41	-23	-96	-8	-73	-28	73	39	-18	21	4	94	-45	91	-36	37	-29	-27	-77	-96	66	5	-53	-63	69	4	91	-44	65	53	-40	-63	-22	-63	0	-81	54	15	43	-48	43	27	82	-59	-18	84	57	-34	92	-21	-14	-74	27	-46	-16	-2	-72	54	-54	-77	-58	-85	-19	19	-6	59	-86	-27	-77	-1	11	83	75	100	-82	42	41	-49	-97	14	-75	70	-84	73	-61	-92	-46	36	-48	-47	-41	2	-97	65	-7	-97	-47	-14	24	-36
-69	-92	94	58	17	34	58	4	46	91	82	-37	-50	-9	-70	58	40	-46	48	-78	43	-57	3	-88	32	4	-64	-90	-76	-26	-45	40	-35	39	75	23	81	55	32	-62	-39	-90	-90	-58	47	-52	95	70	63	13	16	-100	36	4	40	-62	79	-9	91	0	-22	62	-18	-67	60	38	-30	45	-73	-11	-96	-36	-97	1	-70	-47	69	4	90	-17	-82	-81	47	-99	-19	87	90	35	51	-78	-50	48	-62	-16	13	58	-55	-75	-78	-85
80	33	48	-35	86	-26	-68	36	15	-55	-61	8	19	55	16	83	-49	-70	100	92	70	49	19	-33	10	-62	16	45	-7	-75	-46	34	56	-16	3	36	14	-20	9	-64	-31	32	-24	92	-8	8	-36	91	-58	6	-56	-24	51	35	84	-77	-87	64	-18	-88	90	-58	-80	-28	-2	-1	37	-68	80	-4	69	-24	-1	55	-60	-56	-88	-33	48	61	56	-96	27	86	-84	-36	-8	-71	31	-50	-39	20	88	30	19	25	23	78	97	53
-89	-48	25	86	-3	-20	77	-97	-92	59	52	9	81	61	-67	-89	65	-14	65	64	-76	-29	42	52	-46	-100	50	-10	91	37	60	-25	-92	82	-81	48	-79	3	-77	89	83	-60	-78	47	-64	-10	3	-34	86	-84	-65	-52	93	-74	-51	68	5	21	-80	43	-56	-4	-28	-79	45	-24	89	-16	13	97	13	-59	26	-24	-90	21	42	-55	37	91	-15	-2	-91	52	60	-79	-88	-26	75	58	-39	-64	-31	-93	-4	-59	-70	9	32	20
45	4	46	-43	62	69	-25	51	9	86	74	25	100	-44	-97	-80	97	-12	-22	0	-24	-23	-95	-66	68	33	-4	17	62	74	-88	62	-67	16	31	59	57	12	0	33	-76	30	-87	-61	-57	-9	18	-34	-8	16	44	-22	-93	94	18	-80	28	-45	-22	-27	14	42	-95	56	28	95	-37	-48	-64	-81	57	83	-5	-76	16	-24	92	43	96	84	55	-36	-62	-92	13	31	-78	58	-21	8	-31	-8	23	82	89	86	78	53	47	-98
-94	-46	-62	-53	22	-3	27	35	-65	52	36	87	-83	-45	67	30	-68	79	41	-93	55	-34	-52	-57	78	7	-50	-79	52	63	-62	57	-31	-42	-93	42	-15	-70	2	-65	94	71	-95	-48	80	34	-19	-12	92	-97	-35	-100	4	-22	35	49	33	79	-84	40	-72	-26	-78	42	62	-15	-75	-70	50	-31	-11	-12	74	-27	-42	-31	90	-70	24	-50	-81	-41	84	-25	-25	85	-32	64	-34	-36	31	57	23	10	59	-99	-86	-20	93	-93
-54	78	40	-99	-100	-70	65	91	7	22	27	68	91	40	-24	28	-64	80	-56	-13	17	34	97	38	26	61	93	-65	-84	-48	-26	-51	-66	-48	-15	-66	-27	33	29	14	-37	73	-31	-53	61	3	-72	-7	-86	76	88	-48	-16	43	-89	-54	97	-74	-60	3	15	67	49	-24	92	46	-5	-3	73	32	-94	98	-30	-47	-48	-33	-73	51	83	37	-74	-68	24	49	14	95	-48	58	-1	59	-24	-68	97	33	-37	21	19	-33	69	-78
24	-69	42	81	-44	-33	57	26	21	44	-39	-28	22	84	-58	-47	84	74	40	5	33	-38	69	-66	-97	-44	-3	-24	36	71	72	46	-33	62	3	-22	-8	4	-98	23	-20	49	-61	-37	-47	-16	-93	73	-97	58	38	61	1	21	6	24	29	76	-31	-20	-100	-56	-4	92	96	94	-58	70	-80	-19	-56	-13	86	85	7	-48	-93	10	-88	10	-74	-89	96	-69	-10	74	31	62	59	53	61	16	-67	-54	-92	-54	54	-34	-45	-78
15	-18	-8	84	18	-91	-7	11	-88	21	-44	-21	-41	55	-58	17	52	-58	-17	-44	57	73	-35	36	-39	-99	-66	30	98	60	30	40	91	-53	85	100	-45	2	38	-69	24	86	-88	90	9	90	84	-17	68	42	51	-15	-53	40	93	9	30	14	-74	-96	42	-62	-40	75	72	-26	-14	90	-28	28	-65	-45	-43	26	76	29	-21	-69	86	-84	-82	27	84	90	5	-25	-37	-96	11	66	-51	58	63	-87	-24	77	11	89	-28	-71
32	21	31	70	66	39	-88	-8	-41	-51	-19	-99	14	-46	30	65	-83	53	91	-52	13	27	92	71	19	-42	75	52	4	-52	-69	72	59	-91	12	99	3	64	-88	56	87	-39	54	-13	63	-66	-55	1	-76	15	-67	-27	7	-60	38	80	-8	6	-8	68	-46	85	-22	-65	-9	-46	17	58	7	-86	-4	23	-24	-93	-96	41	64	61	-15	43	20	-81	-3	-45	44	-65	-29	6	-99	-4	-41	-83	32	65	35	90	-1	85	96	99
64	33	-93	18	-18	5	-28	31	63	-36	-4	-12	81	35	-10	88	-14	-1	91	-16	-70	-54	-53	15	-14	-46	-47	9	77	-22	69	-89	40	-36	25	-53	-65	67	-79	52	72	-70	73	13	-99	-18	66	-89	-21	14	38	-70	-28	8	-78	98	97	34	-75	-75	-19	-31	48	72	-11	-55	-54	-46	36	-24	74	6	-6	10	66	-72	2	65	64	46	54	-41	-96	83	80	67	-61	-78	-67	-33	-51	36	13	-90	13	-59	-85	10	-30	49
-20	-10	28	-50	75	95	75	-88	-35	-40	82	50	-7	33	-91	-1	16	-97	-24	94	59	-39	-18	-16	-49	100	-89	-28	61	-9	-78	37	-62	-51	-80	-1	-26	87	-96	-84	-67	95	-4	78	61	-65	-19	95	4	-77	59	84	-90	84	57	-98	60	-87	-4	67	62	-56	54	0	-73	-56	-19	19	90	73	68	-77	76	49	13	37	93	94	-75	79	-70	-16	-42	2	-61	-55	13	-67	97	-69	11	-83	-60	91	-71	-67	80	79	9	96
23	30	-60	-58	98	30	38	74	27	36	90	55	64	85	-84	-64	90	-9	-29	-51	81	61	70	-54	41	-8	-88	68	-46	-79	-4	10	77	82	13	43	86	-100	71	71	-69	-64	-98	21	99	25	10	0	-53	24	-86	30	64	10	32	-54	52	63	-11	31	-37	-38	37	-40	-83	-2	-64	74	-43	-53	67	43	46	-93	-14	15	-4	37	9	-15	-4	61	-33	18	27	-64	71	15	71	-35	15	78	74	-65	-92	45	-59	-15	100	-74
60	54	-29	-13	80	-64	77	-15	33	-74	27	41	-74	78	-7	-40	31	20	-44	-31	19	65	70	62	24	92	-88	7	-10	-29	44	76	9	12	-23	-56	71	-86	3	-18	-5	25	-88	-36	-46	-26	-21	11	81	68	-84	59	90	61	-57	-99	-82	25	-35	-55	-66	57	2	-50	-11	41	-13	30	-36	11	-83	-43	-46	-45	13	-95	-31	-95	-31	-83	30	1	15	96	-77	-6	87	64	-49	-34	-94	-69	-30	64	14	-66	1	-53	15	-71
80	94	70	-8	82	-12	-65	-92	-22	4	12	81	1	21	-6	-56	64	2	0	1	-46	-92	-100	45	-45	-1	35	25	84	-60	-16	55	-29	12	-34	65	2	94	9	-88	39	-18	73	-71	47	-15	2	-93	-4	-82	-67	-36	8	-68	-8	21	10	43	-20	-40	-10	30	67	-42	-26	-47	-4	-74	55	-97	86	-2	-81	39	14	57	-90	-92	-95	27	-78	75	-46	-81	38	34	-52	26	-5	28	28	-28	-63	57	-85	38	-4	7	-19	-86
21	2	-9	66	93	-58	-62	-65	66	8	9	-96	8	66	83	22	12	4	-79	-45	-28	35	-48	80	-28	33	51	28	48	-7	99	-37	-14	-14	8	31	47	34	-53	-32	-63	-40	-13	-54	-50	63	22	-19	55	-52	-93	-97	-68	34	-99	-92	-50	47	-1	-23	3	-61	-40	-56	72	-45	16	-83	-98	-24	3	-26	36	-36	-20	-52	36	7	-4	-4	52	50	56	21	0	2	9	37	91	-86	-30	60	-73	34	76	-14	-63	-8	-38	-77
17	-73	-54	-42	29	-89	54	-69	-17	-91	90	27	50	2	50	-22	99	27	-66	71	-37	-85	-95	-68	-27	-26	58	53	80	17	-58	3	66	47	9	11	-24	99	-18	-30	-27	-37	45	77	20	-86	-32	-35	29	32	41	84	-18	-34	-41	39	-51	-86	86	-41	-70	3	-60	79	-23	28	-1	71	10	-32	5	-85	97	17	-62	-73	-2	81	-70	-25	-46	30	-62	46	-90	75	4	-32	35	53	-95	1	-30	6	-57	-41	17	39	96	-84
-70	90	97	19	-68	-16	-20	-77	-97	71	-18	-29	38	30	11	-21	-70	-78	-42	-58	62	-88	-19	-96	12	43	59	-14	-91	-40	75	-2	64	-40	20	-20	41	45	-63	-47	32	39	-50	-20	-81	13	99	-69	-20	48	-33	-55	29	46	52	-75	31	-8	59	-56	-28	19	5	-97	-21	-76	82	53	77	24	87	57	-36	-38	-13	19	-81	46	100	80	-3	-42	-84	-18	-8	-69	-69	25	-91	-30	-24	23	34	-71	88	-65	-82	55	-80	-13
-50	-100	-30	-31	-82	61	-55	14	88	51	22	55	-98	11	98	-64	26	30	53	71	-99	34	52	-51	23	64	41	98	-46	88	-19	61	-20	-65	96	37	-68	0	-83	-44	-32	-32	-70	84	-69	58	46	-48	-65	-33	-43	-25	5	-100	-83	-28	-97	16	-26	-91	-80	0	-10	76	70	-47	32	-2	-31	-94	97	-62	25	-12	3	84	17	1	-16	47	-92	56	-1	-19	16	28	-7	60	71	-50	-61	-78	-69	95	57	-65	17	76	14	69
76	-89	98	72	1	-33	-53	-94	2	30	14	-35	-96	-7	25	-80	-96	-7	17	34	58	38	-76	-49	-99	-52	-7	24	-18	6	60	64	-16	-61	-15	28	-87	46	66	45	30	70	-46	4	36	69	-42	-76	40	-88	-14	-87	-11	98	-5	30	42	47	-2	-13	88	-84	-81	-69	-82	33	67	-96	-29	26	87	-95	73	89	-91	-86	43	31	-54	-72	45	31	29	-4	-94	80	-13	-70	-5	74	0	-25	14	36	56	-53	-16	24	-39	-93
-43	-10	-68	-14	-27	24	-81	97	57	-2	-63	5	-24	-11	-36	-38	-21	51	45	60	-4	100	94	61	8	-65	24	59	-48	61	23	-95	-8	-55	-94	0	-68	86	-15	100	-94	20	-54	-41	-14	-51	90	-4	-93	-52	19	-65	49	-80	-48	-88	-6	-68	-37	-28	-6	-85	-74	4	-99	84	32	-53	53	-82	-59	-78	-50	47	-61	7	-69	-52	40	46	58	88	3	-21	58	-26	77	-42	-13	-85	-17	16	-27	-29	-16	100	77	23	52	-47
49	-6	-92	-80	99	36	88	50	28	11	-97	-42	86	-42	38	36	8	34	-84	26	-48	-21	-24	-76	19	-55	17	75	-75	-47	33	44	-86	-89	-15	-90	49	-25	99	28	46	-88	24	54	90	-80	62	-94	-9	92	-69	-95	-44	-45	-69	-58	-46	5	-53	-15	-75	-63	-46	-5	-9	62	-83	71	-95	-39	-55	19	88	28	56	83	18	-92	-42	-23	-55	26	-10	75	-47	2	-38	-38	-80	43	-30	-39	-95	38	26	-87	-12	41	-25	71
88	35	33	71	-20	23	86	67	-4	-64	13	44	-19	-94	95	87	91	-15	49	40	6	34	-59	27	37	97	87	-23	99	-59	17	87	19	-79	70	75	-78	-95	68	8	-93	81	38	-52	35	-15	-14	-80	40	-84	-83	48	-68	4	67	9	-25	77	-15	93	36	-96	44	26	-80	25	3	-71	89	-11	57	-6	25	-25	29	-89	53	84	-84	-62	-52	69	8	25	-88	-99	21	-50	-25	81	23	90	-61	45	70	21	-26	-35	-8	-97
23	23	-40	56	-15	57	-46	10	82	17	58	20	19	80	-52	-30	39	90	14	-38	-77	-47	94	-14	18	17	48	53	-12	37	44	-90	-37	63	-29	-21	25	-73	-91	4	-6	71	-71	2	5	-5	54	-47	53	42	85	-24	18	-42	-78	85	-43	4	71	91	48	-14	32	-70	-75	97	-81	-4	57	-16	-19	19	34	29	-19	60	52	63	-22	59	20	2	89	-11	88	-2	-77	-9	15	-75	-67	83	-4	28	-5	-22	5	-58	35	90
96	4	-28	51	-9	85	30	-73	-84	51	76	-67	55	-90	-22	-78	-79	-48	-21	-55	98	-76	-22	-61	-74	44	-21	-17	53	58	34	-67	47	10	-38	94	-97	15	-96	-58	-9	-73	64	-66	-23	-92	-96	87	42	-47	-15	-38	-90	-57	5	18	2	-51	14	-79	82	88	-21	31	65	83	-60	90	80	-20	-53	-2	68	-51	40	-83	34	66	79	97	-10	-15	-86	38	35	97	-88	21	-98	-32	-7	-94	46	72	-34	26	-64	-71	-54	-73
-53	75	78	0	-67	-33	-86	45	-92	-90	-72	4	43	89	-23	-87	-79	-49	-95	83	-18	-20	96	-70	30	-1	3	-69	-76	-21	91	59	64	-73	-4	-9	26	94	-8	44	-28	97	-50	-9	-52	41	27	-47	37	47	84	14	-24	-44	81	20	-53	45	19	46	-34	49	-48	9	-92	83	-35	-79	26	-1	-7	-47	96	-55	-98	-100	-33	-46	4	25	76	27	-85	66	-86	-93	33	71	65	82	4	-91	70	-69	47	-24	71	-17	-92	11
94	-26	-71	-55	-34	79	48	-29	-7	52	-16	-10	89	11	88	87	-29	-7	-94	42	37	31	84	82	49	27	39	98	9	-24	-98	20	92	21	-84	-59	-90	-17	57	-60	-22	38	-30	-37	96	-51	-8	63	-4	10	95	83	66	-64	-78	-12	-26	61	-36	-100	-51	38	81	-10	9	40	-91	57	18	-46	20	-48	36	-12	-70	18	-79	-87	-4	15	-76	2	97	-71	47	28	33	-15	-39	-9	85	63	-91	17	7	-32	80	-46	96	39
7	79	-49	81	15	2	-69	-56	-92	22	-46	37	59	77	63	90	-24	81	-43	-28	-28	97	-2	-87	-10	66	73	91	-71	-9	97	-100	51	53	10	55	-61	-63	42	66	24	-71	67	92	25	-86	74	-70	-24	-55	-84	-100	-44	-97	-90	-81	-81	-2	69	81	-17	65	78	-21	40	48	-9	-18	-27	-59	-60	55	6	22	43	56	-66	81	-40	60	-67	-53	86	56	-44	-97	-13	-22	47	-65	-4	-29	-74	-9	-7	86	37	-4	96	24
95	83	0	-5	-78	19	64	98	-67	-72	-60	-9	-54	52	-30	-74	-48	-79	78	-63	42	43	37	-51	-25	-85	-61	42	24	-60	93	-32	-79	78	-16	-89	26	-49	11	-40	-44	-68	-97	88	91	-60	88	-64	-57	-57	3	24	-77	53	-69	99	86	74	-21	31	47	-64	40	-74	49	66	-73	-14	-11	71	-64	-49	32	2	47	-42	1	86	60	-49	-92	30	-41	56	70	38	72	96	40	53	36	92	83	65	-46	27	67	35	-59	-88
-19	82	53	10	-87	-3	17	80	-97	-4	-14	6	63	-55	27	76	61	-90	5	15	67	-44	-21	-23	14	-80	36	-61	89	-34	-61	35	-10	-52	51	65	83	21	-17	-29	-48	-72	82	-80	99	-1	30	-3	-60	60	-91	-16	-43	17	92	7	-80	-82	-78	38	80	20	66	36	4	-72	-47	-26	87	-78	-25	23	-5	-18	-10	-71	-100	55	30	17	68	11	97	90	-28	-4	-92	3	20	50	28	-92	-17	37	15	23	59	78	-33	91
-23	61	-73	-21	-50	-10	-79	18	-51	49	-42	51	-69	51	59	-21	80	90	-2	51	-71	-15	-2	-39	25	62	41	14	-71	80	-20	67	-77	42	-4	64	-4	-74	-14	10	46	96	34	31	14	-97	-74	2	77	-55	1	-21	56	31	-6	-4	-79	64	-75	41	-71	-83	23	88	67	93	-50	2	-52	-48	-37	-98	93	-41	29	-72	57	40	88	-55	50	-23	47	61	72	87	6	15	73	-84	33	-14	68	-65	92	25	-65	-47	4	-87
57	-14	73	12	56	-36	60	54	-53	0	-26	20	-46	-32	-89	-12	89	65	-7	87	95	-38	-29	-29	-87	84	-20	8	57	-80	-69	86	-12	94	-58	-73	83	55	84	79	-14	-85	17	-69	60	27	-37	60	53	-20	-56	-39	-8	-57	-74	-1	-75	-10	23	-51	69	-88	48	-65	48	-58	45	-80	-22	-13	39	-75	-17	77	-19	19	-3	-64	-81	56	-49	70	39	-95	-25	-26	75	-8	65	93	73	65	-41	36	69	3	21	-4	47	-15
-52	-63	64	-24	61	41	97	76	-83	62	3	-41	29	-76	24	83	65	42	-58	-60	100	-31	-52	-20	-2	-63	-53	77	-61	77	84	-68	14	-66	3	90	-5	-79	90	-84	-17	66	-39	68	-47	-90	-90	99	51	6	4	62	42	-40	-3	-75	69	5	3	-50	-44	79	36	-44	-76	-66	27	-46	43	93	90	63	84	-20	-4	-2	9	77	-80	46	30	100	10	65	0	66	74	-27	-8	-6	-4	-63	97	-62	8	83	-18	14	78	-11
58	53	-21	-84	72	4	-85	15	52	-29	19	-56	100	66	-79	12	-26	76	24	75	-30	-54	-24	-75	-34	27	-46	-17	34	-51	99	31	-65	77	-38	76	-18	-45	74	-11	-39	100	81	-72	84	-59	7	0	-47	-21	23	-12	-19	-47	-59	-68	-57	84	-73	3	-30	30	-53	45	21	-72	-29	4	-35	-68	37	-31	-53	42	5	69	-20	-7	20	14	-53	-67	94	-80	79	32	-26	92	-64	-48	-18	-22	40	-45	-36	40	55	92	64	14
