58	-11	-36	-62	-47	-24	-97	15	20	57	73	-25	70	60	-39	-4	-43	54	-15	-50	-52	-16	43	86	-57	-8	-51	-21	28	34	72	49	-54	-60	-95	-1	69	97	25	-95	83	73	-97	90	54	65	-38	8	6	-57	-61	40	-71	97	85	56	75	-51	66	61	-43	-54	-58	-28	-33	9	-93	9	-65	-43	-16	54	84	48	42	-62	49	-18	-53	-67	-46	19	-89	-83	-41	48	21	80	55	33	-45	92	-30	-38	-31	26	69	-95	-59	-53
44	-67	71	81	41	-94	71	52	61	22	-90	47	38	26	-9	-76	-65	55	-20	3	-14	93	-26	-76	9	11	63	-44	-13	26	66	98	-34	-90	-82	-55	57	-6	-100	43	38	-79	73	-48	77	-91	-48	-71	53	5	-78	-73	-53	-2	-93	76	81	-40	20	-52	61	-66	-67	26	38	93	-33	57	-74	83	-58	22	58	56	28	35	-89	38	-80	38	-82	-18	96	32	15	48	24	-3	22	75	-48	-55	-18	98	-79	20	-28	-7	-82	93
-53	-39	-64	-94	0	-44	-100	11	68	95	-95	-94	32	-97	31	-39	7	-83	90	-87	8	11	-88	93	53	95	-100	-64	-7	-87	-73	-4	29	-60	-73	24	79	-53	-83	81	48	5	-87	30	-96	-37	-91	-62	28	67	-74	-37	41	7	28	-88	-100	9	72	77	86	70	-7	30	93	97	-38	10	-56	52	74	85	-85	-94	-10	32	8	92	-37	-83	56	-70	84	18	3	20	50	-52	-89	-7	71	-56	-42	15	24	72	93	27	9	96
-89	-97	-64	-89	-33	-2	18	-23	13	-17	23	98	92	-95	-16	50	53	60	27	9	78	76	2	-26	-99	80	-51	99	7	87	-68	61	-8	-79	-23	-84	72	-61	87	22	27	23	22	-66	73	-60	33	3	-84	-7	51	24	-44	23	-59	-23	-25	-10	66	-17	2	30	-75	-17	-86	-75	79	-31	-54	-80	-56	28	55	98	17	-89	-90	-45	46	63	-79	25	-76	88	-79	-74	59	39	-72	70	93	-58	-94	23	-16	-77	-88	28	-95	-55
26	-70	-99	-27	-15	-78	-41	0	-15	-81	-58	-17	-16	86	86	-81	-89	-11	-47	-11	-43	-4	98	-6	-17	-44	-7	100	-98	-73	9	60	13	-45	-77	77	80	-63	35	-42	-76	-79	-35	-46	7	30	81	-3	-4	84	34	-42	38	40	97	91	84	-59	-13	12	-96	-60	56	-68	32	-49	-24	68	26	91	1	28	69	-54	-21	-83	8	93	-31	35	46	57	-52	-8	-10	59	-93	68	18	-29	-75	-81	11	14	74	-85	-69	79	9	-57
-87	-23	-17	-69	63	94	25	-53	-67	-1	-49	92	53	-50	-58	78	79	61	-91	-63	-96	-21	3	58	-30	30	27	-33	8	41	-10	-65	30	78	-35	86	79	79	43	26	-51	-62	9	-45	-1	-53	-48	-22	87	-80	21	-87	-38	-63	-88	-63	91	2	-54	-74	-80	-71	28	77	18	51	83	79	35	13	66	6	-67	18	-48	40	-86	50	29	-92	-47	20	82	-96	-92	-81	-80	42	22	-51	25	-4	-29	42	99	-42	-55	80	-85	47
-72	-2	74	69	2	14	97	-44	1	-27	97	17	-100	52	69	-32	53	61	-36	-63	46	-3	7	-55	-51	-100	-48	76	85	-85	-100	96	23	-66	-28	-96	-44	-11	47	-51	-65	100	-39	-71	-15	-2	12	87	-58	44	71	75	92	-51	-83	9	-60	85	37	-74	-6	55	48	-8	38	-19	55	-93	98	-52	-39	-64	54	76	1	84	63	26	0	60	86	-2	-54	43	48	-25	-3	-54	28	17	63	-12	-90	82	-39	88	10	9	29	0
58	-39	14	-52	19	87	-66	-16	56	35	100	-31	83	54	78	77	-81	-52	17	-7	50	-40	45	4	30	-68	100	6	-7	27	-78	34	-29	0	93	-50	33	97	-27	-91	-28	16	-98	94	4	-24	56	-8	56	81	72	3	14	-67	70	-16	8	-75	-35	25	-99	52	-66	-57	-40	79	17	-43	-97	-89	11	82	-34	-68	-20	88	-99	61	52	-80	-12	-96	-77	-17	24	72	94	98	9	26	9	69	-83	-4	-74	-83	93	-38	-87	59
-67	-70	1	-93	2	-82	-11	-11	-32	73	-4	-17	-76	-46	7	-58	-45	-25	9	20	26	13	-30	58	-32	-87	-81	-49	44	41	86	71	5	-33	-46	-47	-50	53	81	85	51	-46	-82	3	24	-9	-70	8	48	-79	-51	6	59	-85	37	-45	-67	-25	-19	34	-100	30	-54	-6	40	-55	-56	-41	1	36	-6	-30	-39	-96	-86	60	-77	61	-50	2	-53	36	68	-94	75	-79	63	-62	28	19	-98	91	60	-48	-2	-96	99	32	32	81
-19	-53	-35	-53	64	75	-37	23	45	70	-22	-72	-51	-55	67	-11	-41	-72	46	50	-1	25	-67	-5	-75	55	14	-66	68	6	42	-18	-81	63	-76	8	-12	39	-62	-12	-99	-96	-44	-99	-60	50	81	71	-37	-76	65	83	-15	51	57	-73	98	-48	29	-61	-57	32	77	-40	88	31	-86	-28	56	66	96	-9	57	37	57	-27	-80	-4	-72	93	-72	58	-56	31	-89	-22	62	-29	-87	42	26	-41	16	-66	57	-47	30	76	-52	15
-32	68	49	-40	-15	-22	44	45	42	-65	95	74	-95	36	97	-88	-22	-23	-57	-93	41	-16	-6	95	-81	-32	20	82	52	75	65	58	43	25	-85	81	-30	-6	-23	77	-34	33	-43	27	83	64	8	-14	-11	-19	47	-5	38	83	-92	55	-92	12	89	61	-19	59	-3	-69	-78	-12	-9	29	-20	14	-91	51	-87	31	50	-65	-97	54	-76	4	-20	10	-42	72	-2	76	-58	17	-4	-6	43	-41	-96	-57	-15	92	-64	-45	71	83
-88	47	10	22	-81	96	75	-7	80	-76	84	-11	-45	-52	-15	53	-41	-89	40	-96	29	55	-2	100	-51	26	-58	70	-45	-67	-29	-85	-35	80	-73	30	67	72	-71	-88	59	-17	8	80	-40	-6	30	87	-5	-52	-9	-60	96	-2	-26	-32	4	31	-78	21	-100	-40	-10	59	98	81	-63	-79	-62	88	69	-33	-31	-70	14	33	-48	50	11	24	46	80	-41	65	-20	-53	74	95	-70	97	-9	86	54	100	-94	73	43	20	80	-20
-83	83	-51	-28	81	-69	-52	-98	80	-96	31	-30	-18	-1	70	-78	-30	77	-4	-48	96	87	34	-83	-79	-54	34	-68	-93	-21	55	-63	99	-60	5	-69	-72	-40	77	-47	92	-98	17	36	64	29	-8	-53	99	-53	6	22	-70	-55	63	0	-95	-18	60	-73	30	32	57	11	-70	33	30	96	-57	-62	71	35	56	54	-70	-81	35	79	-94	-71	-58	-11	-38	70	1	4	-67	-5	-43	-97	-38	65	86	-72	20	51	-89	-70	39	29
58	44	18	51	-40	-18	50	-14	-92	47	91	3	-82	-42	27	57	90	-100	-28	-41	94	0	-57	-10	62	81	0	39	-95	86	-2	34	4	65	20	70	-18	5	34	87	-15	75	47	-64	-100	-81	-71	80	99	60	2	99	84	62	-42	98	17	10	53	-45	14	-74	-44	-46	65	95	88	49	8	16	-52	55	44	-73	51	97	-23	51	5	90	-84	22	73	-5	20	-31	-20	67	-26	100	61	-53	3	5	6	-22	-42	42	8	57
-21	-85	34	-93	31	48	-13	84	-22	72	83	71	100	66	-24	-93	-74	80	-13	64	26	44	-80	21	-62	-36	90	-97	5	-42	73	-60	69	50	-45	-99	-98	-7	-6	-55	-51	-25	92	52	7	-70	-93	-81	-57	-72	21	3	37	-9	-25	-91	70	-12	-66	-50	-88	-30	-8	-21	96	59	31	-65	-26	-44	51	21	13	-34	-78	-77	73	-35	40	78	-85	17	1	42	88	-25	39	-10	83	-93	73	31	74	4	-89	-16	73	35	-45	-11
90	-48	45	11	-85	-88	84	-19	58	23	0	2	-90	54	99	68	-28	-59	77	4	-68	-4	-75	11	-99	24	71	37	-33	53	-22	-82	42	-60	-11	-52	-80	-31	76	-81	-3	-25	8	73	-5	-61	37	-83	-11	54	-6	46	-67	81	99	37	44	-70	-11	40	44	79	-81	54	-45	7	40	31	-40	-23	70	-50	-23	25	-54	56	-26	40	98	4	44	94	-73	-45	20	-64	60	79	13	-79	-55	73	-60	-58	-83	52	-58	58	82	76
41	67	-48	-40	-1	-51	22	-26	-48	21	94	-50	-20	-88	95	-99	68	87	56	-96	-61	-56	-8	36	5	83	-58	42	4	-89	36	-39	-72	88	-16	-1	48	36	22	7	-22	54	40	-17	-47	-29	46	-79	81	-24	46	94	82	64	-77	-56	-63	70	86	89	53	90	-61	-41	-30	96	-50	-44	-4	-30	58	-79	-41	-22	14	-96	-92	100	81	18	-85	-14	64	-92	-54	-86	45	60	44	17	-88	-53	-99	55	24	-67	75	97	-86	-58
-91	86	84	27	31	-94	-14	43	31	25	71	-60	80	-62	71	-22	61	-49	-8	92	56	-60	-11	93	87	-26	15	1	20	-84	-98	-24	-87	-6	-32	-7	24	18	-41	-26	89	-99	-78	-11	92	24	-48	51	-39	10	-25	-15	-2	100	-83	98	37	34	68	-66	91	4	-78	88	-21	35	55	96	-14	98	45	94	-29	51	95	22	-88	69	64	-18	-66	-77	62	85	-71	25	3	-86	89	-22	91	-100	-51	-62	-74	13	-27	-3	-68	11
30	-12	91	74	-36	64	-1	-22	-36	74	-26	-82	-81	-34	67	42	-81	35	-36	67	-28	4	24	0	44	35	54	22	82	41	70	-9	-88	-25	77	93	-81	40	63	-47	-83	0	-52	-37	57	56	-48	87	26	39	-80	25	43	53	31	61	79	69	-30	38	15	-89	94	-90	19	-88	74	4	85	-8	2	-44	-55	51	6	-30	-59	34	8	-43	54	-39	10	36	15	63	10	-49	50	62	-63	26	1	-40	74	-74	-84	-29	24	56
-2	4	-28	-93	-72	54	-41	28	-89	52	-27	7	-29	79	12	-94	-59	34	97	72	-60	-74	-79	-35	7	39	60	20	-38	-12	-83	90	34	37	95	-78	-41	38	-61	-45	-19	-91	87	-56	-57	67	-13	79	98	-58	3	-100	11	3	79	49	-61	-34	-98	-40	76	-31	46	-66	-79	-12	21	27	68	-55	-25	-32	-86	-99	38	27	53	-72	71	-28	-24	43	64	78	43	-1	74	-20	-63	-54	-80	34	7	33	-64	49	-7	-69	-3	-6
-36	-100	-6	-55	-19	-60	-51	-74	-52	-22	17	-66	-42	79	-37	-94	-59	14	-86	59	87	-2	55	-73	-27	-21	-47	-37	45	-93	92	-33	92	60	32	-46	54	91	-56	55	-94	-83	47	70	36	21	-29	53	27	-45	39	-82	-89	24	-24	-100	100	5	11	-44	65	-36	-43	70	70	-10	-65	82	78	-25	-2	18	-76	-66	6	-18	-26	-81	-60	-98	39	93	-42	14	-81	-58	98	36	-56	-84	78	-79	-21	-7	-91	-67	-56	66	66	-91
80	-69	-95	-45	-68	61	61	-3	-22	95	-28	57	-55	-39	-80	77	-73	20	-88	-3	-93	11	55	-33	75	33	32	-92	72	20	27	-8	-26	4	8	-49	-78	-79	-20	-46	9	-38	-72	-69	55	6	44	14	63	70	45	15	3	-99	66	27	11	-48	30	66	50	29	77	-88	74	-6	-92	84	19	0	62	-3	-45	-95	-26	-100	-35	-52	-91	-7	-94	-65	98	-89	2	-98	-92	-50	-41	86	10	99	-34	83	53	90	17	-32	-69	23
58	-66	-70	-33	-3	-47	49	57	-29	-66	47	-44	-17	44	62	19	21	92	36	53	35	-80	-37	-3	91	-97	47	45	-28	-8	70	84	-26	53	18	-88	12	91	45	-53	-17	-54	-86	-60	31	-99	64	-39	14	-72	-89	31	88	86	-58	25	-61	49	83	-8	-98	-18	-1	79	-78	-94	40	-19	-96	-70	23	91	-9	17	-30	86	-29	-67	100	-87	32	18	60	-11	75	10	11	70	19	-44	-79	-1	-26	89	-35	-91	95	42	-58	58
59	38	-45	-87	-2	-32	72	6	56	-21	-18	27	-66	8	80	-78	-51	66	34	-28	-86	94	-43	13	-41	44	59	48	-36	41	-64	-99	-18	11	-12	86	94	67	-97	29	-86	71	21	-78	-65	-27	47	66	-46	-50	-24	54	31	-27	-27	33	38	42	32	86	-72	-60	10	-38	-39	-62	0	11	7	-60	-59	-62	89	1	11	-25	4	72	5	8	17	-32	-32	84	20	-94	-88	-11	7	11	-47	-89	-68	13	79	42	91	64	-60	92
6	87	-13	-17	18	25	-42	41	28	1	62	-79	11	-56	-69	-73	84	-51	-43	-67	-48	-75	93	72	-68	-16	21	-78	-38	55	-38	-79	-35	-77	-46	-31	72	-57	-15	-90	75	57	2	-66	13	89	6	2	7	-83	-88	-72	21	-66	61	93	20	-29	22	93	99	-62	-100	-31	-96	64	98	89	-93	20	21	34	64	32	41	-61	48	-99	-15	69	-96	87	-87	72	-72	-70	54	-53	-65	-26	-43	51	44	10	20	-54	64	41	46	86
99	-24	-72	90	3	1	67	-93	-83	-66	-100	47	6	91	-92	-88	-67	-34	-30	-70	18	25	-92	42	45	-79	9	87	2	72	-73	37	64	-41	-81	-41	97	81	-33	27	-36	-51	-50	-63	-74	70	30	65	66	83	-44	-17	55	85	-95	-74	52	69	-99	-67	5	-15	55	85	-25	-42	-11	-81	45	75	92	73	14	-26	72	6	-77	-54	-82	-88	35	-91	0	53	-52	29	37	37	84	-98	64	-71	67	-71	-85	-64	-90	13	-21	91
43	-55	-41	-44	-56	-62	-58	-96	-47	52	62	65	87	22	44	-85	-4	5	-34	-2	-18	-76	-33	-75	99	16	-3	51	23	28	98	46	-59	-99	20	88	-68	-68	21	-21	45	-32	-37	82	-20	91	87	-40	65	2	72	-59	9	32	53	-39	43	-20	22	-18	-48	-57	-98	-87	-72	82	16	69	-23	-75	-70	-4	1	-64	-59	-33	55	6	48	58	-68	-8	52	-19	65	-79	24	9	75	-87	-42	52	-16	25	56	-80	31	72	-87	22
-52	-8	22	-97	10	14	53	-13	13	-99	79	90	-20	59	62	-63	-7	57	-81	-24	85	50	12	53	-47	-62	81	41	69	-58	-18	-15	-68	39	5	-55	12	21	27	-84	58	39	-67	32	-92	73	-51	-64	-52	-87	27	-58	-91	77	94	8	1	-30	81	-89	-64	10	-61	29	-37	-50	-45	50	13	-35	87	40	-36	-63	-82	13	74	-98	-85	25	-70	-11	-38	-8	30	-45	58	57	-22	36	88	-1	-57	22	-39	90	96	-1	-57	67
-51	-1	-26	-66	43	5	94	-38	20	29	-74	25	-21	-74	13	-12	47	24	98	48	62	-40	36	50	-15	0	60	-100	-81	-10	-6	99	-96	-25	-22	37	-43	-38	58	97	78	-97	12	-53	-74	-84	-84	29	-18	-91	40	-69	-16	76	2	-42	-10	-12	-68	-24	54	-19	-32	20	43	-3	-40	91	84	-23	81	-47	47	23	74	78	60	93	89	25	-62	9	88	-41	-97	71	-69	-62	75	97	0	-93	29	5	-40	70	9	94	-20	29
76	-32	28	64	10	100	-61	24	31	81	4	35	-37	84	37	20	56	78	59	17	-26	51	-70	-29	78	-42	80	27	-79	95	-54	60	96	-41	62	-65	-30	-97	33	-9	62	-84	84	-31	-15	-71	84	-84	-97	-86	-56	-3	65	70	79	-34	-29	-57	-92	51	91	61	24	2	-97	-71	14	27	-95	-34	-91	-44	4	-26	-24	83	-37	-23	-91	46	-3	-65	11	78	23	45	26	-23	75	32	62	71	10	-74	25	32	-13	-26	53	-84
-34	8	-28	-22	-66	-59	62	37	69	27	-22	-34	-98	100	-46	-43	1	-20	-30	-3	41	-62	-2	-69	-25	-36	71	-87	-58	29	-50	56	79	-59	-88	1	28	8	51	-54	35	17	0	22	-8	97	1	-36	3	4	70	-76	46	-81	-57	-81	-70	43	12	0	5	75	97	27	83	-17	27	-73	0	39	65	-88	31	50	29	87	95	21	-55	59	-45	45	-75	-44	-10	99	12	49	-13	18	64	-12	3	18	17	28	12	94	54	-8
11	37	94	-42	-80	21	98	58	56	-13	-50	-83	100	-87	0	67	18	-28	65	56	66	65	18	-48	55	39	0	97	-30	12	46	-65	17	85	69	60	-65	-6	-57	-52	-89	-80	-11	48	-88	-49	-96	15	-35	14	89	-91	-83	-16	66	-12	72	-39	-98	66	38	-65	59	-49	-11	68	2	-72	-77	-68	28	-8	27	-77	3	-9	-77	49	-11	-84	22	-47	52	-49	45	11	87	-66	-83	76	-9	7	91	84	41	-18	-86	58	57	-13
-50	-74	33	-62	36	70	-60	55	30	90	-79	54	-43	-17	10	-65	54	-91	-66	-19	-92	83	95	-66	-91	-56	-12	-51	59	22	52	-17	-63	67	-71	-11	25	-82	-81	38	74	46	83	-25	81	23	73	50	97	-53	55	30	-68	86	65	-31	76	90	-28	-40	-4	-1	-45	-71	-81	-78	46	-88	53	68	21	-27	0	-79	-58	97	33	-23	6	94	-77	3	-59	27	96	-36	45	13	-87	99	50	-59	-42	-16	-58	82	77	-60	56	-31
70	68	-41	13	17	41	-8	-85	82	5	60	8	31	-65	91	90	-9	33	71	50	12	-58	84	8	37	58	7	98	-24	2	42	-19	-92	3	68	-79	-38	-25	86	-91	23	-76	-31	99	28	-53	-33	-57	-87	-76	81	-70	-62	-36	-88	-45	-87	32	74	-58	44	37	-44	-67	-85	70	82	23	-28	70	81	37	4	56	-55	73	-8	75	63	14	-34	7	-45	32	29	-87	-69	-92	-76	-4	7	11	-30	65	-79	-95	20	-14	-86	-66
44	-21	-100	-59	-74	92	98	38	99	56	-72	49	24	-92	26	30	-2	31	-58	20	-45	-76	1	-69	-99	-78	-43	85	-84	-29	-78	-67	-15	46	-46	-65	27	89	-41	-43	-40	-92	-91	12	41	-55	47	76	18	54	-54	47	-62	85	13	-66	80	44	-60	5	10	10	67	-65	21	-79	-26	-8	-47	-2	99	68	71	87	-65	-81	-41	-82	94	-59	-39	45	-26	81	86	18	65	15	6	8	-4	-89	-91	-52	64	84	-67	75	-41	-38
98	-64	95	-69	-87	34	63	9	54	35	-82	42	-72	-31	-9	-74	56	-67	-71	-85	-69	-77	-89	39	-99	27	-4	-74	-3	68	78	9	46	56	-37	-79	-76	85	-43	-53	-85	-20	39	-87	65	-57	-34	44	9	13	5	54	-91	63	4	-27	98	-46	-17	-55	-43	71	9	-27	74	35	55	47	74	78	31	52	91	-35	-29	3	46	-60	58	54	11	-51	17	-22	83	-41	-48	-52	-96	59	-49	89	8	-10	23	-1	18	-1	-17	-91
30	-63	85	-31	-79	40	1	-10	73	78	50	66	46	-19	-11	13	-2	0	-92	-92	-31	-97	78	1	-6	18	53	27	-59	-32	-83	21	-52	8	-85	-22	-17	5	29	-26	57	89	54	-7	-32	5	-50	15	-34	-28	68	-33	70	-87	34	93	-22	-13	-88	-81	-9	-68	-77	33	91	41	94	35	-50	98	-97	-3	-16	-71	-88	-45	-27	38	-6	4	53	9	97	-85	42	-8	-2	-54	81	-1	-90	69	67	16	87	-18	77	-13	-25	-7
-69	-71	-68	53	-99	-18	-15	63	-56	25	41	17	33	87	57	-83	4	-4	55	48	96	60	-35	-96	39	-47	-30	-54	69	-89	52	-73	-35	46	84	-75	-71	45	-2	62	-39	63	85	-62	-59	-10	-93	69	100	-76	-32	18	56	-22	44	4	-62	16	69	-52	-42	-56	-79	31	50	97	-50	64	17	-96	-8	5	65	-94	-32	46	0	-39	-11	42	-60	48	53	-83	-3	-34	-7	24	-85	35	26	-96	84	-32	-53	52	100	-47	97	-57
-33	-80	67	-27	91	13	30	60	58	64	-88	81	-47	-76	-11	-22	79	-3	-13	70	-6	51	77	65	-44	66	96	61	93	-70	95	-76	-51	-21	42	97	-80	-4	-12	94	-93	-99	65	87	85	-56	-35	38	37	-55	78	-82	51	-9	82	-67	4	-21	30	-46	-96	93	-18	-61	54	-93	24	28	-69	-58	-55	11	6	3	75	-14	-87	16	31	-48	42	95	58	-1	-47	44	98	-38	32	91	17	35	5	64	86	49	40	26	14	74
-93	-81	6	-41	48	-17	16	-17	8	86	70	-95	37	98	15	-60	83	-75	-17	-20	3	30	-39	-43	60	5	-69	43	0	46	41	10	97	-92	-88	-89	-11	1	-42	-42	74	-17	-40	-20	-53	16	71	9	-71	40	73	-31	99	-26	80	-72	22	-17	100	-54	-81	42	-42	-23	54	81	37	4	43	95	-98	-99	35	51	-59	41	-3	-29	-63	25	-25	-89	-8	92	-19	21	75	-71	22	-86	-39	-89	-78	53	-11	-63	85	81	-2	-36
28	41	-81	72	58	39	31	79	-52	-56	-98	83	-96	23	-61	-68	-86	41	-50	-9	79	-29	-79	-34	-79	52	11	-64	14	79	36	-77	32	35	59	-7	-91	23	-20	19	45	-68	-14	57	86	84	69	-86	30	-73	38	-48	-69	-88	-23	56	-33	36	89	-80	-42	30	32	50	-97	73	56	-38	87	-99	-55	59	88	48	16	43	-24	-62	-48	16	51	2	3	-88	18	-74	-57	82	-5	93	-39	23	-11	80	43	64	-13	68	-64	-18
-1	-3	-65	-60	29	-93	41	-77	10	83	-70	67	5	-39	-53	-17	25	65	-42	-10	82	-6	-44	-33	86	17	10	42	-59	-55	98	-21	-69	-41	15	6	55	45	38	-88	-69	90	98	-92	83	-18	23	48	-13	0	79	-86	-78	20	98	-70	-98	-85	38	-11	-58	-86	32	-27	-26	15	-31	0	28	95	-19	90	99	3	29	-52	58	-85	-38	-84	-28	90	-2	42	-25	-40	-38	-27	27	27	-59	67	-68	-4	41	55	51	-11	65	-69
50	-87	75	26	-87	33	8	1	53	-67	-99	-68	19	2	-67	-14	97	52	73	-16	84	-28	81	-72	-42	-67	31	-71	-12	16	11	16	94	-15	-16	7	-57	3	36	-32	81	88	82	-62	60	68	89	-36	57	-93	23	-39	-95	84	-20	46	73	-73	70	-78	50	18	62	-5	-95	0	-58	-84	23	2	35	-19	12	-22	46	17	20	-59	40	-60	-45	-73	-34	3	41	-45	-40	38	78	5	41	-63	-77	-25	-59	14	97	-42	56	-81
30	-14	56	59	-94	56	-43	94	-3	-62	-90	-24	0	35	-7	11	64	17	-91	25	18	-56	-94	-28	2	-31	-49	9	32	54	31	-32	-60	-17	43	40	-51	89	-34	-64	-60	-81	-8	-60	-53	21	20	-61	-67	-15	60	74	-9	-4	-15	73	-100	-6	-56	81	-46	29	-40	-29	-85	52	-61	46	57	-77	-74	61	27	-83	-15	98	-50	82	-26	11	41	20	79	-49	-50	-18	-61	-100	-79	-94	-77	-18	42	-22	41	-78	44	-46	-68	43
-68	85	98	24	28	-31	51	93	35	-32	84	66	40	-55	-44	86	81	-47	68	-13	41	-33	-65	-68	-21	19	10	-23	-100	78	-21	26	67	-47	-66	44	94	50	55	-94	0	-50	15	-90	90	37	49	-7	-43	75	-69	70	-35	-17	-21	-3	-61	64	26	-60	-5	41	-52	-44	38	79	-84	-11	51	-70	41	-97	20	79	-73	-81	-54	97	6	-91	-65	-6	87	13	-20	-24	91	65	29	20	70	-47	65	-67	76	13	-69	-28	96	-6
20	13	-37	-61	77	8	-38	-6	10	-14	-25	37	61	-61	-75	-89	-20	-37	-58	44	91	16	-8	-31	-79	-68	-84	-34	-71	-30	84	33	-20	80	2	-4	20	-32	87	9	63	-7	-37	-81	-15	43	63	11	-69	75	98	-93	-45	9	66	-35	31	-6	90	-25	12	99	-7	53	92	4	57	-67	82	65	51	-88	47	-80	6	-80	58	42	-14	-78	3	66	97	70	-17	91	-10	-43	-30	-100	-80	83	-15	-61	-64	35	-75	-77	65	-8
-61	53	59	-16	-68	9	-64	41	-27	-96	-59	92	-86	31	50	8	77	39	76	32	16	57	76	23	8	-54	61	-26	53	-2	55	-80	28	-88	11	70	29	-6	-64	-39	86	28	85	-38	96	91	-29	-15	-51	-98	86	88	0	-62	16	-62	82	-20	53	44	56	-11	89	-71	-47	14	-1	-27	85	34	11	-12	25	-27	-33	-81	21	-52	51	37	70	90	81	-9	8	-75	-42	32	40	12	-64	20	21	-5	-19	-35	-58	-100	36	62
-77	9	15	57	-29	45	-36	-96	70	50	-21	-23	61	88	26	-26	99	86	-34	-1	57	47	0	-84	45	-91	-34	-20	-45	-60	18	-49	-27	9	23	56	81	-95	-41	58	-87	-8	18	-34	-36	38	-82	-34	2	-38	-81	-64	37	42	95	78	16	-89	-85	54	-30	-72	-11	9	-43	57	-32	-71	-90	-42	-68	-31	-76	35	80	31	46	74	-96	-88	32	-1	9	-91	-43	-91	-55	-41	6	-49	85	-67	43	70	-51	-55	-72	-46	36	13
32	-71	-15	89	-37	44	30	-62	-58	-90	-67	-38	72	-98	-50	-63	73	3	41	91	25	48	76	-6	-78	-74	-40	90	92	-25	-26	-1	89	92	-32	-92	52	-14	-31	51	15	-34	-46	65	96	25	18	17	15	77	27	-11	-26	23	-62	-45	94	-74	-18	81	90	-77	5	83	-23	-11	-27	0	-78	-54	-34	-23	-82	-53	-83	-30	-23	44	17	61	-66	64	17	-49	97	60	-44	100	5	94	22	-60	13	31	55	37	7	26	42	59
-7	-66	-80	21	4	55	93	-66	-15	22	-18	46	36	56	90	-30	-47	-65	-40	19	-90	-94	-45	11	-48	-44	-98	40	-43	-92	24	-80	82	10	64	16	78	66	37	-75	-80	-87	-5	-87	60	81	48	4	-25	2	18	-20	-3	-88	68	87	98	97	-56	-19	22	46	-2	45	-40	-37	-1	-36	-1	-52	-95	95	85	-29	15	75	38	77	35	-27	39	-94	-99	60	23	-20	58	-3	7	52	-23	36	24	-5	71	-37	-33	91	-86	88
6	68	-30	47	-88	78	-52	-9	-42	-88	37	4	-3	35	21	78	62	25	-84	39	-53	-15	-54	74	66	-67	-71	-92	-88	51	75	-62	-60	44	-27	16	-77	5	45	0	-92	14	-55	69	-39	-43	60	-46	-83	-77	59	56	-93	81	-61	-49	-4	10	77	28	-10	-96	67	31	27	-16	45	-11	-66	-62	20	59	-91	74	78	58	-40	65	48	-45	-87	-90	-78	73	-74	-67	60	-62	-57	-67	-12	0	77	14	100	-14	-91	-76	-70	46
-85	20	44	-89	-46	62	95	-16	19	49	13	87	70	42	-56	-40	17	-46	77	-78	-17	-51	68	-26	-95	5	-37	-10	5	-82	22	14	57	10	-87	-89	54	39	-60	51	72	-95	39	11	14	-36	3	1	-9	-27	91	57	-43	-10	91	-89	77	-29	-45	-94	-53	-89	-13	-70	70	-48	83	75	46	54	13	89	75	-57	58	-70	-78	95	86	91	-31	94	-84	40	-6	79	59	58	99	-42	37	20	-9	-61	49	68	51	-10	11	23
-63	-83	80	-43	-20	53	-20	59	20	29	13	66	-57	-19	-22	9	-12	1	-84	-66	9	-73	-85	-37	92	99	-64	-30	-29	28	49	-90	-61	-66	-72	-9	92	-92	94	11	-70	-73	-46	93	26	-81	65	34	-45	-99	-54	87	64	11	43	-39	-80	-32	-17	-61	13	52	-33	-49	28	-61	-84	28	-88	-8	-99	5	-35	67	-3	93	-36	85	-70	63	10	61	-64	55	2	-28	10	-24	81	-93	-72	78	-63	1	-28	-25	-59	68	-39	78
49	41	-43	-16	12	75	-11	-32	37	70	18	-95	-83	-41	81	-25	91	-37	-30	-80	-14	-53	24	86	-89	-85	-48	53	-75	-99	32	-82	8	69	-48	75	-63	-90	51	-32	47	10	-76	-61	-11	-50	-57	-73	77	32	-73	42	-21	-39	-66	21	-43	14	95	23	-33	56	33	37	-70	-90	43	-53	-57	-84	-21	39	-30	50	96	-94	47	-9	52	52	-74	-23	-61	22	-95	85	30	6	-72	-94	33	29	5	-54	42	-77	84	-4	67	15
5	-91	66	85	74	66	39	-42	56	25	31	-33	29	-23	-82	31	13	-24	31	38	-53	-51	-38	-95	97	51	31	49	-73	40	-79	-70	37	54	-69	80	-63	-89	-8	-15	-11	-34	-93	-1	55	-44	-16	75	73	-41	16	98	67	-55	-83	97	-15	-50	-70	-60	92	-47	-31	-75	-91	10	7	14	49	55	13	34	66	-43	-75	-73	41	99	55	16	-34	80	60	42	93	-76	84	-15	-67	41	-2	32	13	13	-10	-46	-88	-75	-7	-9
81	89	-96	24	-34	20	-64	77	65	4	45	96	-77	40	-22	-57	-68	-56	-25	58	16	64	-88	45	-30	56	-46	-75	-48	91	60	-81	-21	-61	45	-85	-3	34	27	-28	58	43	-6	-16	-74	-6	-43	78	-42	70	-78	21	-58	-80	10	8	75	-23	-5	-51	63	67	46	-37	-17	29	-90	5	43	56	-46	45	73	-36	3	-26	43	71	-88	35	26	1	-80	-58	74	-42	79	-88	-84	94	-90	-61	82	-6	-90	79	-97	-51	-95	28
-41	-56	-68	-47	11	-97	85	-30	-36	-36	-3	-28	-16	-98	-65	11	91	62	-19	84	90	-9	-29	-73	58	30	53	-20	80	-67	21	-90	89	52	46	58	-19	100	34	44	-93	-8	74	26	53	61	50	23	14	54	44	-68	-51	-36	-92	-59	-12	-49	89	-58	-68	-61	40	-15	-25	-21	-54	14	-32	27	-88	6	-10	-83	59	-79	55	-57	-3	12	3	6	-55	13	-9	-26	-95	-92	54	-76	51	-12	75	1	65	58	13	35	-86	3
23	-76	-78	-54	79	1	96	-89	-19	-94	-100	22	-4	89	25	-67	18	-50	59	57	94	35	-60	-96	47	100	54	86	-80	-7	27	88	-82	-47	26	90	-38	-95	87	-34	-50	93	-34	5	-90	-6	50	13	98	-97	80	5	-88	59	74	86	-80	13	-72	-83	3	-62	96	-84	0	26	55	93	-81	95	75	41	81	18	64	-56	-57	-49	-45	-69	-93	-98	100	-1	-34	-80	36	-7	-10	59	82	89	51	-12	77	-38	89	39	51	8
-79	-41	29	92	16	23	93	-40	84	-20	49	-3	52	-4	54	47	72	-8	-70	-58	-73	-27	-7	-33	28	6	64	47	12	-21	-62	65	-58	-3	-44	94	7	-42	94	47	75	5	-24	81	70	-17	60	81	-69	96	55	12	-86	-9	-9	-61	-93	81	96	0	-39	65	-35	38	68	-30	85	19	-47	15	-59	89	9	-95	27	73	-10	53	34	62	-72	-28	-65	50	22	43	51	61	39	18	-96	-20	0	80	76	-20	64	47	-79	-88
-47	-1	-85	6	4	65	87	-41	-97	-23	18	73	-97	79	-23	-41	18	-29	-67	-58	-19	44	0	57	-17	-66	8	-77	-57	9	47	78	-62	-73	-48	88	1	-45	21	-86	29	78	-14	48	14	100	-12	-16	-85	-75	-11	20	70	97	45	-3	-79	-78	-23	-37	73	55	-65	87	88	-24	26	61	-98	-15	29	11	-26	-95	12	9	-48	44	42	78	-14	-52	-87	-71	1	-100	-63	-30	-94	-56	67	-3	47	6	-7	-99	37	-3	-77	69
-9	-64	-35	-82	-20	10	60	49	84	-15	-87	-79	78	-59	56	42	49	10	52	76	3	67	-84	-53	-60	55	-30	49	-84	96	25	-64	-82	-87	-30	54	-77	74	13	98	49	46	16	35	76	75	11	19	-51	-42	-95	85	-54	-43	-63	89	32	-15	30	34	0	-67	-64	4	-62	56	-52	93	-11	61	-2	-66	63	52	20	-95	46	28	88	9	72	61	29	44	37	-89	37	-56	-64	19	16	60	79	69	15	30	-52	11	29	-93
53	-91	12	-52	98	-64	-15	16	38	-97	-77	-11	71	53	-9	95	100	60	-16	-15	-7	-93	7	-98	-25	16	61	34	-17	29	68	4	-10	82	6	88	99	23	-13	-58	65	-86	81	8	1	14	95	31	63	53	40	89	78	-88	-31	16	11	-76	97	32	-19	-90	-17	-90	58	-54	-64	-31	86	-16	-93	-13	85	49	11	-84	72	32	-82	-75	-62	97	-16	-45	87	-20	-14	-72	53	-59	-46	35	84	37	29	2	22	59	0	0
-84	28	-20	94	-85	68	96	-58	-71	82	-84	-35	59	5	70	27	93	-61	-86	-18	-90	81	-61	-50	-2	9	-68	14	-21	-97	-43	43	2	-20	-57	67	15	55	17	-17	58	21	-35	-37	39	69	56	-98	-98	54	43	46	-62	-82	30	25	-91	91	19	31	94	-2	0	59	53	66	-83	-1	94	9	-91	-3	44	4	4	3	69	40	45	61	31	-44	34	-27	29	-63	70	-19	-89	37	-42	44	69	-82	98	-20	-37	90	-47	-50
-41	50	39	-91	-39	87	76	32	-50	55	99	-100	-38	-5	72	49	-15	-88	-20	-33	34	32	-19	47	85	-83	-2	-18	64	-100	-28	65	-6	-57	96	-77	-72	73	68	-6	-24	76	67	47	76	-30	-81	-85	42	76	95	-78	75	1	69	-78	-87	-52	77	40	94	71	26	43	-15	-88	73	11	-1	-34	-80	-32	-67	-69	-37	100	36	-77	34	50	-4	-18	92	33	8	85	-42	-35	-6	-13	16	-13	-10	-98	13	-63	14	-49	-41	-59
45	-25	91	2	70	90	58	-63	73	-17	-62	-33	-16	99	-99	-95	53	62	27	-65	-4	-66	-51	-75	-28	-17	-83	-96	-91	-85	-96	11	56	-55	86	71	-26	-7	-92	50	97	77	38	20	-48	-9	-59	23	-17	-65	-88	-14	-11	83	93	-55	-87	-68	-65	-69	-14	33	41	-7	-13	-12	-7	92	91	-41	91	-74	5	66	-3	11	-40	-13	-62	-65	75	-16	-74	67	94	43	78	26	-16	-92	-34	-2	-26	81	17	82	-65	-58	-86	-71
-3	-15	57	-86	-94	0	-34	-44	-9	30	-88	89	58	-17	47	-93	65	40	-77	-91	-24	-73	29	76	-72	45	21	-56	43	-98	-32	-44	73	-67	-95	-45	-92	-36	-39	79	-6	-88	26	98	30	-27	-34	96	43	-15	19	72	-70	45	54	-28	84	-12	29	33	41	-75	-99	31	18	-76	77	-14	56	-57	-84	49	82	45	73	92	-81	-58	-16	-86	-2	-91	-34	-8	29	-92	36	-46	-84	-43	72	8	87	-92	-83	71	-72	-55	-70	21
67	58	86	95	79	62	-27	14	54	94	-48	-21	18	-7	21	-88	-25	-100	-30	-31	-63	92	20	-23	-96	62	-52	0	69	66	76	-32	76	-99	-12	-18	24	68	-93	83	60	-51	-91	-40	-17	82	30	-42	-10	21	91	49	26	82	-8	-44	84	21	-63	74	-76	-67	23	-14	-32	92	14	-95	-20	-54	-22	48	97	90	-36	-88	76	-94	67	94	-80	-77	18	-62	70	-48	36	-53	37	89	-91	33	80	-37	-48	71	-55	58	-86	-58
-92	-37	-81	80	-10	34	-61	-81	-56	-12	25	77	-36	84	86	82	45	-3	-14	67	95	-69	-27	-55	31	-59	-67	78	0	18	100	-77	14	6	-45	-60	-80	-62	-49	-28	-9	-31	4	-2	1	90	99	100	69	-90	-17	40	-11	-76	-78	-99	59	-56	21	-53	-34	20	54	19	78	-67	-87	-49	98	6	-22	18	57	9	71	-56	33	-89	0	60	69	31	49	83	-2	50	-37	98	68	53	39	-52	-81	94	79	57	-67	82	46	-9
-17	5	-47	51	78	79	-26	-26	41	-16	-88	-48	63	-41	87	92	52	58	100	31	12	13	-11	5	8	28	-30	14	-27	78	83	-80	23	-7	21	17	-98	57	78	30	-25	-82	-35	4	93	75	98	11	65	-67	-95	-52	-70	52	-2	13	85	14	54	-77	17	-3	-15	-28	-56	24	-93	-29	92	-60	-62	35	79	58	-72	-94	-38	-36	-4	-95	-53	13	-15	78	54	94	-44	-58	-27	-60	40	21	52	-19	-81	-63	-88	23	-27	91
-71	-90	-73	-95	-4	-65	-25	86	-77	98	68	-21	86	36	-26	-14	68	90	60	-12	28	-91	-93	-60	-48	54	-39	68	21	-54	-8	60	21	64	-9	7	-28	-99	62	81	53	51	-95	-15	50	-77	-54	-21	80	1	43	-100	-16	83	53	82	2	62	-43	-2	-33	62	3	-93	35	-11	-2	90	-20	96	-78	-1	2	-22	10	-30	-52	35	52	-92	62	-28	90	-37	74	-96	9	-22	-22	32	-69	69	16	-9	-93	94	-94	81	-37	-54
84	15	-63	2	27	-16	-87	-36	45	-85	6	100	73	81	9	-38	24	39	-6	-23	22	-27	-67	94	-18	-84	27	-35	45	62	33	69	51	-6	-51	97	92	-58	-82	-58	58	39	29	63	-79	-18	64	-75	54	-5	-74	-63	14	51	-52	-82	87	-33	62	-100	-56	-43	-8	21	-43	65	-23	-76	-61	-50	28	71	61	-75	-93	10	27	-93	4	99	99	-64	-68	23	55	-45	9	-98	-79	-89	40	31	-100	-5	-36	-59	-24	-56	98	30
-49	-83	-51	26	58	9	81	-77	75	-36	-23	-4	71	-89	73	-100	100	-75	3	-80	-89	-39	41	40	-5	-55	-59	-77	94	-73	19	31	30	-22	-91	60	-98	17	-4	-12	-67	-96	17	-8	28	-20	-27	1	96	-6	38	29	4	-5	60	17	-20	-43	95	-92	57	4	-66	42	75	62	40	43	-74	-41	40	-54	35	-26	-4	66	-55	-46	-21	-29	32	-24	0	-42	47	-18	-55	-3	58	-24	85	13	-40	-90	39	45	36	-18	48	4
18	-21	5	-38	-72	-72	-70	-83	76	-21	30	-24	-73	-5	-60	71	-89	61	-76	78	18	36	-92	55	43	41	-79	54	5	-84	-72	71	97	-4	-25	38	-35	30	76	-69	-85	33	-65	-62	30	94	-78	-85	-48	-51	-2	-89	-92	45	86	-62	10	-13	-19	55	-84	-73	38	50	83	-93	63	62	67	-81	25	-37	26	-69	-98	29	-23	74	32	-96	-7	5	-45	38	78	23	-25	-52	-26	-66	-73	-15	89	-38	-89	-84	47	94	-53	-63
59	-13	78	4	-48	-48	21	39	8	85	-72	91	-41	83	18	-30	-5	9	-17	58	0	63	54	73	-30	2	-75	0	-19	32	-12	-92	-71	-49	-96	64	65	83	53	-81	95	48	-62	5	11	19	-23	-98	14	4	-38	46	-22	64	-14	-18	5	-12	-45	29	-73	-39	-48	73	-76	-98	-36	-73	83	-83	25	12	14	43	-95	-64	26	-87	52	-48	-40	78	-67	-85	-4	1	-3	66	84	-82	-36	31	-14	1	-92	45	-46	-61	-17	32
9	-70	32	-64	-63	-23	-22	-20	-41	-89	-69	90	-68	-75	5	48	7	15	6	58	-10	-21	42	-21	13	68	-79	-7	27	-44	-55	-79	50	-10	93	89	26	35	79	87	21	21	-60	-26	-35	30	78	-23	42	-37	30	84	53	-47	26	15	-51	-30	-66	-37	-41	-34	92	-11	-89	-74	94	56	-76	94	71	-4	4	7	-98	-90	43	60	-10	48	-56	46	11	-51	7	-16	66	-32	94	-92	53	18	-18	75	86	75	-28	93	-8	-90
-67	-78	-20	-67	33	-50	14	-5	-91	92	-60	86	71	-70	32	80	-27	-83	73	-82	69	-1	-70	-94	71	-35	-94	86	-30	64	21	33	88	46	69	-56	-70	93	-2	-20	94	89	12	-78	87	49	98	-2	48	-14	15	-69	97	11	79	46	-7	28	-55	7	7	-28	45	-69	61	-49	94	-84	-36	80	46	58	-45	29	-45	-70	77	96	100	-58	46	53	56	67	13	-50	-85	29	87	18	35	23	98	95	15	-58	40	44	46	5
-51	-11	-40	15	-40	15	-64	-77	-84	-63	89	-92	11	-5	-40	57	31	-12	-19	13	72	-37	-47	12	72	-24	-20	98	19	49	20	-72	67	58	19	73	63	-9	-45	-27	17	78	32	6	89	-4	55	23	-78	13	-9	62	-87	-38	-5	27	-38	-23	86	-50	60	-80	-37	-23	-40	-83	-86	-61	-93	26	-53	9	18	-11	-43	-90	-8	48	74	35	43	61	11	-95	2	-78	-44	-25	-42	-67	58	-73	-73	-13	3	81	-87	-78	90	79
-55	-33	-63	-29	46	41	-14	72	-48	-76	1	26	21	12	-20	12	-49	-67	0	-15	-35	95	-97	-76	-1	9	-6	50	95	-50	52	71	58	44	26	-8	20	-2	14	89	-47	61	-23	-24	70	58	44	-88	-72	-69	99	-57	-86	45	33	-87	-98	91	18	26	77	-42	48	-56	-54	4	-99	22	68	-12	-47	45	40	-78	51	-46	8	-17	35	-63	43	45	48	96	-87	30	43	-28	3	92	51	78	69	51	25	-99	-78	98	-53	96
-18	-13	58	62	-97	-81	-26	50	-99	-11	46	-69	32	4	15	-33	-11	-6	85	78	-4	-32	-70	-70	100	-4	51	-13	87	87	13	-48	43	68	54	-82	-13	13	-97	72	-42	75	-4	55	-70	-47	-15	39	-49	43	-18	-14	-61	76	43	-76	92	-14	85	-30	99	28	48	-50	91	80	52	-95	46	-80	-7	-10	-66	-66	-87	86	59	34	-76	-17	-29	-65	-69	50	-100	-6	2	-3	66	-80	-28	-32	-52	54	-28	-4	77	44	-26	-12
43	5	-15	-94	84	95	4	8	25	5	-67	40	-65	-100	25	69	-60	91	-90	7	19	-38	60	86	90	63	-85	94	-98	-25	24	-23	-91	94	-14	64	-46	-45	59	56	65	98	38	-16	-92	-41	10	7	15	24	-68	26	33	-78	28	-88	-32	-50	79	-93	54	58	-26	10	-5	-63	-63	68	5	5	-88	16	68	-75	4	-50	-65	99	-36	89	-40	-45	3	-42	-71	-89	78	-2	0	-98	58	-92	-96	94	-85	32	-10	95	-58	17
-34	-77	-67	27	37	14	-13	35	98	74	-61	-28	65	26	-90	-25	90	-38	-42	39	-46	-71	-46	-43	35	8	-28	-49	19	-9	-63	96	95	73	-35	-91	-20	75	55	-78	-63	85	-21	-62	95	16	-72	36	51	-71	13	-100	82	-94	41	69	20	21	51	-21	-9	91	-70	39	37	-32	23	-79	-59	-24	-16	-3	-72	3	-53	43	53	-41	34	47	-1	88	-9	7	96	-6	-92	-78	-93	-42	-42	-60	-80	6	94	-32	31	39	91	-15
97	60	6	-81	-54	-8	-35	-34	-3	43	-75	-25	-87	-16	-86	31	45	-73	-51	76	24	-23	94	-56	-96	73	24	-23	-79	9	-12	-69	-31	84	5	-30	-51	-44	94	59	-83	-23	97	-22	68	-88	73	-98	32	65	-2	81	88	-89	-42	4	51	-75	95	42	-97	29	98	66	94	-77	-45	-85	17	-13	84	8	58	-100	-71	32	39	33	-93	-65	-84	-3	19	-48	-2	71	-39	-73	63	-83	41	76	82	-56	-52	-44	33	-43	68	73
-7	44	63	30	-64	-88	36	17	-71	81	5	-72	-2	27	5	-40	38	-59	-18	-52	95	40	-82	9	43	81	2	-80	-73	-56	20	-20	-64	-67	-76	-9	-24	66	-89	-77	68	81	8	81	45	-67	52	52	26	-56	56	3	100	51	7	-82	54	-42	92	-35	-80	100	-84	70	-56	9	20	51	-54	-36	85	-64	17	-33	-76	74	-81	94	99	52	6	-47	69	-49	77	-17	4	19	-66	-34	-46	-35	-44	37	-19	-67	-77	-93	-25	-38
89	-26	35	92	21	1	-51	80	-56	62	25	-16	16	48	53	74	-92	11	38	-94	43	68	0	-2	-47	22	-44	-97	-22	-53	-16	-34	-89	-51	46	18	-60	-23	36	-32	92	-40	22	-68	-76	-80	100	-90	-61	32	47	-69	68	47	-83	-20	-3	16	-22	-1	-28	-6	85	-11	55	59	5	60	98	-36	88	51	-69	-53	-98	-59	-8	96	-44	-40	-19	91	89	76	-73	23	98	-96	-26	62	-72	40	54	-27	0	-80	-62	-51	-69	94
24	86	48	-75	51	98	-89	-74	10	84	-40	57	-75	14	-67	8	-50	-28	31	97	-18	-72	-24	41	6	70	-33	-25	-77	93	0	-83	-44	76	4	-88	-83	28	-71	-56	-47	-35	14	43	64	77	-20	64	70	56	-72	-13	-45	73	40	48	-92	96	-41	62	99	-53	74	-62	86	-17	99	-85	-86	100	44	-70	-74	-14	-7	52	14	-76	47	74	-88	-75	96	-50	-74	35	-61	-18	-27	31	-54	54	15	-74	56	-21	-13	-59	-20	-82
-4	48	35	-96	56	31	-46	78	32	-99	77	-87	39	48	12	-88	-96	-27	61	-44	55	23	-56	78	76	31	88	-39	65	72	53	30	-9	-13	-95	-14	45	16	77	-82	-35	30	-81	50	-70	-35	91	16	85	-99	-19	98	34	-37	-20	51	96	-29	54	-73	31	-85	91	53	-45	86	27	92	2	96	-61	-82	-9	-8	-79	70	89	23	5	24	99	83	48	-1	44	80	76	45	37	-75	32	-48	59	-88	39	-25	18	34	-56	39
96	-52	81	-24	8	58	14	-8	-32	-18	77	25	-94	80	22	8	22	-39	80	28	-48	-87	98	90	-36	37	-2	-63	55	-72	-77	61	54	-5	-19	95	99	-58	-72	-87	79	63	-85	-9	-28	92	-65	-18	83	18	-25	38	15	82	61	72	-16	-11	55	15	62	-2	-32	-45	-52	58	93	21	-27	-100	-33	-30	38	34	-49	27	69	91	71	12	-42	26	19	58	-28	98	-87	-9	-69	91	-35	-5	74	-33	78	58	66	-24	61	-5
66	-87	67	15	21	69	-88	-6	-38	36	39	-16	-79	-76	90	-24	-6	35	-79	64	-15	-9	-71	-91	59	-5	5	5	-32	84	82	12	-35	-72	3	31	-15	-65	95	68	86	31	78	-53	26	54	89	-88	9	-9	38	41	-48	20	-44	15	83	-88	62	42	57	-65	-62	-75	13	-54	-88	22	-87	-20	49	80	44	33	56	33	-65	-67	-37	12	68	-77	-47	-56	-57	26	-91	17	74	57	42	57	0	31	-96	78	33	72	64	82
-39	-1	-55	-97	86	92	-77	-43	-41	89	-86	-96	-1	-51	-45	8	-99	64	5	-43	-70	-8	-26	-5	-92	99	-45	64	-75	-99	3	-67	-44	-79	-76	33	-11	5	-23	71	-29	7	-50	25	11	-18	-22	-75	66	-82	-33	-40	27	47	62	97	-44	-38	97	46	-80	-85	84	9	28	-64	90	12	3	57	46	-83	64	69	99	39	94	-24	86	-64	-83	-94	-8	97	-58	34	-82	-67	-96	14	2	-13	-96	-54	6	-26	-35	98	-35	-83
42	78	65	-59	49	88	-38	-100	-99	-25	-20	36	45	16	-62	-47	24	57	11	20	14	6	-17	-53	-13	46	-11	36	73	-12	-31	-89	45	27	-37	-77	36	66	-75	68	-50	57	-7	-23	-57	-44	-9	-60	-75	-49	58	37	79	-6	20	61	-79	-59	-91	-85	-49	-38	16	9	33	-57	-60	51	-13	70	77	-70	-72	2	-62	36	64	-21	34	69	32	-30	36	77	3	-47	-38	-79	90	-74	45	-10	50	96	-48	-90	91	99	80	-38
7	-26	17	21	31	-7	-43	-75	2	93	47	15	-14	-81	-82	95	-100	1	-30	76	-70	-71	3	33	85	-8	63	-65	29	35	-32	25	91	-78	15	-52	-4	86	32	34	9	47	-7	13	57	11	67	68	-37	77	64	-87	-16	21	88	87	-18	-29	-43	-7	-26	84	-97	-10	30	83	-53	-79	-54	68	20	37	59	42	17	11	23	52	53	-14	94	50	36	78	75	-50	45	30	-100	-43	-64	-91	93	-16	-3	-10	99	-3	16	-93
-39	-22	72	21	-58	10	29	-26	29	-13	40	-16	2	-67	70	-23	77	76	-27	54	77	-37	1	-65	-13	-71	2	64	52	-15	-2	38	-22	-77	-92	-66	-72	91	-56	3	-67	-68	-79	95	92	-78	43	2	29	70	-65	-51	100	-40	-65	-52	-92	78	26	100	75	-40	-100	-64	45	94	-16	9	79	37	92	-84	36	21	-56	4	-75	-64	60	-70	-68	-54	-95	-95	25	-44	5	29	-8	-54	-80	40	-73	19	95	61	-81	80	0	13
-56	73	15	18	88	-29	4	93	-43	20	96	60	0	46	-47	-48	-39	19	-61	-51	-98	83	-42	97	24	11	80	34	33	88	-49	-30	-70	-52	-73	24	71	26	-87	-48	41	-38	49	22	37	72	-93	-19	88	65	95	-46	-41	-5	-100	-85	32	-23	99	2	-85	4	-91	-26	-51	-77	70	-66	-43	-38	-27	90	68	-92	-99	-9	72	-85	3	-48	59	-68	42	-62	-85	-15	-9	92	-43	-50	23	64	77	18	-52	-63	-69	-44	-16	-93
-99	69	80	-74	90	-76	47	-100	-74	37	41	4	2	18	3	-26	91	1	-72	95	-38	-62	29	9	-100	51	71	27	93	62	-4	34	22	98	40	76	-82	20	71	-30	-53	74	-91	-43	8	-90	-21	17	85	-16	75	98	-69	-98	42	78	29	65	32	41	-65	-52	60	65	45	-58	83	83	-49	-53	43	-99	60	-39	-84	-86	-88	-50	-35	89	69	98	-58	84	-2	-37	-83	-76	39	91	65	-82	-62	9	95	36	75	96	-46	-64
-69	8	28	61	100	-55	34	-57	67	-69	-63	66	-37	-23	-43	-31	-44	-24	-86	-62	89	-89	99	3	-42	-98	-12	-39	4	96	86	-44	-69	-72	46	47	-34	84	68	56	68	42	81	45	0	24	43	91	-29	-23	58	-67	57	23	-32	-65	-94	20	-48	-90	89	-14	-27	-94	8	-59	-49	-33	-95	51	-32	-75	-88	49	-12	25	64	-1	15	-24	91	82	15	-64	100	30	-26	1	-82	93	90	-51	22	-80	66	10	32	-6	67	-37
-33	23	-92	63	32	57	21	76	-23	-21	-84	59	-41	35	-24	96	44	11	-91	20	-21	-42	38	84	0	31	-73	-77	-45	72	21	-4	45	-3	-80	23	25	-14	10	42	-15	-94	53	-61	-59	-83	64	-16	38	1	-51	0	60	-9	-56	97	26	14	80	94	-81	-42	63	-15	60	-14	-31	13	-12	30	87	86	-36	-71	85	-35	-41	-65	-93	-72	-12	-79	-20	-48	-59	53	-89	-49	57	-62	51	-14	-69	-10	-13	-38	-12	61	-4	100
-47	-80	61	65	-29	-42	-65	29	-32	87	-93	-39	2	10	-30	-64	98	58	-63	-2	-31	-25	29	-32	-89	41	77	96	73	-60	-78	-39	-47	98	-8	1	-48	31	-36	-76	-25	-7	99	-10	82	-12	-17	-97	68	70	-13	-13	-75	16	-10	55	31	6	87	-99	-85	-60	90	-50	52	67	0	19	-98	70	-85	-92	33	24	5	-78	-75	-69	85	71	-82	88	5	-94	51	91	-53	93	-39	75	15	31	-5	74	100	-53	44	-40	-2	-25
-98	-88	1	68	15	-17	-72	13	-2	-98	98	-22	84	73	95	-76	-87	42	-18	11	78	66	4	86	42	91	66	-2	-37	27	-58	-3	-72	-78	-16	22	26	40	1	22	-64	27	-16	77	-63	-55	62	-16	76	-93	85	-56	-31	22	-79	-70	6	17	15	58	40	2	71	37	27	96	37	-69	28	-41	91	-37	-69	2	57	-45	56	-80	35	1	-54	-41	19	55	-46	-46	39	-74	-16	92	5	-45	-63	9	51	95	1	-2	29	-80
83	34	90	-73	-11	22	-87	-5	38	78	-39	27	99	64	43	54	-15	67	-48	24	39	69	-28	-70	95	-60	-47	56	-96	-24	38	7	-79	-22	-96	-54	-37	-73	-15	-8	97	-94	-13	84	-71	-36	40	-81	87	77	21	-7	90	-50	-81	12	-16	-64	4	55	24	45	65	18	-2	-52	21	-61	7	-19	-85	42	86	56	100	-46	55	90	73	-65	41	-99	-13	-31	-49	54	47	8	-10	-27	14	100	-11	-20	57	-50	32	-77	80	-72
-86	75	-95	-22	-23	-20	-87	1	51	88	-66	89	-6	-46	52	34	23	-73	47	-37	-21	-54	0	-8	-98	-10	-38	47	20	94	-68	51	57	-14	70	-7	23	93	-82	-1	55	-94	42	0	-21	95	42	-4	-39	-31	16	-61	-77	-82	-47	-45	-77	-36	86	-88	-100	-12	-5	71	82	52	-25	-72	-70	17	78	44	17	49	-72	14	-19	43	33	60	-67	63	41	-6	-97	39	-58	66	-43	-63	-49	-82	-72	-14	-19	-4	77	-68	47	91
