-80	-18	-100	33	-91	-95	6	-44	37	-12	-26	-6	28	31	70	33	8	-42	-58	65	86	39	-81	-20	-48	-97	-69	43	9	70	-51	0	-25	-19	-36	-12	85	-4	50	-5	-14	87	21	-77	97	3	-49	-95	90	-29	8	-36	66	65	21	37	-88	71	92	-55	90	53	58	-25	-35	-94	-36	48	-67	82	71	-70	-45	-88	51	55	81	-51	-14	-26	-49	-80	-7	-70	30	78	90	54	28	59	31	36	-100	-100	19	95	0	20	43	10
71	39	-13	21	-14	-22	-36	-70	67	-66	-64	-24	95	97	25	88	16	91	-30	-19	-39	-4	6	-45	-53	57	-17	-17	78	-66	-89	22	47	21	92	-54	-77	67	-59	-45	92	-46	-13	-36	-2	21	-66	-98	10	-22	76	-48	70	-76	28	-22	14	54	85	50	9	17	48	-86	20	-69	19	-39	-13	-71	59	-64	-46	22	60	18	22	-3	-29	-60	83	-46	73	-79	47	-88	81	53	55	-19	53	25	61	-79	-60	27	93	-1	-17	-31
-97	-32	60	-40	23	-42	-86	7	-65	78	65	-31	5	-55	4	-43	-27	0	-94	27	3	69	51	-56	33	-28	-13	-73	0	93	-67	44	13	92	98	4	-4	-87	-88	-32	89	-84	-87	-55	-42	-3	-71	68	99	-9	54	-98	86	9	11	73	-77	-68	-6	31	-9	-3	78	-61	79	84	-75	-100	-1	-47	21	-70	-51	-91	33	0	-42	-31	-57	-53	-97	-29	70	99	64	18	84	37	63	16	-3	55	52	-6	73	-46	-5	42	-33	-95
77	3	35	-49	80	35	-69	-18	-30	-22	69	-88	44	-40	60	-43	-26	40	-58	-15	-78	-29	-23	2	24	82	38	-51	-89	-65	-70	-65	-87	47	3	39	-56	-38	-12	-61	41	79	23	-80	55	92	85	19	39	94	-40	10	-84	49	42	93	-52	39	-43	28	41	59	-87	-13	18	-9	33	44	-42	82	-60	-27	-45	-94	-86	-71	95	-86	12	10	-77	79	-16	93	-60	78	-63	18	-37	85	69	-75	66	-30	23	-43	60	68	-88	70
-25	18	-90	86	-85	85	-84	-67	4	9	21	-13	-37	90	-58	-47	49	-43	99	67	-2	-62	-57	-28	97	79	53	31	45	30	-53	-57	33	12	-70	-57	32	-35	-69	-46	17	57	-48	8	4	97	46	25	-83	-50	73	67	-56	-90	-62	91	1	-17	92	12	30	-3	-69	88	-13	-43	-30	41	30	-91	-74	-12	63	88	28	82	-14	70	-20	-77	94	-77	-21	28	-72	-80	-57	-88	98	-91	-44	-86	88	-71	28	-55	-43	-45	3	-26
74	-95	-54	99	82	-21	71	-48	-64	14	-72	79	-96	3	36	24	19	42	-37	-57	71	-32	80	-9	-39	19	71	-55	2	-73	-94	-95	16	-79	-16	3	-50	-28	62	-98	2	-97	4	98	-18	-49	-49	-83	52	84	-28	-65	-76	-12	-87	-58	-73	-3	32	6	-5	53	-66	-36	-75	85	-69	-92	93	-81	78	-20	73	23	-74	35	-95	13	-86	43	-30	-53	-88	-13	11	-100	-36	-96	29	-22	21	64	68	88	17	94	-59	64	42	-53
-79	48	-31	-76	-62	51	100	71	53	-83	57	-76	-93	28	14	-30	3	20	-2	-94	-21	-21	-92	5	-75	80	-83	-38	-8	98	-35	52	34	67	64	-80	83	-31	45	56	-16	1	-36	98	-7	-38	-61	87	-97	49	-17	-25	-43	-91	-32	10	90	12	10	57	88	-89	90	100	60	-15	96	-43	-45	-21	-86	-52	51	-2	23	38	51	49	84	-13	-91	48	-25	-82	96	82	-97	91	-65	50	-58	-45	-40	-69	39	-49	33	-43	-56	-15
28	14	96	-34	-6	-85	-72	26	71	67	46	-36	13	94	-1	59	71	75	73	-19	-23	11	-10	-64	-79	97	-84	11	-83	-75	94	4	53	-77	-30	42	0	-26	65	-44	30	-57	71	-56	32	75	74	47	-30	10	96	52	48	93	97	-82	-11	-70	-38	-50	100	-24	31	-82	30	20	-39	83	-29	18	44	-23	-57	75	-25	37	59	-18	-2	-36	73	79	-19	-99	-42	35	-53	-38	41	38	-11	37	-71	-83	24	-13	-90	-77	86	-44
-98	-5	-28	-62	39	56	-87	-91	-34	-54	-27	-49	43	97	57	8	6	-13	75	57	-11	-74	-84	-42	-36	-34	74	75	-12	52	8	72	8	15	72	73	58	-54	88	-67	91	-45	46	-12	96	-64	95	-72	30	83	-58	-52	71	-57	61	43	73	74	98	7	-73	96	-86	-95	-91	66	93	77	-100	-50	-73	-93	65	-17	77	-50	53	-52	-71	-31	-60	-70	-52	28	64	83	-19	93	-46	-44	-25	-99	37	12	-41	-8	-63	-64	55	51
-34	70	54	-96	1	44	9	57	71	-70	73	-26	-17	61	-44	13	90	-28	-17	42	6	-60	-4	94	85	6	-38	30	-33	-77	-91	91	34	-11	9	-18	98	65	-60	26	46	-72	-2	-11	8	-97	80	-29	26	-85	-82	-42	-8	67	-31	46	99	-38	-56	-28	77	-28	-43	33	-11	-70	44	93	-61	-34	-77	82	27	90	63	-19	-16	79	-48	67	-76	37	38	58	-51	60	-89	-88	87	-61	89	-18	37	53	-24	-32	-25	-60	84	8
94	33	-75	-92	51	-87	-84	-62	-20	-86	-94	-14	-64	-37	-13	-44	6	64	25	43	28	35	-52	-62	-96	39	-22	53	-42	66	51	-46	31	-94	-75	71	23	66	-64	4	-28	-72	-44	22	82	68	-40	-70	49	-25	30	-50	-59	-14	33	55	-56	32	79	55	-95	79	-60	74	3	52	-16	55	-64	80	-91	9	-24	-25	-14	39	47	0	24	-33	-54	-35	-96	-22	9	-34	53	16	-50	54	-40	20	-28	-55	37	73	63	-74	80	-54
-72	-1	49	100	52	75	-38	-24	2	5	38	89	9	76	-38	-91	67	94	-83	31	-32	-81	98	-35	3	14	22	78	88	3	-82	79	72	-86	27	37	15	100	72	-58	1	-84	0	79	-94	-100	0	73	61	50	-34	-64	78	-34	66	-67	-5	-53	-67	-31	-27	-6	69	-99	38	62	52	-66	55	48	-34	19	34	79	-35	-47	93	5	24	81	75	-44	38	31	61	27	32	9	-16	-3	-15	-27	87	92	79	-93	46	45	58	12
-64	-22	63	-36	-80	-27	39	-89	2	38	-43	-50	64	69	-64	41	-31	94	64	50	35	-98	55	-91	51	-4	-96	-91	-3	53	-86	-70	74	-77	80	11	52	36	-19	97	-82	-78	36	-2	-59	47	71	68	-94	52	-7	65	-30	-70	-12	49	-46	67	47	-76	60	86	77	-52	-83	6	-98	-77	-24	-52	-66	-23	-16	-98	-47	74	-18	-45	70	76	94	15	-12	-28	-3	0	-99	59	-59	-27	0	83	22	78	51	-35	51	-2	40	-44
-7	70	-58	4	-100	-4	76	28	-67	-54	89	81	-95	42	73	98	-18	-7	-29	-62	7	74	-19	51	92	1	11	49	58	-90	-33	89	-35	98	60	5	-20	-27	40	47	-62	38	-71	-46	83	76	-82	34	45	93	74	-26	-6	-38	30	31	61	-88	46	-57	99	29	-67	-11	22	65	52	-8	-90	30	75	21	-38	-47	82	36	-100	-48	60	-51	62	-13	70	23	-77	7	-95	-86	5	73	-38	-61	90	5	26	-35	1	98	-64	-45
-17	75	-45	-35	76	-41	100	-6	-59	-77	55	-29	20	56	54	72	15	-88	73	-58	43	-16	-35	-100	-67	73	-36	-42	49	80	-38	53	94	59	-52	-49	98	-100	-58	-43	59	32	-42	-1	-93	-21	85	-39	-1	-70	-38	96	-50	-98	73	-8	76	-28	24	-98	-40	13	-80	-18	84	-66	4	78	31	-33	12	-65	-9	-12	0	-97	-66	-69	-7	-16	-29	32	1	-12	-25	48	31	97	-81	-84	27	22	-61	91	-16	-91	86	58	-60	80
-7	90	-38	-92	-51	47	-34	-97	55	68	-68	-89	-56	-90	60	27	69	-40	3	98	-22	64	84	3	-55	53	-7	44	4	-34	11	45	84	-31	20	5	4	-5	49	68	-74	50	35	36	-14	66	-50	9	1	49	-24	77	13	39	-6	-67	-5	0	65	-85	-27	-98	-99	-51	-23	-1	30	-50	93	-54	-11	88	-92	-63	40	-74	-7	96	54	-37	-84	73	71	-57	91	-43	-62	-96	-85	42	16	48	-87	69	43	-73	58	42	-61	-20
-97	69	-2	34	-100	46	35	67	-81	-83	34	-5	-75	81	-55	-1	-100	79	-37	-34	-60	89	-31	98	-49	44	-59	-33	16	4	97	-89	-71	-45	-54	100	-32	57	-66	97	-93	-8	-8	-22	43	93	11	-7	32	69	45	61	-34	-97	62	-67	0	-68	-67	-2	29	-57	-94	14	-81	58	-57	-7	-64	-68	-23	-11	-54	-27	19	-46	-38	-98	35	12	46	-93	23	-60	-35	-87	46	-5	-49	23	-98	66	16	-100	-94	-27	15	-85	73	-69
36	17	-53	25	-83	73	-10	-73	-58	96	29	13	36	84	60	-94	-70	4	-23	-53	-3	-41	-63	-23	36	-79	23	100	-57	-13	-44	-68	-83	79	26	-79	60	77	31	-15	-61	9	40	62	-22	43	99	-88	-17	12	35	44	66	-17	86	86	52	36	27	99	-64	-81	98	92	-20	67	18	-82	15	95	59	-56	-97	-69	75	39	22	-46	6	10	72	-16	-70	-96	-73	-22	-22	33	74	-52	-63	-77	24	-22	-33	-16	70	52	-35	-24
62	-92	44	77	-79	-66	-8	-50	87	-7	-12	-30	-5	-60	69	0	-62	-8	9	65	72	9	-73	-42	85	-90	99	9	12	-85	-91	-96	-52	61	-72	-48	-24	-88	31	41	98	-85	-57	21	12	12	58	54	18	-82	2	-45	47	6	18	76	-37	-18	-18	-62	43	43	-60	93	-40	81	-79	44	46	30	32	-78	4	19	76	24	10	40	84	89	31	27	28	-22	38	72	99	-62	63	-9	92	84	-5	-1	-98	21	-99	19	-6	97
72	89	87	-24	18	9	93	24	-40	-96	5	-12	-68	-23	10	-62	-43	-84	-5	-93	55	34	77	-75	87	-45	-8	-89	13	-18	-85	57	-25	-44	79	-81	-4	82	-94	58	-43	55	31	13	8	3	-8	31	-31	-30	96	-72	-39	-61	-55	-47	72	-46	58	12	28	-80	60	-20	10	-65	51	-30	-25	50	82	-13	-1	-97	21	55	-61	64	56	48	-67	44	-92	-5	44	59	-82	-9	-31	-83	-62	-26	-93	100	43	93	39	-86	73	-21
42	-79	59	-49	-73	-71	-42	20	49	79	89	16	66	-5	-72	42	33	-48	-9	-48	88	50	-20	-38	63	-12	-78	13	-62	62	48	-8	13	-55	-10	-30	34	-34	-78	76	-43	-69	50	23	37	-89	36	-62	43	38	-39	-74	-4	-28	-33	81	40	86	-39	-88	51	66	10	-81	-79	-47	17	-31	-41	-3	-2	-4	61	-8	54	-93	-91	-28	-79	31	-84	39	87	-69	43	27	-42	-26	-22	-70	39	41	-44	53	72	52	33	-44	9	-94
-94	13	-99	-3	100	36	-89	3	93	47	-28	-34	24	39	35	64	62	-98	37	-91	20	-4	8	45	0	11	0	-43	-81	-93	94	3	-83	-29	-13	63	44	59	-24	53	-81	13	73	-9	-90	-79	-27	78	21	-82	-63	-1	0	-85	-16	57	17	55	-83	50	14	39	-79	-33	5	-59	69	76	-58	2	-28	-52	85	-34	-28	-35	23	25	51	37	13	95	-7	-34	64	-27	-35	6	53	-1	-34	31	95	32	23	73	67	24	-39	20
-87	-41	63	-4	42	-82	62	-21	-37	-56	31	-64	-30	83	41	48	100	29	73	-71	-10	-56	-12	88	-65	27	41	-30	-68	43	-52	-72	69	44	-61	-2	-43	-70	59	-34	-81	-85	-58	-19	17	2	-11	-26	70	-68	61	-12	53	22	-43	-28	-61	-21	-14	-36	81	25	10	44	-97	-35	-63	-93	-30	-16	-54	-36	39	25	-71	45	41	-60	69	45	-21	-86	-100	78	24	-16	-76	-79	5	-14	-51	-8	31	59	70	48	-52	-76	-27	-88
39	89	13	75	-82	62	-42	21	-47	77	63	39	-1	96	-29	-50	47	86	78	79	72	72	-69	58	70	-77	53	7	65	-14	-15	69	-47	-23	6	-5	39	6	64	-36	66	-53	-6	94	-80	63	-61	44	52	-97	84	-11	-87	-11	-39	17	-69	-39	-88	54	97	51	92	-71	-46	-76	49	-66	6	-88	-96	93	-27	79	72	-25	-71	96	89	11	-16	40	51	37	36	20	-95	6	-45	63	-94	-71	-30	-48	1	26	-15	55	28	-94
-25	-58	-4	-86	-18	52	17	-14	37	48	85	-63	-41	-99	-90	23	8	-23	29	63	76	-35	97	24	24	82	-25	51	31	14	25	18	-54	-92	85	17	24	-59	29	78	99	-90	54	28	44	80	-8	-54	87	91	54	86	12	41	-17	87	-89	83	4	-8	-33	-22	29	21	-42	87	81	-82	-40	-6	85	34	12	-23	-18	-52	-6	18	66	75	28	42	68	-78	33	-44	66	-12	-51	-2	6	16	98	70	9	-61	46	98	-77	-62
90	-99	-78	-30	-35	5	9	55	85	21	20	42	45	-3	87	84	67	38	74	99	93	-67	-86	-73	39	-31	-31	77	52	92	96	54	78	87	66	-39	32	-51	76	82	65	-28	-69	57	-27	-83	35	25	-78	-81	55	21	15	4	-40	-21	85	92	-22	-70	57	82	54	72	13	80	-33	-48	-48	81	51	-61	-4	52	-100	39	69	-45	16	53	-43	57	7	-87	-20	-91	-17	-83	63	-15	-77	12	4	35	-80	-28	-7	-78	-92	4
20	48	70	-64	-71	54	12	54	-86	-22	-43	0	-37	83	57	-54	-14	-92	72	-35	-64	-72	-87	11	-49	10	-75	-66	59	98	39	-8	46	-87	-22	60	-71	96	79	-68	-6	-39	98	-63	-67	48	47	-32	67	23	74	48	-48	10	-53	27	84	78	-13	7	19	42	7	-15	78	32	91	48	-31	26	-46	80	-4	-74	59	78	41	28	7	51	81	-90	-50	-6	80	-58	35	-20	39	-37	95	55	-48	81	8	30	31	87	-87	35
-49	18	69	67	43	-32	52	-41	-83	5	-41	78	82	-27	36	-89	22	70	22	-27	63	-68	-12	-6	-25	51	-63	-52	-58	85	14	-41	-21	-64	-46	-10	53	-64	-100	81	-2	-15	54	-68	73	-14	-77	61	-19	68	48	1	-41	-25	-88	49	0	-36	80	72	-11	-24	63	21	22	-6	58	-90	-42	100	-28	-47	-39	-90	-83	-25	20	-62	59	-65	82	88	-100	1	45	-42	-20	7	-16	-71	48	85	77	-11	-30	61	88	-68	-89	-42
-59	83	-96	-29	-17	81	-84	-91	97	-16	-35	24	80	95	-17	60	22	89	-96	-69	67	62	15	99	15	-78	-90	31	35	-89	38	95	78	29	29	-32	-51	57	31	-80	9	-72	-71	71	36	72	-92	55	56	65	-93	95	59	-45	-4	-44	69	-13	-57	-38	80	-61	-53	31	-9	5	44	38	24	-95	-13	-42	31	83	59	-30	-18	67	-91	-62	81	-84	-75	-92	-50	20	-13	63	26	-85	58	-66	-25	21	-71	23	-58	-19	-64	98
-26	95	2	29	-88	-31	-74	57	57	94	-96	27	-28	-5	-68	12	83	-36	37	-59	22	-22	91	34	89	-73	-25	-55	34	22	12	-90	0	6	-56	42	75	-67	-77	36	-67	44	-90	-86	-3	83	29	83	-84	-57	70	74	73	22	-28	-64	55	38	-34	-11	23	19	15	44	97	84	85	6	-44	83	-76	-47	-13	-32	67	-20	99	60	59	22	53	100	-7	37	97	-1	82	-12	43	-69	-34	-86	-97	-80	-95	29	-100	-61	18	-77
26	-34	98	-84	-45	-84	90	-27	15	-87	52	41	-37	36	49	-34	90	-20	-55	58	61	46	59	-30	-17	-57	11	-62	30	11	0	4	-28	-36	-48	-36	-72	-93	11	-35	-58	39	-55	-41	67	-38	-48	-19	-6	55	-99	-30	56	90	92	-26	77	-3	-77	70	-9	93	61	23	21	-35	97	-11	-94	36	17	-23	-31	19	39	-51	18	50	96	-94	85	93	-11	17	10	-85	-30	-70	32	3	-71	-39	-52	-9	-70	-63	57	-6	86	-22
-1	57	-85	21	20	-3	59	100	43	-60	-29	97	86	-56	-76	-87	50	-98	53	78	93	16	-22	7	-15	-64	-29	2	-45	-81	-30	96	51	-46	28	34	-78	63	-47	-26	83	93	-77	-69	46	-41	-42	21	-82	52	70	39	59	-20	-12	-19	61	46	45	-77	-75	61	-33	-78	89	-81	-78	-8	-46	-63	6	-3	63	5	73	-25	61	37	99	58	82	36	-46	25	-18	-35	-95	-49	18	53	-3	-70	56	-18	43	18	-66	-67	-50	-69
21	12	10	-16	-46	4	79	-17	29	17	7	-46	-31	61	-37	-26	-93	-30	6	31	-36	3	82	94	96	44	-59	90	95	-70	-91	-85	-47	47	41	2	14	5	36	-12	-38	26	23	61	24	82	3	-84	-44	94	-52	2	-17	45	-25	-69	90	-2	90	95	-67	-71	-92	69	77	-72	83	31	78	65	45	-5	29	94	0	52	40	-16	-29	-85	-56	-13	-29	30	-74	31	33	81	-31	77	-55	-86	-15	42	66	20	-21	-89	16	70
-44	35	70	-68	-88	85	31	16	32	-51	72	-16	-9	-16	-76	8	-26	9	35	-57	-84	-40	14	87	-71	25	-89	-54	-83	-4	-3	-68	-95	-65	-74	-35	39	-75	-75	85	44	-12	100	85	56	-81	-32	9	64	-99	-14	14	-10	54	-27	-76	-13	9	-83	-23	95	-21	-51	-70	-28	40	-20	-98	14	66	12	-60	-71	81	-81	58	-10	67	-89	-17	-28	76	72	-33	-28	-93	68	65	-55	-13	-2	64	29	0	-92	19	97	40	-17	-9
41	24	97	33	65	-37	-22	-42	59	38	59	-55	28	84	95	-16	55	-75	-73	64	-52	-84	38	36	-84	-34	-87	-3	-70	41	86	-30	-82	-58	-2	-80	89	10	6	66	0	-97	-29	-81	3	-11	57	61	2	20	-72	-42	-34	1	84	58	-18	83	31	54	27	-76	7	81	-75	52	79	100	79	-67	14	-70	-77	-79	-78	-44	-94	-60	-21	-79	45	-21	-60	4	54	-50	-73	-9	-30	-70	-1	83	25	-46	-11	-97	-14	-47	-83	-40
4	19	-25	61	29	80	79	40	57	68	-61	-98	-74	42	-98	-19	18	15	-91	34	-89	35	52	-87	10	-92	46	98	20	-38	-99	34	29	-66	-23	-54	-44	5	-79	-34	3	-67	-28	50	-45	-89	-74	37	31	-86	55	-61	84	25	33	86	-21	-28	53	23	-30	28	40	51	-8	-11	99	-22	-94	-67	94	-12	68	11	47	-38	-15	91	-90	-79	-95	-36	24	-80	-98	29	38	-60	72	-42	99	-71	-16	53	32	-95	-74	44	46	4
-39	41	-12	62	84	97	8	-75	-84	20	-13	-95	-34	98	-32	78	34	18	-63	-7	-46	78	-1	73	-22	-22	-92	18	11	74	14	-68	33	-99	-42	-93	-20	33	57	50	-15	18	-58	-43	-82	-72	-96	14	-41	24	96	18	-92	80	33	54	8	63	-27	31	75	-30	-67	-57	64	-15	53	47	50	54	17	-40	-52	98	-55	20	58	96	77	18	50	-72	-32	12	7	-92	57	68	15	-25	-58	-91	-4	95	-2	5	-83	73	-90	81
69	14	-35	-58	-34	-91	60	30	3	27	-22	49	53	-76	57	11	-28	90	-24	-7	6	83	61	89	-4	-76	-48	-57	62	47	47	-2	11	38	-49	14	-11	-97	-82	-29	48	98	4	86	-73	-75	-45	-71	-46	-4	-85	26	84	18	55	28	-27	-2	60	-50	7	-38	70	-34	98	-74	-74	98	-79	-96	81	21	-97	56	13	39	-2	-24	68	-23	-35	18	-58	-51	96	15	44	69	87	55	72	68	21	25	16	67	98	61	-96	-91
2	13	9	71	-78	-71	15	78	78	34	-5	-52	71	-91	-22	-82	-15	-42	23	61	73	-60	-16	-39	-14	1	29	-25	-22	-84	-99	-57	7	-96	84	63	-45	-26	71	-63	-80	48	64	-87	8	-28	84	-66	-2	-50	-91	-78	-99	-22	-71	73	-58	-6	-30	47	-11	91	68	-1	30	87	-77	53	-15	35	-62	92	-71	14	-43	-56	38	68	-90	2	-74	-55	-28	46	-4	2	92	39	97	45	72	-82	64	45	-35	87	41	-64	-96	23
98	37	-15	-39	-38	-62	-63	54	-57	-68	-40	-63	-66	51	79	-2	40	-92	-23	23	11	54	-17	-52	-76	1	99	-2	53	-99	71	-7	38	55	57	74	8	-17	-67	99	-28	-92	-37	48	89	24	-23	-69	-85	-76	17	55	19	50	-82	-50	43	-87	-69	-87	20	5	-3	77	-18	-28	-66	-97	92	-49	18	85	-67	-57	-74	-12	34	-68	-3	0	-67	-98	50	57	-26	51	-26	-87	62	67	99	-92	38	-38	-87	-61	72	-61	36	-82
11	71	81	-19	63	80	8	42	8	-83	95	-54	-100	-2	-70	-42	77	15	-79	-52	29	43	-5	-94	-70	95	-80	88	38	-12	95	-48	-30	30	15	-16	29	-92	4	29	-96	21	-66	-53	82	51	-6	-62	-41	14	40	68	-91	-15	98	-100	-23	-61	-7	-54	-46	-32	-85	23	33	-33	23	-62	33	81	-66	-95	-96	22	20	-52	64	85	-35	-47	13	-50	-24	-37	22	2	36	-64	-40	74	-81	46	1	18	77	72	-53	-100	22	23
-31	-3	32	-93	22	-39	92	-12	64	29	-78	16	-21	-85	87	72	-70	98	-38	69	-37	57	54	-50	-17	-61	87	75	6	-94	-29	68	-84	77	-54	93	21	-6	-68	-91	71	-40	-37	70	91	-51	34	-53	-61	-84	-93	84	2	-85	-32	22	62	-51	2	-46	14	-10	-51	-84	5	-80	-50	31	57	1	-10	70	18	-61	22	-40	-5	-4	-5	61	-69	33	56	65	21	-16	-98	-76	11	-9	-52	-97	20	75	-81	55	7	48	19	92
24	4	-15	9	-82	-49	-62	-22	-31	-54	-75	49	58	34	82	99	-51	-6	-46	43	-30	-78	33	-29	74	-64	44	-51	49	-34	36	5	-96	72	47	-26	-16	-41	32	-87	-49	63	34	-9	66	32	23	34	-73	62	34	-52	-91	17	75	2	-8	45	-97	-24	15	-8	-58	-3	-60	-83	90	70	77	60	-94	-54	13	-34	34	-64	-31	53	13	90	-64	20	-9	-81	-67	0	-91	-24	-48	-64	-60	-77	-26	-91	-89	-69	79	85	-12	-60
91	-34	40	51	-8	84	22	88	-59	-90	-9	14	45	-31	-53	36	-83	9	93	-28	-58	50	98	83	19	78	19	-19	39	97	-59	86	-37	-78	62	62	-52	47	99	-85	-42	6	-44	78	15	-96	4	75	-18	-65	10	86	35	-52	-76	8	-33	3	66	11	-48	-14	33	-87	-58	0	39	28	92	91	53	94	62	-48	49	-12	-60	15	-38	-42	61	15	50	81	93	-17	-23	34	-39	56	-56	-63	-24	57	-69	6	88	16	-1	-40
29	100	-73	-41	75	36	15	62	-88	-84	83	71	6	68	-24	-9	-54	45	41	34	68	-15	-12	-93	57	86	-92	-5	-24	61	23	8	-35	3	-66	-7	-72	-96	-63	-87	63	7	3	-65	-69	-45	-3	-26	-88	-97	-15	-40	82	12	-1	29	-32	51	9	99	-29	61	92	61	-52	78	91	96	99	48	-23	55	-6	-28	21	-55	-94	8	-68	-56	-40	88	-4	76	15	-41	46	-2	-67	-3	-39	-1	-72	48	86	-29	90	35	-31	-4
42	90	-13	83	-3	57	-68	-79	57	35	21	-14	-27	-60	-16	57	42	-29	0	40	37	43	-40	-99	-36	-18	92	-14	-50	58	-71	75	-53	-21	88	17	33	-64	-78	-17	-23	82	-60	96	74	23	93	86	-19	-71	-99	38	7	-25	-19	24	9	99	-74	80	92	-61	82	-2	-55	-85	100	-94	-25	32	60	-89	-2	-5	59	88	-78	-46	-34	46	-15	8	-100	-20	-69	-9	-72	40	-43	-11	56	71	-46	6	19	37	53	41	-40	-32
14	-79	-81	-11	69	-78	-84	-84	2	60	-30	96	-99	-13	99	0	-89	67	44	63	-47	-15	-37	-51	11	-94	-59	-53	-93	-53	83	43	20	-59	61	-19	-80	-87	17	36	64	-82	68	-97	-60	-46	-15	-85	-6	51	-59	28	8	68	-17	45	-1	-26	-35	29	22	43	78	-13	-94	71	-5	-99	-34	-68	-69	4	-8	-93	-87	-31	-70	-8	45	42	-38	-84	45	3	99	-78	4	-66	97	-75	20	-94	-99	-73	-69	-29	14	47	-8	24
65	2	13	-29	66	91	25	-89	72	-66	100	95	48	18	-61	-28	42	-7	100	-84	100	-21	-66	78	-21	49	28	-82	96	-34	-97	69	-58	-67	69	-45	8	79	-73	-93	-9	-100	51	-87	54	-58	-42	83	90	-40	36	-96	-5	-96	-35	-42	99	-42	64	-47	-52	-11	16	1	94	-31	91	-52	58	38	60	59	-84	90	-30	-9	-55	-30	87	46	97	-24	46	-14	97	-91	5	90	-25	25	3	-11	16	43	-57	48	-28	-77	60	-86
45	76	-15	4	-45	-18	12	-32	42	-52	58	97	8	3	-73	33	-81	-71	-89	56	-57	-21	40	-89	-98	-75	-16	-92	20	57	61	100	63	-32	-57	24	56	0	80	24	-1	24	-31	57	-61	50	26	-60	-76	45	-78	-45	-99	83	-78	93	78	31	-32	-91	-12	-66	-14	-46	2	55	-83	-46	-78	36	40	-35	-72	44	58	37	46	-99	-25	33	-66	100	96	-12	45	25	55	5	-21	70	-78	-84	0	49	-70	19	62	-41	26	-44
21	-43	67	73	-4	77	-40	18	36	2	-90	72	26	-76	10	-25	14	38	23	88	18	33	-45	20	70	-99	75	-32	12	-35	27	63	-70	20	37	59	43	27	-75	-69	-25	-60	83	-29	1	40	-46	-9	-61	76	18	68	-75	32	-54	-65	64	99	17	-28	-48	37	20	58	-15	23	70	67	-100	30	47	69	-90	-96	-90	-37	-57	-22	51	76	-59	-99	-66	80	-27	-10	82	15	35	1	-34	-52	8	-65	-36	53	73	-78	-74	-1
56	-16	60	-80	84	-69	-26	-96	-16	-10	-58	15	3	-22	-47	1	-32	-38	-82	-81	26	32	-70	-28	-85	77	68	96	-24	-56	-16	-16	62	54	-25	99	65	26	-97	75	14	5	-95	4	49	-48	-18	45	-64	57	-46	-34	4	94	-1	-27	24	-100	-92	64	64	-94	-23	-65	-31	-82	48	85	-86	92	-94	-11	13	-15	11	27	8	10	-7	-70	-45	-61	-57	12	-68	18	-13	-28	-92	-37	-48	55	-70	-46	31	-28	-44	-90	6	1
76	-70	75	25	-58	-53	-12	17	-16	-87	82	-65	-10	3	76	-77	-9	-56	13	71	-98	-1	-88	66	40	-35	-38	-53	53	2	-40	-55	-89	-44	73	-99	-30	76	-63	6	-39	-4	-94	93	-19	4	-57	22	-9	5	-20	14	18	49	-47	42	62	65	-80	69	34	-54	-91	-7	87	-60	-39	64	65	-98	90	-38	83	-75	24	-89	-42	73	97	98	75	-53	-57	77	12	80	39	-39	14	1	-66	82	-6	-22	62	-99	74	36	-10	-34
-31	-26	85	-38	-69	95	-83	90	69	-99	-83	60	60	15	29	-92	-54	-4	5	64	24	-61	-58	42	-94	65	-43	-96	-38	85	-18	-31	60	-52	1	-95	7	-12	-86	77	47	34	9	-76	-8	-9	-14	-22	12	62	-77	-51	-81	77	-72	91	-40	-72	58	-43	-45	-97	-79	-96	-53	-86	-70	-97	-24	-36	-34	-3	53	17	-91	38	50	82	4	-57	-99	-86	-19	-8	-85	9	94	6	37	76	70	100	63	62	20	-96	42	-18	-72	92
29	-89	62	0	36	14	92	-92	-29	-97	-35	-41	-78	-100	-14	61	-61	-70	39	35	14	-88	21	-27	-3	63	-62	-91	60	-26	51	-35	0	-28	87	-83	94	37	-4	87	-80	-45	-51	-7	-16	-30	17	16	82	80	-23	-89	56	-30	-25	-47	-48	33	-32	-36	61	21	-19	-22	59	-71	-47	3	-93	61	97	-13	96	-29	-33	74	7	99	17	20	50	73	45	-12	-32	-42	-8	-82	-7	-26	-63	97	-56	-20	13	-45	-67	-12	-43	18
-4	-57	73	61	24	63	-97	30	9	-46	-6	-8	90	21	-63	-23	-40	-4	4	33	-24	3	35	36	-20	-53	21	92	-25	-39	-96	54	93	-91	96	-74	-88	98	89	-85	19	72	99	-4	69	74	-30	-79	-89	33	19	-68	-58	49	-76	28	91	-16	39	-89	5	33	12	-45	-87	-16	40	91	27	65	-68	52	71	87	-43	-84	-83	80	50	55	62	-22	-63	-38	-18	-4	-92	-33	22	81	-29	-24	-2	-13	46	-46	77	19	-94	-2
-90	-17	16	70	26	60	44	1	-15	96	94	63	58	81	33	27	-18	-35	42	-61	57	65	-96	-52	72	-24	-49	-93	-93	42	-44	-66	85	15	-61	-29	41	93	100	19	99	58	85	-10	80	31	-92	21	-77	91	91	-4	21	55	-69	52	-78	58	32	-52	76	-81	-53	-96	-45	-81	77	64	-89	-48	80	-8	89	-42	-40	69	30	50	-32	-78	-71	55	-2	21	-7	-7	98	-86	40	-27	44	-100	-69	0	54	34	-23	-56	-6	-47
29	94	-51	43	-91	18	50	17	-29	65	15	-21	22	28	98	-41	-35	-1	-81	-91	-93	51	94	-59	9	43	-79	-38	9	-7	43	62	-22	-77	-81	19	-64	54	61	-50	1	60	74	-68	30	75	-9	6	39	30	-62	19	19	-84	94	-56	-44	-16	-6	-79	35	44	1	95	78	-8	13	95	30	-39	-47	-38	-43	-45	31	26	80	-13	-84	-44	77	-44	83	-70	97	36	89	-74	-33	-97	-65	10	55	-47	-76	-25	94	-92	19	20
-59	-4	31	96	-21	-72	67	70	79	-9	-54	-1	21	-5	-56	-58	-66	-91	16	10	-24	-82	58	81	-100	99	20	40	-1	38	59	-9	-53	-62	77	-8	42	-68	-53	4	60	-37	100	41	-17	-32	-30	87	-57	-79	-10	37	-18	12	17	-69	20	-18	90	-6	-21	34	-51	-71	86	-20	-61	67	-94	13	-39	-74	-100	-86	-94	57	47	30	-89	-100	-16	-33	-15	-56	-25	-73	50	6	80	-44	-23	-42	93	-1	53	-16	28	96	6	8
-29	100	93	53	-82	-85	-31	67	2	6	-81	-49	91	-48	22	-35	95	100	-81	-40	-57	25	0	-96	72	-89	-54	-27	66	5	37	-99	-12	80	12	-73	58	86	60	-85	-25	15	4	-19	53	-78	-92	-46	-3	32	-61	49	-23	90	-38	8	-75	-58	-44	51	-4	-89	8	68	77	31	98	100	-11	-50	51	99	-22	95	-67	-63	28	60	-16	7	59	-59	14	40	71	21	-93	81	-32	90	-33	39	87	-85	92	90	38	61	-85	-17
-88	42	-33	-14	-10	-17	-52	77	23	-7	-12	65	-20	3	-73	-44	-88	-34	16	-80	70	94	90	75	-63	-11	81	-39	38	37	-20	-46	-19	57	-50	81	53	-12	-81	83	71	4	23	76	31	93	-24	-76	3	-9	-91	23	85	7	58	-85	82	68	-79	-34	-57	25	24	-31	24	-11	16	49	-41	54	-25	-22	-82	-62	39	-56	-87	-23	-83	37	92	66	-16	-93	61	78	-97	-82	71	76	-82	22	-78	-89	-60	7	-44	7	-41	1
-88	46	55	29	-52	50	9	18	-8	62	13	-25	21	100	-10	-48	-93	-1	-84	-29	61	-73	-73	79	82	-86	-70	-91	-75	6	65	65	21	-57	67	-91	98	-75	23	-1	-12	-28	-56	6	32	-26	28	44	-39	-3	-25	-90	-78	19	51	-84	52	-7	46	79	-52	-75	-2	-64	10	-82	-99	-46	-27	-51	14	26	8	-100	60	59	-98	-34	80	-57	17	7	-16	-54	24	41	51	78	44	-91	60	50	-22	28	34	-78	-44	100	36	100
-30	5	-95	100	94	-71	-34	-91	54	-48	28	57	-52	45	-97	-35	1	54	31	-23	90	-28	53	-96	-6	-61	7	-8	11	99	-96	-17	-75	59	52	-67	52	74	99	-54	16	97	99	79	5	-98	-85	96	71	67	-10	-60	65	11	-4	-26	1	29	14	41	60	-9	-40	-20	-19	66	-87	-100	94	-25	95	87	29	70	-5	-88	57	42	6	-68	-87	-12	78	8	3	-62	7	-45	28	-1	7	-66	32	98	-25	-45	-4	-52	-43	56
26	-81	41	-46	38	40	-16	61	-50	-58	-55	42	40	-97	-51	-2	23	12	55	-7	29	-76	-98	81	-96	-41	-21	77	85	-31	56	-17	-59	91	56	-20	45	58	-54	62	-22	-91	89	4	26	-17	45	13	12	14	92	-54	65	-44	34	28	50	-41	-68	44	-71	-98	-13	-20	-60	26	-5	-25	-6	-12	70	-40	30	41	31	58	67	-96	-33	30	-52	-93	-32	-63	-85	-36	-98	41	75	65	88	-77	72	67	87	-43	-72	68	-21	-61
36	7	36	92	80	58	57	11	-31	16	-35	5	87	36	-27	-9	-3	-48	-29	-50	-16	83	56	-80	-43	63	76	5	-97	-83	96	-24	-78	-93	21	-61	49	34	-4	-48	-77	-74	-80	-50	-47	-100	50	-58	-18	50	-59	-28	-12	63	-16	80	-86	81	-52	-85	15	20	-11	57	-32	-36	-35	34	7	-47	14	-86	-32	83	54	55	-96	-16	-66	2	-60	-63	-47	100	77	35	51	-30	12	-55	59	-32	55	30	64	-26	82	55	73	27
-35	83	-18	80	-2	-99	-69	-45	-4	47	-61	38	0	-7	-30	4	-17	-80	-93	95	-30	-97	66	70	51	-84	3	51	-22	-7	-95	56	90	-69	-64	-1	-20	62	-60	78	-52	-55	-67	91	-66	71	34	59	89	79	-22	44	99	85	59	0	38	27	-44	23	67	67	95	57	20	13	-97	89	66	-84	24	60	-47	-10	71	-63	-96	17	-53	84	-95	17	-14	-100	2	65	-73	33	-82	39	-60	-93	5	56	-58	-30	-61	30	-96	72
80	-11	96	72	-48	59	-94	-82	-82	2	-13	61	31	33	-62	26	-63	-46	-83	-68	98	-76	-81	9	-72	-50	75	-24	91	35	45	2	20	38	44	11	-86	-35	-49	-19	30	-66	28	-77	50	-39	75	-52	-91	41	10	-71	11	-3	-43	97	56	-79	-94	37	-85	90	54	-39	-72	-62	-43	-9	-5	89	81	-44	-51	35	17	-79	74	24	27	50	48	-61	-77	-25	74	44	-59	67	65	87	-3	-13	-93	-65	-60	62	9	43	-68	63
-50	-37	-1	-45	62	19	73	81	-74	-34	62	-41	69	77	66	45	-20	-9	-18	45	-83	69	-38	-27	-39	50	21	96	-80	-88	81	-100	-27	66	-60	-17	19	59	86	-9	50	-37	-86	98	37	11	98	32	44	11	-27	78	-2	1	-32	20	-4	76	87	36	-68	58	36	-83	29	92	-65	39	59	49	44	13	57	90	32	-4	39	42	-25	-38	-56	84	-36	74	17	-70	-48	-24	96	-61	-48	-24	-72	46	11	-10	-15	-86	78	-4
-64	-63	6	30	23	76	2	51	-84	-29	-10	93	-90	-30	92	-48	67	8	-28	-4	-70	6	3	-49	-80	14	-23	66	58	-44	-5	-81	72	22	-28	-77	98	-39	11	77	-57	-96	32	-18	-29	-4	0	-86	14	73	-63	8	58	42	40	52	-24	25	48	2	8	-32	-86	65	17	-43	52	29	-73	-3	78	94	99	-94	100	84	-20	60	-91	45	-15	-19	89	-30	-52	19	58	41	66	80	58	-68	37	-23	70	-99	-44	-92	48	5
-5	64	-74	-9	87	-9	-76	-12	80	70	40	18	58	-51	53	-1	51	-40	7	-72	100	-16	-56	-48	28	7	-15	98	-25	71	25	77	50	-74	-44	94	100	63	-66	100	83	38	45	-43	-48	-55	-13	47	93	-49	-75	9	-43	63	-32	-35	-34	-12	-90	0	96	36	96	7	33	54	23	-79	55	-78	-10	-100	2	-46	82	-92	-91	43	-70	-34	-7	71	-46	-13	1	33	-26	-71	-37	-74	-95	-98	99	-29	-6	62	43	3	-32	-50
52	22	-81	-24	-31	-35	-5	49	51	3	4	76	30	-90	-78	-20	-33	-38	11	60	-23	-34	59	81	-1	97	-39	47	22	70	-78	-57	-75	53	-13	-36	71	-52	-11	-13	1	-5	-96	62	-94	-19	81	69	-76	-80	1	-58	-21	-88	15	86	37	-6	77	7	-61	53	-15	-38	22	-81	-81	74	28	-36	-75	-73	49	-19	74	39	-71	-47	-98	-58	-62	26	66	32	88	-70	77	-3	-13	-71	-65	94	12	98	47	88	31	-86	10	84
88	42	41	-20	-21	58	-90	-58	94	32	0	-37	-43	-64	-19	94	-15	55	25	-27	28	-84	-36	20	43	-85	12	84	-5	-10	-6	51	86	73	18	28	93	-64	-21	-3	47	-11	16	48	-75	94	-93	31	93	-59	47	78	-2	20	56	7	-94	-82	-36	-27	81	64	75	-94	-50	-3	-1	11	0	-61	48	-67	-23	-50	-93	-46	-48	-30	54	44	-45	-54	81	54	-46	-77	25	88	54	-26	-55	36	3	34	74	62	52	10	69	23
87	84	-19	35	56	-78	-43	-6	-50	-58	-71	4	66	-94	13	77	99	-9	8	9	-17	70	46	-33	87	-54	1	70	96	-41	68	77	56	-100	-87	24	-79	-1	35	-25	-82	-1	38	-98	87	11	11	-95	-33	-47	63	-36	98	19	90	-51	-15	-92	-46	95	-29	0	7	-69	25	-84	-4	-59	-42	-97	7	-55	-74	81	73	96	59	62	32	58	7	-83	52	-27	-59	26	-81	21	-68	-53	-2	-72	-100	-85	55	-1	63	69	32	65
68	-68	-11	48	71	80	-70	48	-90	51	-34	51	-81	21	-73	19	56	-18	36	-17	43	-96	-4	93	98	95	10	23	18	-21	89	-53	-2	-48	68	-54	17	56	-28	100	38	48	-68	-21	-3	-39	-28	-31	59	-48	89	80	-27	0	99	31	66	36	-87	49	-21	49	-30	-68	59	63	25	94	-90	-23	4	-14	-4	65	87	77	22	88	-54	-15	13	-45	57	-96	57	84	8	-69	5	59	72	-5	-75	-90	-70	15	-7	-30	2	60
-3	53	99	99	-78	-59	-88	-85	73	0	-82	12	-3	-92	-26	94	67	32	-96	-91	-15	68	79	50	70	76	-88	-34	-30	-54	-45	-63	-40	-17	-15	-29	89	-9	3	17	41	-93	-58	-13	94	-34	-61	-45	-61	-94	94	-78	53	-55	81	52	40	-52	-22	82	47	39	-77	59	-6	76	37	6	-6	1	50	46	9	-52	40	-70	25	-5	-34	-11	8	-48	-69	45	78	38	94	88	-75	41	55	-11	40	-24	90	49	-49	-15	-13	62
-82	24	97	55	-81	-97	-35	97	-17	86	-3	-65	96	45	62	-29	82	-53	-95	78	62	-98	-14	-50	6	-7	-38	-19	-62	76	-57	-51	-76	51	-89	-71	-9	83	-80	34	54	-74	75	81	38	-6	-30	-16	7	-97	94	-92	47	-19	78	-97	21	-72	60	40	3	-83	45	45	-40	-54	-68	-28	-97	-91	-7	36	-71	-59	43	-26	64	-22	-21	37	0	96	53	-92	-75	-70	-6	74	-75	21	65	55	-53	63	-73	81	60	3	31	98
28	-57	-8	-57	-90	-58	-57	-99	27	25	54	-23	93	37	38	80	66	-79	-89	-87	-20	7	-13	100	-32	-28	-74	92	-66	-95	-66	-9	56	-65	31	91	-72	-90	53	70	-63	-10	24	-27	91	90	8	-40	-13	90	14	-15	75	60	-7	-7	19	13	-100	13	55	-32	86	-23	-25	-37	-61	-20	42	-50	-6	-18	-55	98	49	67	-71	-61	27	75	41	-85	57	-63	55	8	-62	-57	70	99	-41	-1	-46	94	31	-81	-38	17	31	72
-45	-74	-26	92	-65	78	-99	-86	5	-9	74	-58	-30	23	67	44	-25	27	62	95	31	90	-26	21	38	-90	-50	5	41	27	-84	63	23	64	58	36	44	-59	93	78	-77	81	-69	-74	5	-87	-55	11	24	-98	42	-38	6	35	-58	-31	92	39	-36	73	-25	-21	100	47	-49	-73	16	54	-42	33	65	7	-85	-78	-86	-96	17	-17	-31	-83	-18	12	89	-9	26	-4	-77	55	42	2	-15	-86	78	66	-36	30	-69	9	-9	-48
32	64	-99	-74	-90	29	73	96	-26	25	-18	-92	9	-5	52	-70	-49	-17	-63	45	69	95	-100	-76	-37	-65	-53	36	-94	72	-67	97	36	-8	-17	36	-54	-51	-55	-50	-60	1	-46	1	17	55	-28	-89	-72	86	16	16	95	7	18	-28	85	15	-75	-7	-20	-40	-81	-15	-15	-21	-80	54	43	-61	58	46	-69	29	16	33	-39	18	87	-65	-46	3	5	5	72	25	76	-13	93	-31	81	-5	90	-58	34	71	-71	66	-94	90
26	88	-90	-89	10	-5	-61	35	31	-21	6	-35	50	83	-64	79	-29	-11	23	62	-31	-100	14	-74	-62	29	-32	8	-41	-95	-61	-96	-73	72	92	-77	74	97	95	-65	84	11	13	-2	-88	-35	-24	-7	-13	-72	-65	85	-72	89	-42	-7	-85	-83	2	68	58	29	-26	-89	64	-12	-47	67	71	58	65	-38	-59	29	85	-27	-8	3	9	18	89	-68	87	-28	76	-14	87	-65	45	48	-88	-92	-3	32	-28	-1	-25	-12	-52	-12
-35	15	-88	-22	89	33	-60	-87	2	-20	-30	74	-89	-63	-55	86	100	1	51	-47	-41	-72	60	56	72	44	-15	-47	-46	21	-49	-82	-28	49	83	-63	-38	-92	55	44	67	-46	-63	-100	-52	-21	-75	-13	4	-16	-69	-50	-28	-21	13	-38	22	-9	-20	-2	-23	44	93	49	-96	-3	83	-36	-48	84	60	59	72	-41	-92	-8	-16	8	41	47	-83	-28	33	-63	15	-66	53	7	12	-18	-54	35	93	60	17	59	-80	28	37	-80
-51	47	46	23	26	57	-32	97	-24	-82	19	0	-89	59	28	-81	-83	-29	-52	26	-36	45	-77	-16	37	18	-27	-7	-33	17	-23	-15	-17	28	-3	93	-35	-66	-97	51	18	66	-10	-68	-67	26	-67	15	65	82	1	55	-54	-69	3	-14	63	-35	50	17	-74	-29	-29	11	19	-41	80	13	62	73	69	-38	77	-16	50	-80	98	-8	-85	54	-11	49	-23	88	-79	72	43	24	71	48	41	1	73	-21	-88	-93	-98	-86	-14	-80
33	84	-45	22	21	81	-45	26	-76	0	53	-11	24	-16	-71	12	88	-1	42	26	-80	-57	-89	39	-8	-97	78	-18	-67	-97	20	-6	-19	-6	-62	61	-71	-15	-55	-78	-97	-7	44	-34	9	82	28	-77	-70	76	95	-49	4	-16	-46	-72	8	-61	-6	25	-98	18	96	47	-67	78	-6	-53	-56	77	-40	-93	98	-76	89	-39	76	-13	94	93	31	-35	-40	-46	43	-4	-100	5	-60	-66	-47	2	-52	51	-53	-82	-67	-52	-11	-83
-44	92	-90	59	-7	-6	-90	51	2	83	85	30	-52	96	-68	-31	7	100	12	6	42	19	-68	-42	-18	44	-57	59	-89	34	35	93	96	-57	77	-56	-31	-48	73	81	-43	-83	25	-80	-13	-36	-82	85	10	4	-48	-85	-87	26	-67	12	53	-73	34	-87	-31	-75	33	42	77	81	-16	43	57	82	23	81	-35	69	-22	72	43	-72	39	-52	-26	43	63	91	-9	29	79	17	-76	-97	-42	-93	6	-70	45	76	-98	45	-62	37
39	-56	-79	-63	-88	64	-91	74	-99	-3	-68	85	-77	39	-60	95	10	-32	11	75	90	-70	86	-61	4	96	67	26	-65	-65	-75	92	-88	84	-22	-81	74	72	-84	-37	-18	95	-80	-7	-71	62	16	0	-17	-77	-19	-46	-1	-31	79	-70	-73	-24	39	-78	14	67	-7	53	-22	70	-64	20	78	-90	-74	69	78	-1	95	68	-33	-38	12	-77	-53	20	-81	49	89	74	-94	-53	60	-84	-25	-57	-86	32	-35	-81	0	-24	26	2
73	-83	30	-32	84	68	31	94	14	95	-4	-3	14	37	28	-20	-86	39	1	-41	-36	-86	-80	-28	-82	-4	-84	-18	14	64	-2	-30	34	-27	-10	57	12	-45	78	-59	-3	-70	95	-36	-31	65	27	-34	93	-26	-62	-46	-97	-84	82	99	7	-56	84	67	2	87	1	-97	-4	97	-96	-47	-4	-24	9	97	-62	43	-48	86	-33	-88	-2	11	55	98	-66	25	-16	-2	-43	51	35	-82	70	12	81	6	66	-43	68	98	-58	-82
-85	-37	10	87	-2	-91	82	-56	63	-14	93	70	-64	75	31	9	-93	-47	-29	-80	-4	-44	-30	53	45	8	-12	-9	30	-67	82	-82	-75	-45	-96	36	-9	-16	-74	-74	-59	49	-36	90	-24	-93	55	-82	17	75	76	25	14	-71	37	47	-69	-30	8	20	48	31	-69	-10	7	41	-72	80	-24	65	-63	51	-45	-55	-71	100	-44	47	-65	98	82	-37	95	-86	36	30	23	-11	-100	-85	24	-52	68	-33	2	50	32	8	-20	34
12	94	37	71	-91	-91	-45	-41	-85	5	31	78	-70	73	-55	33	50	-17	81	-90	60	49	-60	39	-82	-13	14	-51	44	-95	-68	-13	-14	2	-11	-94	-93	11	68	60	-16	56	25	-20	0	-31	45	-1	19	33	74	14	68	88	96	28	-70	30	-62	91	-40	-26	36	-65	83	5	86	-73	-66	-59	23	14	-28	68	81	-8	82	14	43	-33	-12	-37	67	-15	-58	-90	-97	-31	-4	80	-49	-86	46	-66	-85	51	24	7	71	-22
80	-57	-76	99	55	80	13	80	57	-10	-80	5	-96	12	0	-72	-84	-14	54	-65	-93	-63	-10	-21	31	-52	40	73	-19	-27	11	58	9	85	-96	-59	-11	1	-25	-28	-28	54	-72	59	36	10	69	-43	-22	-3	-8	58	51	21	-94	61	2	78	31	65	93	17	68	-28	64	-44	-57	-30	73	20	-12	63	-15	26	26	-51	12	20	-69	-53	-89	-84	-96	46	19	72	64	-91	-9	-18	-61	12	85	-2	35	85	-69	-43	-32	-99
-40	64	20	-50	-5	-32	95	-1	40	76	-79	-66	-99	-62	86	-82	-95	8	-44	2	-49	-78	-2	-16	48	-39	32	50	61	53	-75	2	77	25	48	-13	-18	-71	67	79	47	-64	68	18	85	-16	7	-78	-6	47	-91	-91	2	-60	-8	-16	26	-25	-95	-33	53	6	-22	-37	90	98	78	-45	73	-94	-97	-92	42	-74	-84	-57	-54	-80	-51	20	44	-2	0	-74	86	97	-5	-23	-57	76	87	-71	99	-28	92	79	-90	60	-8	12
74	41	91	-87	-43	-60	0	-76	84	69	11	-98	-59	-87	-64	98	-1	21	-38	-98	30	84	99	-44	17	-82	-66	87	69	51	13	64	-18	40	-49	48	99	-80	-11	43	81	56	-27	-19	89	-26	-50	-8	93	7	4	-87	52	0	43	-48	88	-29	4	-90	-3	3	-7	80	-33	62	87	94	-98	-88	61	83	27	88	97	41	-52	11	51	-32	45	-96	44	-46	43	-87	58	56	71	-32	-34	-7	100	74	12	94	6	33	-56	88
56	11	-92	-73	59	-23	-39	45	18	75	-55	-63	55	-98	-91	-99	-23	-85	77	76	-1	13	71	24	96	-56	-12	-14	-61	19	72	12	-90	-79	-9	-85	-15	-17	-5	40	-13	-76	65	0	-41	-77	-31	-97	-39	-73	62	-76	7	-9	100	-3	57	30	-21	40	-29	99	-53	74	35	94	-40	-13	26	-82	73	11	77	-20	-51	-67	-60	-28	64	-78	89	-82	5	69	-60	58	-19	2	-49	-52	10	19	35	-38	-51	-94	45	38	45	100
-66	20	95	33	83	-17	-92	-69	1	35	64	-21	-40	38	65	15	-98	-16	-8	-25	70	-57	23	-62	-35	8	11	-41	-58	35	-84	-47	91	-34	-84	-66	71	-84	-15	20	-26	-23	98	44	47	33	-45	77	33	-77	-17	65	38	51	-41	-16	-56	14	81	-77	-21	96	-17	27	-89	23	-74	89	-45	-61	-87	52	-4	-36	95	20	-54	-57	-36	93	-25	-87	23	100	44	45	-98	-7	32	88	-49	24	1	-40	76	52	77	25	-57	-21
-5	-44	-25	-36	88	-76	92	-72	81	-97	-83	68	-4	73	-49	9	-43	-12	-20	-97	-25	-41	57	36	16	81	-8	-41	23	-61	-96	-86	52	91	19	-82	50	52	6	-89	-39	-34	10	8	-47	-63	-61	60	-93	31	81	30	39	-89	-77	8	73	-23	54	-74	72	53	-36	-52	20	71	92	94	60	2	26	38	83	-38	-37	-69	-77	-65	63	-9	-10	39	35	-12	57	9	61	-82	-95	-98	-38	99	94	-18	-50	-74	83	-1	61	18
92	8	-24	100	27	70	32	75	49	33	25	73	-71	18	-48	-65	-52	-82	46	20	-8	32	-56	5	20	-80	-42	44	15	97	-19	1	-60	-8	-7	-73	-59	83	-25	-45	10	-11	3	80	-99	1	30	69	-73	-4	-26	-94	22	-28	-12	12	60	4	88	-17	58	-45	-49	17	-11	-83	67	-46	62	-63	-81	14	99	-56	88	-2	99	-76	73	-31	55	21	-14	57	72	-91	51	-98	69	74	15	-76	-95	-21	97	-38	-71	25	-41	84
-15	-18	54	-61	-52	50	-73	1	100	-2	81	-41	-45	84	50	-14	71	-44	3	100	-90	-65	-99	61	40	-19	-3	47	-59	70	-65	97	28	50	42	-12	55	6	-88	-44	22	36	70	70	7	83	-91	-20	13	37	-27	13	20	67	-2	1	68	41	-89	92	-99	-65	92	58	-9	94	-59	-65	86	-6	62	-48	-62	77	97	44	35	50	34	-56	57	62	-18	-48	6	-32	-83	-83	84	55	-76	-81	-94	-71	16	67	-12	-13	98	78
23	-33	-74	6	-71	54	-9	51	-77	44	32	52	94	-83	-37	15	-20	27	97	58	-3	93	-21	-83	-61	-23	-3	-100	-99	50	-42	6	-85	39	40	-79	82	94	46	84	54	17	-73	20	-80	-23	26	59	54	26	96	-55	10	-53	-62	-34	82	-75	-27	15	51	48	-76	36	-48	-1	-36	27	51	-18	67	56	-12	61	-61	70	63	-13	33	57	-38	-87	67	82	87	-6	83	-3	-39	-82	-92	-63	-39	-67	16	32	-94	-62	22	-37
-17	74	70	-67	92	-53	-93	0	-20	-45	-19	18	-64	78	40	-2	4	67	28	-33	56	-81	42	-24	4	76	92	-5	-33	-38	92	-48	72	5	-20	-52	-60	88	47	6	-68	-24	-25	-49	-49	20	-43	-46	-55	10	72	-89	22	31	-76	-41	-100	55	-93	-99	-16	99	74	-58	-21	60	27	15	-51	34	-42	-81	20	-40	-63	84	93	20	19	-47	34	-57	-81	11	86	-32	86	100	-47	42	-12	-20	67	4	49	46	19	35	43	66
-55	14	62	-7	-98	-10	80	-74	-1	98	92	52	66	-59	39	15	46	-65	-88	19	6	68	-35	-34	-75	-94	-74	-14	-87	43	-24	62	-45	73	-50	-4	45	-93	-1	55	72	11	-88	-14	22	-14	-9	81	-74	84	-51	-76	-54	64	-52	-13	31	25	-58	69	-52	-95	-98	-63	46	1	-24	-8	-43	78	-31	2	47	74	81	50	69	72	24	21	71	-81	99	87	10	-38	-40	49	15	32	-86	-74	-28	-10	59	77	32	53	99	-67
93	61	-30	64	84	34	45	-26	-18	33	-46	84	27	76	22	43	-97	15	78	-64	-18	-45	75	91	7	82	-48	-32	63	51	74	-58	81	41	63	37	-35	73	51	6	-42	91	8	66	-98	35	23	-13	26	-45	-82	58	48	-81	81	63	39	-95	-8	-54	50	-58	100	-77	30	22	10	47	1	-37	56	66	-45	-16	-55	33	6	-55	98	69	-66	80	65	-29	43	45	29	32	83	-18	1	20	-7	65	13	-29	71	-45	3	51
-14	26	68	-80	23	-41	49	-86	74	-51	41	34	-88	57	100	-87	69	43	45	8	-67	99	91	96	-88	-46	46	-28	-87	-18	20	82	-45	-35	82	-68	14	-2	-30	-86	-22	64	3	-54	0	-22	-88	19	-63	-43	86	12	-16	7	77	61	-76	82	-92	38	-19	86	99	79	-53	-100	-4	95	55	50	13	-74	74	-18	-6	-6	53	-9	-49	42	-75	43	-81	90	16	-50	-8	31	-65	93	-86	39	21	12	-11	-26	34	39	87	-41
