-86	69	-38	14	-75	-28	-95	79	-47	-75	-12	-84	-56	100	-30	6	91	67	71	5	91	-37	-76	-84	-25	59	20	-16	42	18	86	-65	-79	98	76	-11	-40	49	49	-30	-20	-62	-59	73	-13	-46	50	20	100	-19	77	-48	36	-94	-100	71	-67	78	-20	31	-64	33	61	-23	-38	-83	75	28	-29	-17	-75	79	77	26	-15	96	-99	-82	-53	-1	-84	-63	-26	-14	1	-91	-78	4	60	-16	24	17	-57	67	59	-77	-74	80	-26	-78
-24	0	-7	-52	62	-3	-63	50	63	50	-95	-26	40	57	-96	-32	3	-55	-41	39	-31	3	-84	77	-70	23	9	17	0	94	-42	41	-64	94	35	96	-63	-51	2	78	-93	-71	-23	-62	-66	11	-75	42	36	5	-94	58	-59	37	-61	-80	-88	-60	-31	9	-77	-15	-98	-98	34	-15	8	-25	14	51	27	87	-2	93	42	25	-84	-59	-26	-51	11	12	-85	-27	37	50	-9	-45	86	-50	51	-13	43	34	-34	73	-62	-80	-44	-66
83	54	-7	4	-21	87	-51	52	-90	-2	56	33	100	-94	-31	6	-36	-89	73	30	-70	59	13	91	10	70	-55	-17	39	42	-23	29	99	47	-55	-73	-9	19	20	20	76	68	50	83	58	50	58	84	-29	-79	-55	-48	-23	69	7	67	25	54	23	96	50	14	69	-62	-14	88	-3	-96	23	14	-66	-85	-34	-19	66	-29	87	33	76	-60	-30	26	98	-8	-25	73	-81	-17	-80	31	5	-64	-49	47	65	51	73	78	80	86
55	-29	-17	14	81	-81	28	44	50	65	-51	-85	91	-18	45	76	-99	-28	-38	-21	1	-23	37	-96	-10	-67	-8	-59	70	-81	-30	52	-2	-49	-82	76	79	-86	14	11	87	41	-70	-82	-95	80	-29	30	-64	-63	-66	-54	-79	28	80	55	-10	-70	79	-22	63	70	-2	16	-7	-14	100	-83	38	-40	-52	95	-84	-26	25	-84	100	-37	25	14	-94	-1	18	-20	80	86	-11	4	87	72	-11	40	-31	7	-48	66	32	58	-80	-34
-74	61	90	65	-82	-74	-52	54	-83	65	-82	42	-32	67	-64	-12	20	50	25	48	-67	29	56	19	19	-59	-11	44	-17	-43	47	78	59	55	-22	-92	86	-19	-30	7	65	63	-2	-7	81	86	-55	2	-13	-38	86	53	30	-15	80	-2	-84	9	-42	83	-4	-85	50	-38	-56	-55	-3	-92	31	76	65	-30	-87	-70	-98	40	-28	74	44	-35	-29	-99	46	95	38	-71	60	5	13	-89	-97	26	-78	33	7	80	-12	-9	-73	-3
-28	44	-11	-44	28	-22	-36	-51	-17	-85	79	-80	81	-60	-11	21	89	-92	45	58	-38	89	-56	-47	-16	73	22	9	62	-11	20	97	-24	23	17	17	56	12	-60	4	-99	-67	-43	59	-34	-18	47	76	-70	-45	-4	64	62	33	-84	-54	74	-24	67	-94	51	29	73	-51	-5	-32	42	22	-36	36	14	-84	-8	78	-34	58	-81	-55	-94	-2	-60	-90	50	-99	-23	8	-29	-35	43	-97	-16	10	45	58	-2	-55	-30	18	64	0
57	16	-41	91	64	-91	67	-94	-11	67	-92	65	54	-77	-78	35	-51	-62	-44	-100	-67	-62	81	-97	51	-20	95	18	76	21	-37	62	-53	77	-63	48	12	75	57	4	-29	-77	53	-66	19	75	2	95	0	-41	-69	-86	98	83	-62	30	-52	-31	85	37	2	-12	-3	85	-90	64	60	50	-27	37	11	12	23	14	-61	22	39	84	-58	73	28	-51	-46	79	-76	-47	17	-2	60	92	-31	-66	80	65	16	21	-1	89	-37	16
34	-90	23	-24	-61	66	25	-57	16	21	-17	15	-15	45	16	-50	-25	36	-38	98	-98	-89	14	100	-65	61	-60	-83	51	-22	-44	8	-29	-52	80	-34	-64	-4	50	-65	81	13	-1	-15	-91	93	-18	-16	10	-54	7	41	98	85	-70	29	-21	84	-20	98	-26	-95	28	14	84	-44	-17	-31	49	39	94	-46	74	75	37	-25	51	47	22	-58	29	-51	-81	20	-75	-12	-17	-10	-72	-39	-71	74	6	-74	99	14	40	18	48	22
-80	82	-99	42	85	32	62	0	25	-70	4	85	18	4	71	99	33	-77	-48	19	21	-73	-37	-7	0	28	26	-87	71	67	-10	54	20	-29	50	-66	29	22	-29	-51	-23	37	69	42	-56	73	55	100	10	-52	91	94	-87	32	72	-31	84	-4	-14	-53	16	-4	-47	-2	-69	-84	-15	22	96	36	96	2	53	57	-26	-22	55	-44	39	-92	-84	-15	-33	65	-59	0	-3	88	-92	30	-7	-88	4	-44	-6	-26	-96	-40	35	6
-18	84	41	63	80	-8	26	95	75	-75	69	-82	-85	35	64	-52	-63	43	-99	13	-15	-27	82	36	84	51	4	-11	-69	54	35	-82	61	-61	40	-81	-11	58	-51	58	-41	-25	52	58	0	23	-33	-98	-23	-96	-5	-51	7	-55	96	-24	0	-94	-34	-24	67	50	35	30	58	22	20	53	67	22	51	16	19	46	99	-23	-45	-100	-20	0	-27	-62	-30	3	99	-29	44	46	-69	-50	37	66	-7	59	-15	44	-92	18	-29	46
59	-89	7	-78	-91	-17	8	40	58	74	47	-41	-13	-95	40	99	-36	41	82	-16	39	88	51	-67	-24	97	-6	-45	26	-35	68	76	35	32	86	64	-38	-95	10	12	59	44	-90	-86	1	-87	26	39	42	-47	80	-11	4	2	43	-78	38	50	97	-10	59	49	84	-91	32	19	29	-18	64	22	-26	56	-19	66	45	-19	-37	56	52	-67	100	64	4	22	-71	48	7	-49	-39	8	-60	82	-50	4	29	-39	12	-81	-20	-20
91	-6	11	72	70	-83	10	57	73	-94	-40	-30	-54	13	95	95	-37	31	-62	-17	-25	2	-73	-66	-91	60	92	-29	-44	-86	12	-69	-50	11	11	80	59	24	84	-91	49	4	-57	-77	80	-19	64	-82	44	-8	100	-16	68	2	-74	15	-83	-68	-83	34	-35	-22	30	56	-97	89	49	-43	13	15	0	75	-81	-94	44	-37	26	22	-87	74	29	-46	61	28	-68	54	57	-24	-47	-27	64	-86	-59	58	78	47	42	-18	-68	-3
-71	15	46	-10	-100	-50	46	22	25	57	41	-54	60	85	-39	69	77	19	27	78	84	-10	-88	-58	56	3	-13	4	80	13	65	-98	-88	-47	67	60	-39	-25	-5	-66	-80	-87	-94	66	-65	9	-6	-78	17	17	-83	-66	46	-9	51	-46	12	-77	-13	-78	16	-85	-74	-65	-10	-93	19	-64	-84	-33	-93	-44	7	-42	61	-39	-4	-53	51	76	16	54	98	-22	57	25	89	88	-1	-6	-46	81	-69	-28	60	86	79	43	87	4
-44	-84	97	66	13	60	35	51	-68	-53	-25	84	-42	-12	-11	-96	45	86	26	14	25	-47	-23	1	81	-43	48	61	-83	-4	84	-16	-50	24	65	-61	-9	43	-39	-73	33	9	52	-56	-55	-72	-14	-40	97	-34	7	85	2	0	-71	-38	-79	-9	85	-26	5	-11	32	10	-35	56	-53	-91	-23	-94	0	40	-24	-27	54	-74	-33	33	-20	-2	63	-21	-75	-96	-19	52	-42	88	-54	49	72	-60	-80	76	-4	22	-100	-85	50	-42
-78	62	-48	37	-17	0	39	52	-90	65	82	-41	-21	51	-50	90	-42	-49	-7	69	-3	-82	25	48	-21	-55	-5	93	-56	96	87	-83	67	14	-95	-51	-95	78	-75	-73	-80	89	3	-49	-73	82	53	-51	79	-17	22	-82	21	27	59	0	-93	45	-63	-89	60	43	86	-84	-95	26	-61	-95	3	85	-64	3	-9	-43	9	21	-54	65	-9	0	-48	-51	98	74	-13	-69	-69	-2	-63	-35	51	-70	-48	73	-53	-35	66	-12	49	37
11	74	-69	-69	-76	-13	-85	47	-35	36	-22	-48	-62	-48	-68	61	98	51	-97	-16	-78	70	3	-76	-90	-31	52	13	-20	28	-80	97	96	85	-72	-22	54	-17	44	31	-82	-8	74	-91	-13	63	-11	17	20	-9	39	-75	-74	-54	24	66	98	31	69	-4	-27	-77	30	82	-2	28	61	12	-76	-88	-74	-47	-82	53	55	45	68	-45	59	-45	-82	-45	50	78	55	82	-51	76	65	-14	1	72	17	22	7	-48	52	-61	17	-94
1	-61	-28	84	-80	-87	66	-15	-72	4	75	58	-16	-13	-52	-69	-4	-4	4	17	31	55	-100	-79	68	9	44	-25	-71	2	-29	73	-36	69	53	-84	-71	-45	-72	-57	27	-19	64	-50	-95	-7	-47	82	-96	98	-63	25	-90	86	51	87	51	90	-41	73	-99	-20	-41	-38	100	37	-64	57	-99	-35	-3	-17	-4	-83	69	-77	-89	-37	-88	-80	91	-79	-34	53	-52	-43	0	17	-67	1	66	16	-51	-6	-64	-12	-27	48	-30	-20
3	70	-78	85	91	32	47	42	-58	-11	47	25	-8	78	81	32	-75	66	-81	-36	-28	32	19	-40	-14	71	100	-21	90	-22	93	13	-97	-4	-35	-48	-8	69	-51	-93	-83	-16	14	63	-96	11	-60	69	-64	71	92	-17	57	19	85	-72	-80	25	95	77	29	25	24	65	-1	49	-87	9	-22	-100	-59	79	-11	-70	-50	81	13	-65	90	88	-58	95	71	-57	7	-48	36	41	32	-35	62	85	-26	-67	77	-44	-42	-54	12	63
-62	76	-64	-44	82	94	36	-5	-16	31	-38	71	-18	92	19	80	-2	-26	4	-100	45	-55	44	-72	72	54	-85	36	83	66	2	0	-45	-18	-93	-32	9	100	-69	-65	-96	96	83	-77	38	42	-19	-47	13	58	-22	53	-89	-38	-81	14	56	-34	-29	11	-31	-51	14	16	-18	25	9	51	-37	-93	30	-50	86	61	67	-61	-9	27	83	-45	-69	-47	-20	-53	42	-58	-78	-9	-16	-66	38	36	93	-24	-6	-98	-29	-95	2	35
-93	54	13	-71	49	-4	64	14	46	-90	94	93	-15	-70	70	46	-85	-42	80	56	-83	99	-59	-95	92	-13	45	78	-95	-55	10	38	36	95	-52	-77	-56	-56	-44	-55	-48	32	43	81	66	30	-7	-52	18	2	26	-40	-33	61	-51	-44	39	-42	-60	15	-89	25	-23	54	-15	17	87	-24	-84	95	-31	-9	81	78	16	100	-24	47	35	24	30	-54	-1	-22	-50	-48	-68	46	82	51	-42	-4	-76	-41	26	-21	50	75	2	7
-11	-85	-32	87	86	-4	-7	-77	-80	-37	21	89	88	-12	63	-17	-61	10	-71	85	51	-33	59	-60	59	-83	88	-84	71	-20	75	66	15	49	55	-79	-40	-71	-22	25	-18	-18	64	-3	-20	1	-35	-17	-56	81	-72	17	-100	94	-28	-22	48	-5	-49	-79	59	-27	52	54	-21	-19	43	6	-6	-74	-91	-92	19	-68	5	-25	57	22	-37	83	-84	-9	-96	-83	51	-90	-68	4	20	-41	18	6	-48	-59	-57	70	88	-99	18	-74
-3	-10	-62	79	-41	-43	84	74	39	26	67	30	70	-49	-66	-32	58	-2	-77	4	-46	76	84	95	-28	90	-55	-91	25	-75	18	46	25	38	-33	99	-26	2	-75	79	46	-55	-28	-34	-53	-7	2	59	88	-59	14	7	-21	1	-2	11	40	73	34	81	-99	19	-9	7	-27	-53	-79	-27	-49	-34	-99	98	86	82	90	-84	-48	-91	79	-81	84	52	86	-71	-93	58	-43	41	-95	8	94	-86	91	-65	-40	-5	78	81	94	-45
58	36	51	48	81	91	-39	5	-64	51	31	55	-42	-46	-24	61	64	53	15	-18	-2	57	16	77	77	28	-96	-60	9	13	71	62	-62	-37	84	-24	85	-84	26	30	58	-22	-100	-67	-50	-77	91	-42	-36	18	82	54	27	-7	-36	-25	70	30	-54	-48	-43	15	6	-18	9	-97	91	13	42	1	17	35	31	-13	-46	-71	-64	55	-49	-94	66	29	-46	39	-38	21	94	51	100	-15	39	-45	-94	-10	3	-7	-15	-58	-80	28
97	-5	-80	7	84	17	49	-9	73	91	-86	-30	-97	69	25	49	35	-25	58	-86	40	-4	-81	99	95	74	-84	90	41	-99	0	73	-20	40	-95	82	-25	-74	-99	-35	79	56	-64	30	38	-87	-99	-15	66	0	-63	-93	-57	99	35	61	-91	-38	97	-74	53	3	38	19	100	15	-18	-54	75	-6	26	-68	-55	-78	-81	68	40	44	-86	10	65	60	-26	37	-89	-65	49	-54	27	75	61	54	16	-90	55	-33	-72	-97	44	6
18	-65	59	83	39	-4	-72	30	-99	-25	51	64	47	37	-20	-45	-82	-76	-22	-24	-27	21	95	-52	-72	13	-24	77	-2	24	-16	75	65	35	-52	59	36	99	-36	-39	-61	13	-15	-48	78	-8	-79	-95	-98	77	85	-74	-65	-47	-73	-34	87	66	88	63	-91	-73	55	-56	16	-61	51	20	-4	67	59	54	14	52	-45	70	56	-81	-92	52	-99	-20	1	36	-14	-57	-53	20	-54	-56	87	-97	-36	10	71	-37	-89	-98	99	63
29	-71	-98	44	-91	-38	-7	39	75	-100	39	-82	-14	98	10	21	-30	-67	-84	94	7	-90	54	63	-95	-29	37	-5	-41	-26	-52	97	-91	-53	80	-8	-71	-80	-47	-71	58	-44	-50	-92	98	82	56	56	-82	-76	-97	-51	77	10	64	-50	81	-97	-19	-21	-77	-15	-10	-20	1	-43	-6	16	-85	-52	45	-92	51	-66	35	2	53	65	66	-97	55	-37	-89	-10	-82	63	-74	79	-93	-75	83	67	64	-16	-67	-14	1	9	6	71
41	21	-98	14	41	97	10	-55	29	-2	75	70	66	12	-92	-52	94	-35	28	-54	3	76	-81	-36	47	20	27	70	-52	35	57	62	-75	-40	71	-55	10	-97	97	0	-60	54	20	-82	-1	34	-86	-15	28	44	-10	-15	-90	-68	-57	-73	-67	-19	-59	-57	-17	-100	26	-61	-93	-70	-41	19	-48	81	-6	9	51	-70	29	-13	-94	99	48	9	30	-4	50	18	-75	67	8	-7	-55	32	12	84	-96	48	-46	84	10	-38	21	10
-24	89	99	-45	-43	34	57	-24	-12	31	19	59	-28	-69	-66	-15	59	-28	-83	74	-86	-85	-91	-42	70	-39	-48	78	59	-33	-94	-48	-88	-66	-27	-57	91	62	-67	-50	43	-73	50	-22	99	-38	80	-76	-85	5	-76	15	-45	93	28	0	-93	93	-10	-50	-27	-30	-40	-7	8	3	-37	-32	58	74	-95	-75	-85	3	-51	43	3	67	-58	-13	-75	16	-63	-66	-90	-4	-67	28	-75	3	-75	-51	80	10	90	-47	91	59	30	90
-79	-12	1	27	81	-27	-85	-18	12	-96	-7	5	92	56	53	69	-9	73	45	35	88	-61	-75	-64	-51	-35	-89	22	-68	-69	97	-12	78	23	46	-44	31	-45	86	-90	13	43	-66	-39	46	-33	-89	25	53	29	-45	70	-99	46	84	-12	94	37	-5	-50	46	-82	99	-97	77	3	1	-20	0	47	67	-60	23	41	42	24	-21	-62	94	-31	2	57	-98	78	-46	35	41	-40	-100	-73	98	-54	8	38	-82	99	-94	-78	50	-3
61	-54	-95	-25	-55	-93	-40	76	-36	-95	6	18	-69	46	33	-79	85	-30	-99	-79	18	56	-43	-78	64	-65	45	48	-57	-87	-15	66	15	69	64	66	63	-46	-57	95	26	96	71	67	63	-93	-61	92	-12	-2	90	-69	-20	38	-14	81	-67	-19	-50	-94	88	53	72	-89	27	-88	-29	-53	70	62	40	66	-61	-35	83	-54	-84	62	-11	-46	-21	98	-52	69	-83	-61	44	-61	50	-90	-24	-10	-12	-74	8	89	-49	67	-21	-27
94	10	-50	69	96	-42	9	-57	51	-51	42	-78	-49	64	-74	17	-27	0	-20	-53	37	96	-14	48	11	-58	17	74	-11	98	-17	-87	-31	36	13	-61	-21	-33	27	-83	-33	-87	-5	-56	16	-70	-29	-10	-68	-62	92	-44	41	90	-4	47	-49	-8	-99	-71	-71	-78	-95	-81	4	92	79	61	93	34	98	-100	-67	10	97	76	11	88	-11	37	-89	28	-92	-37	-3	-21	-97	56	-95	-44	-18	-23	1	-47	-67	74	-22	-87	13	-12
-20	7	53	22	-10	-34	33	79	-10	30	79	-16	64	-69	71	-47	91	60	75	-9	-34	-55	30	-87	7	30	72	-12	35	-88	33	-21	71	58	2	28	93	60	9	64	-15	44	18	-81	84	98	-72	-40	32	27	32	-22	-14	-59	-64	54	68	-97	-21	47	25	-34	-68	89	-15	77	-27	4	-65	65	33	83	50	16	-68	-83	-35	-21	45	-57	89	21	-66	28	-68	-70	-61	-15	-53	2	-81	68	7	-34	-11	-10	1	-17	25	42
97	-87	-54	-85	-86	64	-19	-15	-80	82	-27	72	-92	22	-15	85	24	26	12	30	86	-81	27	-15	-93	10	70	91	20	33	-23	63	-64	-6	75	-37	4	44	-3	-40	11	43	-77	6	7	1	-73	-13	-72	83	66	-47	78	-59	75	-41	19	93	20	78	83	19	70	-50	32	8	-100	43	-11	-65	7	66	-65	-65	93	-57	65	49	-50	83	99	-9	87	63	59	-92	51	-96	7	6	21	-34	-9	91	43	72	-67	-95	60	47
55	-30	-61	-100	-95	-69	61	-28	-46	-49	-66	7	-96	94	27	-6	95	-80	2	36	-16	51	-61	46	-49	80	9	48	-30	70	-9	-58	7	-9	-59	-45	-5	43	7	-98	40	-81	91	-63	-50	98	-3	91	-50	63	-77	-100	-43	49	-23	-45	-29	39	-84	41	70	34	86	-36	-31	58	-98	47	23	-25	-85	87	-87	12	-44	68	-9	10	-97	-83	-4	-36	-11	-23	6	-71	-65	39	-57	-79	29	94	-85	-91	-12	32	-44	97	-70	-67
70	-11	93	55	-66	-60	48	65	67	3	-66	30	85	28	-49	-76	-59	56	-81	39	-89	-58	22	-71	-98	-54	19	61	-77	8	0	25	-92	36	68	-51	61	-42	-22	76	92	25	-44	-80	-55	88	-49	-91	-33	95	-85	-80	40	-25	33	34	-6	8	-4	-35	82	97	-63	35	-1	-88	-88	-14	-94	-44	-78	85	7	-65	15	-33	-87	20	53	-39	63	65	-87	-81	-17	24	72	43	-7	42	-63	-98	-36	93	48	36	92	-42	73	-25
54	82	28	-58	-20	32	-74	59	100	-75	41	96	-54	41	87	-60	-13	0	94	-70	52	-83	79	-18	-94	-15	63	-17	-50	6	-42	49	69	26	-36	-87	-36	4	59	79	56	-57	-64	-86	50	-15	14	-74	-21	-77	15	-72	10	-80	42	-97	13	47	90	53	-5	36	36	31	23	92	-23	99	-63	11	59	54	42	84	12	-39	-73	39	-8	-47	-81	73	-84	81	-4	-60	99	-96	64	14	-80	-61	32	56	-69	-48	-35	75	27	94
73	-54	-3	-97	24	9	-30	31	29	45	4	-35	9	34	-56	70	-62	88	-79	-23	65	-61	-76	76	76	32	81	21	-21	-18	-80	85	36	51	-48	6	14	67	-33	53	-72	62	33	-82	-31	-38	-99	85	39	63	81	11	40	47	21	-40	12	-72	86	-76	47	16	-18	-90	-59	-73	17	-12	87	-43	88	-87	48	3	11	-88	83	36	-42	12	-8	45	26	-20	62	37	72	100	-62	63	-41	38	46	-72	44	83	-18	-60	5	41
37	-52	-81	4	-8	83	-14	-9	-39	15	-63	13	66	-43	-80	-19	-74	18	-85	-14	-6	43	20	-99	49	7	-63	-60	49	91	-67	53	-88	-93	-20	-94	16	95	8	-1	-71	59	92	89	63	16	96	-15	-40	-60	-15	-27	-50	31	32	-3	-65	41	88	85	-98	-59	84	-13	-74	96	-18	-18	5	66	-71	53	-88	-97	44	-16	-94	-53	8	13	-64	-26	0	28	18	89	65	57	70	-99	74	61	56	-47	-59	92	-19	-44	-71	-63
88	82	27	-5	-66	-15	20	75	25	-4	84	95	-58	-78	37	92	-55	-3	96	-43	-39	-92	54	10	-40	-67	20	52	-73	41	-75	-67	8	32	-1	-79	82	-47	60	100	-3	5	50	72	-94	37	65	-29	79	84	8	79	-30	70	-88	-49	-96	-31	34	-59	49	-89	-85	-57	96	-43	-42	43	-42	99	-52	41	-34	4	-11	-79	74	-25	-13	-31	86	75	33	77	-7	-21	89	-44	86	-10	-87	21	88	36	-88	-36	-47	-21	83	45
59	90	87	54	-55	47	98	58	-20	9	43	5	-89	-9	43	33	-78	-63	96	76	74	-71	55	-79	-95	62	71	-58	-21	69	-68	21	84	-38	0	40	5	88	67	-57	84	-58	-44	-24	83	42	-50	-33	-83	95	71	65	-66	38	-73	35	49	44	-58	-56	58	-22	9	-86	-56	-22	-63	84	-5	-45	-53	57	-54	-73	44	83	10	-21	29	-18	85	89	70	-64	88	-17	-60	51	32	-22	20	-49	91	-59	48	93	-53	-70	-70	75
-70	25	-24	61	-90	49	5	58	50	-19	-21	45	79	4	97	99	93	-19	44	-48	-37	93	99	-26	-59	-99	77	92	82	-54	-31	-88	10	30	12	-40	78	49	66	54	-76	-16	65	61	71	-61	-63	-69	22	71	-38	-11	4	28	84	-99	-50	-83	3	-43	-83	55	24	-61	-10	37	100	17	78	49	-27	63	44	-83	36	-25	27	-62	76	-99	69	-96	72	-18	43	-60	-73	28	-15	-57	-21	-60	5	-37	68	56	98	-32	49	-2
49	-44	79	-25	-66	22	66	-84	-13	-14	14	-55	6	-90	-49	96	-89	-48	58	29	-4	-85	-31	75	65	20	-70	-48	9	32	9	76	63	71	-57	-96	100	54	97	87	-24	34	70	64	-83	-69	-87	-16	-97	-58	-83	-84	99	63	-64	37	-28	-70	-11	-65	-31	83	-26	99	-59	77	93	56	-54	-88	83	-40	93	53	33	90	-26	82	92	-84	39	-53	59	-81	-43	71	-79	63	85	-57	-63	-32	-68	-31	-44	-39	91	32	-97	-70
35	-20	-82	-21	-93	39	-45	42	45	6	53	-21	-75	-51	-32	-78	-94	-37	27	40	-86	-86	-96	-67	61	75	-34	-65	52	-60	-39	5	-59	95	-56	52	-57	26	-56	-91	-38	99	-65	-91	68	0	-3	30	80	42	30	-79	-45	86	-10	-96	22	4	15	-91	-50	-53	-53	-9	-31	-43	-85	25	-91	28	-68	-24	-10	50	-61	34	-49	5	18	78	-68	35	-5	-79	-70	10	-41	-93	-77	72	55	77	26	-77	-1	92	52	40	76	46
94	-57	53	12	-87	-4	-61	-22	-100	80	-71	-10	-43	94	98	-32	76	45	-85	74	-35	56	64	15	44	-10	-43	40	-3	66	9	90	53	65	-12	66	81	-85	96	-86	-92	90	-86	-88	-81	41	-62	78	-48	94	-80	-41	33	-92	-63	-34	84	72	-2	98	94	81	17	-70	-43	-87	-26	-60	84	-88	-15	94	41	4	-92	78	16	-80	21	7	-46	21	15	-91	-49	-10	-81	-66	-56	-7	78	-94	82	-98	-20	-67	-50	53	1	-19
-67	-12	-75	66	-62	-40	9	-52	22	79	24	64	52	33	51	57	-49	75	-38	-58	-86	84	26	10	57	52	-3	25	-61	-5	41	-30	-53	-56	93	-87	-53	48	2	19	59	96	93	-80	-36	6	97	-85	65	72	-2	41	59	91	100	-21	-16	-91	-72	-44	-35	89	-39	-85	-59	93	6	-25	44	35	-47	-90	37	-21	67	26	-51	-92	61	17	84	66	-38	-36	9	-62	-68	-13	90	-46	23	32	-68	16	-38	-2	-85	67	37	93
6	-12	-41	-3	-90	8	-99	-42	49	-56	-36	21	-43	-76	41	66	94	-79	-79	-56	27	32	26	-82	-43	-29	49	34	65	1	29	85	-83	-41	-6	44	45	-24	65	65	-87	-3	-70	-52	12	-33	81	-41	-39	-77	96	50	-80	69	33	90	24	76	82	-55	52	69	82	-43	38	-93	-76	15	40	-45	-93	96	72	82	-35	95	-25	-15	0	35	-16	20	76	65	-15	-4	75	-47	56	84	44	38	26	-11	72	65	33	-61	-33	-74
-79	-80	69	-53	50	-84	-56	85	14	-70	-36	-77	-4	-47	47	-11	35	19	-54	20	-1	32	74	-16	16	57	-95	84	-2	56	-23	-70	71	-9	-57	-41	-48	54	-86	-40	45	77	57	-55	20	89	10	79	-7	96	36	-92	16	-62	81	60	88	50	38	14	98	25	5	-11	77	95	-64	-100	57	92	83	70	11	57	67	29	-33	10	51	15	-37	-21	51	-87	19	-41	75	-30	-62	-50	-52	-81	74	12	-7	72	-82	-34	-21	-66
-87	14	-84	-4	89	48	9	30	79	-1	-91	62	-100	3	-22	21	61	-42	20	49	-41	6	-52	-52	66	-4	90	27	96	-69	38	5	70	49	78	14	52	53	46	49	-94	65	-10	-87	35	66	98	-90	100	-64	-28	0	4	-5	59	34	26	-17	64	-35	65	55	-19	-30	-56	-50	55	75	-84	49	-43	-67	98	45	54	9	79	-35	-69	96	38	47	-48	-30	-57	44	-40	-44	-2	18	-1	-26	20	44	-63	-50	-83	33	-88	44
49	5	30	-74	63	-12	66	10	1	100	57	-59	-19	9	-46	92	76	-26	-4	57	-66	6	-1	21	-86	-51	-80	-12	40	-54	40	64	59	82	-25	32	15	-84	81	58	-69	-3	6	50	84	-25	-17	50	-42	67	56	-65	35	-37	29	60	-72	-19	64	-48	-2	51	-43	2	-7	-16	44	-13	-74	-95	20	-77	66	72	-33	-57	52	-10	-22	-13	-57	10	-50	-85	-60	-15	80	-85	17	-15	89	-29	49	-87	22	8	44	-21	-87	45
28	-73	-23	-49	-96	-34	43	82	72	-4	60	-49	-40	13	2	-12	-8	-50	75	-35	-61	49	40	-20	2	18	10	10	38	-51	75	-94	-68	-66	100	67	2	63	21	-83	99	22	96	-97	-70	-23	-45	-55	21	-11	88	50	41	-77	-36	51	34	-69	-45	-8	29	-37	92	25	48	-47	-100	96	67	-60	49	-94	-29	33	-95	-37	-54	-26	30	10	69	-32	39	-47	-30	12	49	-54	22	-41	56	-75	37	-25	-73	-74	-27	-49	11	39
-31	-21	-40	-57	-75	63	-50	55	84	31	-12	97	-66	-20	56	13	-62	65	-4	-3	7	19	5	-36	63	-2	28	-74	-73	48	-87	-51	66	-49	23	36	-82	10	86	-29	76	19	48	25	-38	-47	-66	-80	65	24	-61	9	40	-46	97	19	-23	28	61	30	-65	-83	-92	36	-38	77	-85	42	-80	18	72	47	57	-20	95	-49	-40	-98	-74	-30	-54	-3	-88	-72	45	-86	-25	-24	53	-84	35	72	55	48	39	-77	89	56	-79	-8
33	-31	38	11	-8	96	13	69	-40	-83	8	-28	-76	-42	-45	-12	76	58	-37	51	-39	-31	-84	-79	34	-52	10	88	-1	19	92	-54	-13	28	-82	-19	-44	8	-22	10	75	80	36	94	64	-17	51	63	14	92	-64	-10	99	-96	-67	-36	-34	77	78	-81	-98	95	1	-66	-96	71	9	3	58	-7	-17	41	-94	48	28	47	66	5	62	-61	49	56	77	96	-96	-30	-17	-27	27	-93	31	73	6	-89	78	-33	17	71	-84	78
-22	0	39	-33	98	96	16	-89	-67	-27	-20	98	68	99	0	96	-19	-29	-90	-15	-32	-27	31	-98	27	-59	66	-45	92	-34	28	3	-15	71	-13	-30	-97	63	95	49	74	-47	69	-82	66	-67	-49	-51	79	5	94	-32	-91	76	-38	45	91	-15	41	28	-26	-68	-87	59	51	74	84	-11	-27	34	-55	69	59	-12	4	-35	47	-90	4	19	-42	-69	-36	-75	-6	12	58	-73	-9	44	72	77	-30	27	54	56	82	-46	-82	-82
17	21	57	-29	-32	-98	-18	-87	-44	7	18	70	-54	7	71	-94	-97	-18	79	86	64	32	34	38	-17	-91	-64	67	-53	11	86	-46	-97	-15	45	53	5	-53	-60	26	-38	-72	-92	95	62	-75	-78	-55	22	23	34	100	-44	-48	-94	44	36	-96	57	24	-61	17	52	-62	90	62	-13	-21	-36	41	-71	-78	-58	51	-81	-30	-31	45	-59	64	-12	66	-87	59	57	-70	60	-74	-13	73	25	-12	24	-68	-29	37	-67	-53	-62	68
-87	-67	-24	17	71	15	-46	27	96	29	18	-80	-91	75	-82	-61	50	-72	97	-98	-59	-85	89	70	61	16	-13	5	48	52	43	11	-99	-67	-24	30	83	-57	1	-68	56	-8	24	-52	78	83	86	16	35	-78	94	-75	7	-2	93	7	-70	2	63	-30	-30	67	51	30	-13	-18	57	70	-71	33	-54	-78	-87	29	-27	-15	-81	-54	-12	48	44	-4	-40	64	-11	89	29	-22	28	8	96	86	-20	85	80	-12	-93	-91	-14	-36
17	-67	49	-100	-37	78	20	-33	-22	-56	18	33	1	-42	-94	-79	-10	92	-57	-9	-15	-64	6	18	-83	-5	-78	-53	-72	27	89	50	-98	48	-99	-65	37	-77	-20	17	85	43	10	-100	57	-90	100	51	92	-41	-64	13	-4	38	-46	-38	47	7	-12	46	7	61	8	13	37	6	22	12	35	23	96	-40	83	-25	-61	32	-97	-85	75	56	-90	-89	-72	23	-91	-61	-97	-50	10	-8	62	5	44	33	18	43	26	-52	97	-84
-6	16	14	-19	-9	87	81	58	-70	81	-66	5	21	-50	30	-38	-98	61	-72	92	49	15	-24	84	71	44	-49	14	-100	-48	66	-26	-3	-15	-80	-44	-23	94	-15	87	86	-65	-51	-97	-39	-70	1	-10	-52	-39	-43	-32	14	5	-99	-17	41	6	98	74	-24	93	41	-76	5	87	-64	-52	80	-71	-70	-80	-75	66	11	27	-63	-21	4	42	80	-81	88	-24	23	-50	-14	52	29	60	-81	-32	-15	-41	-71	58	7	-42	-69	45
-80	-58	5	-61	-90	-74	-34	-96	11	54	19	38	10	38	75	30	-17	-24	-61	-70	-96	46	21	-30	14	-8	-83	26	-59	-67	72	83	71	-94	100	-18	11	-76	-6	-73	-90	65	19	-37	-90	88	-73	-52	-22	78	88	-87	-3	40	10	51	-36	-11	24	88	-79	-15	38	6	-49	-50	-68	63	90	-61	-60	30	46	16	-40	65	-83	32	88	63	-27	-35	-34	-83	31	-51	-2	-29	-68	-22	-36	-27	61	24	-47	94	-46	16	77	33
-75	62	91	75	7	5	99	22	54	-63	95	-3	-52	23	-37	97	90	74	-36	94	51	56	-42	-78	-12	25	8	40	-57	31	26	19	68	-75	-18	3	46	73	-80	40	21	-76	3	-31	97	92	42	-89	-16	65	56	26	15	5	-58	37	-27	75	89	21	27	18	-35	-69	72	29	-45	39	-50	42	-59	45	-65	26	-97	-68	43	-90	26	-95	72	-56	97	-46	-20	6	-62	-88	-36	-69	36	70	-53	-97	79	-26	65	81	-77	-5
-77	-73	-78	-90	8	-31	-14	63	-50	-13	100	6	-100	-44	-51	25	84	-51	28	78	78	6	-3	21	-78	90	-15	-45	44	-73	89	23	-66	-25	1	-69	58	35	91	82	-8	37	93	-65	-13	37	-71	-30	61	12	46	-10	-56	-57	91	100	-24	-19	-9	0	-49	53	34	45	-75	50	65	35	-84	77	44	-45	60	31	83	-50	83	95	75	-60	-26	33	51	-56	65	-1	-89	-36	-54	35	-79	40	67	-11	76	55	25	-48	-38	89
99	-55	-18	62	-39	-71	99	36	-76	-85	93	-50	-51	-78	-58	99	-1	13	-24	-51	58	-51	35	-44	-7	89	74	-26	49	97	-3	65	26	-20	-81	-3	76	-94	31	42	65	-22	-28	-94	40	21	71	-55	49	99	19	99	77	-48	67	22	-2	-42	-56	-38	46	36	44	40	94	-81	-76	-87	-69	-33	-86	-71	-38	-71	30	-66	-86	-54	1	-17	71	4	-25	69	32	85	44	42	80	40	22	13	20	-51	-93	44	-19	-60	-31	72
69	-53	-59	-32	-7	92	50	1	69	51	42	21	-43	41	38	14	90	-91	99	13	-6	-25	-45	-73	76	57	-85	64	66	48	95	42	49	-73	72	-65	-35	13	37	-40	42	-50	49	-1	92	90	91	-41	-6	-75	-80	-46	-94	60	-91	-52	-55	79	27	-60	22	-9	-8	78	53	38	64	-96	51	-83	79	100	-61	21	94	-66	-15	45	12	-63	-47	40	98	-48	-67	69	-90	42	-45	90	79	-24	-68	4	50	40	-88	93	1	22
67	63	-57	-32	-7	-20	88	-38	-88	-75	-61	-72	-58	17	-12	15	-29	70	-74	63	-32	33	24	90	80	85	27	-77	-76	-50	81	-72	29	-59	-92	60	40	-45	56	-60	96	-52	45	62	-69	-100	-38	13	-35	82	-4	-43	-2	5	-57	-15	69	42	-75	-34	-61	-67	25	-17	-92	73	-49	-81	-41	50	11	78	45	-9	-75	87	-35	7	80	-44	-41	-95	-75	47	-13	-69	-17	-29	16	85	-77	100	-3	11	-9	81	25	51	45	-67
-38	51	85	-93	-79	79	-32	16	-34	-13	-44	-76	-69	85	57	12	97	21	-91	41	-79	-27	36	-37	83	-71	-17	-35	-64	-42	-35	-43	-8	-61	19	82	95	85	-30	-88	76	-36	41	22	79	75	-46	-69	64	-33	14	38	83	-45	-21	28	-94	-65	96	-93	69	86	30	-5	22	3	-25	-31	53	39	64	89	-99	-95	-29	47	19	93	51	-90	47	-93	-50	6	-51	-20	92	17	7	-4	22	26	82	89	-28	13	66	11	32	75
-53	-41	-25	-94	-98	-14	-48	-98	-66	7	-41	-95	5	49	-83	-23	1	-60	88	-38	89	-1	-28	75	87	87	-82	-90	-93	-57	-71	37	-31	-88	6	-98	-24	66	-89	60	-12	54	-12	34	-93	-91	10	47	-28	-88	-99	-29	48	-89	-85	10	-10	-49	-33	54	-7	-31	57	-51	-6	-36	80	-52	50	83	-36	-88	84	71	-61	70	-91	33	26	-35	-51	-36	-48	-77	-25	-29	-6	-15	-27	57	62	-63	-20	34	-27	-99	58	-53	24	57
-87	-28	95	35	70	-1	9	98	-9	-19	-44	-93	66	48	-41	-67	-22	92	21	3	71	-19	-62	92	27	24	43	-28	-63	77	-9	18	33	92	67	95	48	-90	-11	4	-45	-50	-78	-28	-99	37	60	-5	-21	64	92	-43	88	100	14	-42	96	62	8	-73	68	35	91	33	-62	48	56	9	-99	-46	28	-38	-25	-81	71	-72	73	75	-69	-86	-89	-100	93	55	57	61	86	-79	54	20	74	-68	-23	65	-51	-44	96	42	75	38
19	-97	-39	-22	35	-65	-87	-37	-44	-82	-69	-50	11	-73	0	-53	40	0	60	55	-50	-92	-89	92	-17	19	-89	49	85	13	71	-81	47	-66	80	-31	-20	96	18	-23	-20	-60	-53	48	80	-28	-36	-4	-24	21	-53	17	95	50	-31	-50	-64	26	-7	-14	-33	-14	-74	-54	-23	64	-4	58	-56	-47	13	-91	64	-22	5	-37	-74	-38	52	-83	-51	-67	87	-26	-44	-7	-76	-66	-9	46	-46	-83	-80	-42	-25	-63	67	-47	38	-29
-40	-93	-32	95	10	-2	45	-34	-16	-4	-15	-80	-65	47	-25	34	12	96	-3	-47	-5	-65	-41	-8	14	28	65	-73	-91	20	-73	-38	70	-25	39	-53	1	-83	85	-6	-22	-55	93	72	17	-69	45	-74	12	39	62	43	83	4	13	-83	-85	-35	51	-44	72	57	58	-62	-98	-100	50	31	-98	51	-49	74	31	-87	12	95	65	57	-11	5	-96	-70	25	-78	45	-41	-55	63	-22	-81	95	14	-25	-64	87	-84	-33	28	86	60
-84	-72	-40	-92	-79	24	99	14	50	3	-59	-46	31	-57	7	-4	83	-75	-1	-39	-62	-62	72	-7	41	-66	-12	-72	-54	-96	-16	11	13	38	-92	49	95	90	-10	-21	96	-91	-40	93	-42	70	-19	-1	-61	-81	41	35	91	-73	-44	21	39	-22	82	-46	69	81	40	-1	51	-91	-71	56	89	-1	-51	14	61	83	42	-96	-21	-98	21	-54	-51	77	81	9	80	-1	33	-60	59	99	-95	40	45	-30	-90	80	19	79	43	-62
62	-59	-41	-28	82	-82	36	82	-46	51	-22	-10	-31	-45	45	-14	-12	-8	-81	60	-14	80	82	-39	-66	-40	78	-27	41	91	-99	-67	-77	-32	-73	53	-27	-90	-53	69	-77	2	36	77	97	-70	22	-2	39	-99	34	88	-79	5	94	-73	36	79	6	12	93	89	32	29	42	93	-68	-8	-88	-8	-95	-80	-46	100	95	1	54	49	-98	-48	-23	-76	-75	-45	-49	64	67	33	27	96	11	44	14	32	-59	74	86	-53	100	-22
-36	11	-57	-95	-77	93	51	-76	-57	-40	100	86	-31	-16	65	-62	-50	-56	-14	56	47	36	79	37	28	76	20	-22	-59	87	-12	-88	-86	-54	17	46	69	-45	-50	-23	-76	96	28	-33	19	-83	29	33	-57	72	-55	-95	-89	-14	14	55	-72	36	12	10	-67	-52	74	99	87	31	38	-92	-20	37	-85	81	17	-48	-87	19	42	7	-42	21	58	77	10	51	-38	-41	-50	88	63	-9	64	66	73	-43	95	-100	9	-42	96	-39
33	86	-52	25	95	34	-55	30	-74	-3	-75	75	-79	-23	-56	-82	-79	60	58	6	20	72	96	-96	7	-39	84	70	49	23	51	-30	18	26	-57	-63	-87	-61	-9	73	-6	51	-52	83	40	-12	-94	-20	11	-44	43	-29	46	-71	6	24	40	-25	-3	82	55	83	-29	35	20	100	-55	63	16	-99	24	-78	30	35	-4	-94	-19	78	-64	-2	-26	34	-18	-40	-92	43	-35	72	-35	68	-30	96	38	-19	99	15	61	41	-100	-46
-54	-48	-62	-34	10	-41	-16	76	-66	-21	-33	99	-89	-55	53	37	95	-60	-33	11	-17	49	37	65	-63	61	27	-88	62	-79	-39	-47	-45	-61	50	76	-78	-85	-31	22	-75	78	-15	-51	-80	-36	-87	-100	-50	-71	-12	67	52	-98	-99	-64	-26	81	-77	-100	63	-40	32	36	-84	-35	68	21	57	-92	2	-60	-90	99	-87	99	8	15	22	-48	-81	50	-48	-90	20	91	-77	-14	-60	38	33	-11	73	29	-90	99	3	-13	70	51
72	20	-49	79	23	12	-39	-60	80	-10	61	57	-98	-31	-40	9	-99	57	-33	96	-54	32	-18	-71	-37	-82	69	-43	-35	70	77	72	-62	32	-65	87	47	44	100	60	-58	-44	62	41	-75	-47	39	-60	-85	12	-98	52	98	-70	18	-53	-5	-46	81	-6	-17	1	89	57	3	-58	-62	-95	60	-35	-44	-31	21	74	95	30	6	28	64	89	17	49	-44	-34	-83	-68	93	-41	25	-60	-67	61	-39	-13	3	89	-77	-72	-91	65
-12	63	98	-94	89	-47	-79	11	98	30	45	29	34	17	-61	1	-1	-11	-54	-16	60	72	74	-96	41	1	34	98	-69	23	92	-72	-97	-20	60	50	91	-85	62	19	-47	99	29	-29	3	38	35	-63	67	32	18	-100	88	56	-66	85	88	43	-28	-90	-40	23	45	77	84	3	30	14	-48	1	18	12	-90	-32	-46	69	-31	-44	-79	-98	52	-19	85	95	-90	-27	41	-15	12	-68	46	-4	79	44	42	-17	-3	-32	-19	-7
-7	31	84	21	-10	-98	20	-41	84	-11	69	-91	-60	-63	32	-77	31	-11	80	-95	-97	-61	27	75	77	-71	-76	-93	-12	-75	36	72	62	77	87	57	27	-59	29	93	-1	45	3	17	-93	74	-34	49	-47	30	78	-51	47	36	-24	-50	69	-43	-16	-68	8	32	69	15	42	3	28	20	-25	-87	-71	67	43	38	-53	-90	96	-90	36	-97	42	2	-96	-7	13	-54	-20	-73	25	-74	66	-59	-20	74	91	-90	-4	-58	-96	16
-87	24	-19	-93	23	-17	21	-12	-70	-35	31	100	-53	12	45	-26	35	25	-50	-21	-36	-53	50	72	-75	-8	52	43	21	-50	-66	-5	52	84	78	-16	-62	-1	75	66	-65	40	-91	44	92	5	-42	-1	-21	82	87	-8	-92	-2	25	7	3	76	-31	0	93	-89	1	32	-69	64	66	13	-86	-61	-14	-82	-26	46	-66	-31	80	66	53	22	100	-52	63	-52	-20	46	8	44	-2	73	-18	-15	98	25	56	95	91	95	-45	44
25	27	70	-17	-65	-16	-61	-43	-39	23	-24	-61	31	20	61	-40	69	46	91	18	-24	-55	-45	-50	-92	-31	-10	-27	100	-15	64	-35	-19	-1	97	98	-99	-56	58	-87	-4	-31	-18	-84	41	80	-54	24	-43	36	-33	92	-56	-81	76	11	23	2	79	-12	4	-100	-3	59	9	92	-92	-52	-31	73	95	-42	2	34	-88	74	41	-33	48	-75	-20	95	21	-9	-75	38	-95	-70	76	-90	55	-38	-48	71	-64	52	-41	50	26	95
-97	40	9	18	80	10	62	96	-80	-21	19	67	-41	-90	-63	67	16	-25	-36	11	55	6	-15	-75	86	-45	-46	-49	-69	-60	7	-83	75	75	-49	68	43	-98	-81	62	-66	-32	80	61	56	-7	-65	45	-58	20	88	-26	-54	-50	6	85	-67	46	67	-56	42	-97	64	60	69	56	33	14	27	-90	-94	21	72	45	38	-36	87	75	-12	-46	17	-25	38	-43	87	-53	-40	53	46	92	87	-3	44	39	-25	14	-17	43	5	-92
-65	65	-59	-94	28	57	-35	10	-45	33	-68	-29	-91	30	18	56	-11	79	-85	-17	75	-37	-63	58	96	-10	6	-98	-99	23	55	-22	-21	40	-41	14	-32	46	56	-81	-7	21	-20	-56	-12	-8	-88	-76	84	59	15	-2	7	41	-29	50	-52	-40	-97	41	9	-39	-33	-44	61	72	38	70	49	36	28	-21	32	-41	25	-84	-85	36	-19	-83	20	-85	45	-55	52	-47	-37	-86	-74	-57	-24	-27	-62	67	-72	23	-27	8	93	30
-17	95	-19	-75	10	-37	93	45	63	-42	-26	-58	83	61	61	70	45	-77	39	62	6	-96	-50	27	5	-2	-84	42	-12	-17	-69	-83	-20	0	44	2	-11	-41	17	65	20	57	18	-83	23	-35	-1	-48	-30	15	-5	96	50	74	-30	82	39	40	0	3	7	-19	92	-4	83	-40	41	-36	25	-11	88	-58	-100	-18	-37	-54	-61	-96	-97	85	66	87	-18	-52	11	31	47	-55	8	32	31	-7	55	-48	45	-41	-18	-68	69	99
-24	-73	-35	-13	-23	54	-63	27	21	55	-39	-14	42	92	-69	50	91	46	23	3	-83	-62	-57	-66	-52	-36	93	74	-18	47	52	-68	-40	67	43	-18	31	-1	97	-38	17	32	45	17	-13	43	-47	-98	-69	-100	-20	90	71	32	-66	79	-30	62	71	43	93	-11	-100	-13	35	-81	57	42	18	-47	-25	72	-52	85	79	-67	96	57	-100	2	79	22	-23	54	51	-59	38	83	30	-74	-64	-53	4	52	-24	65	-65	75	2	-96
84	62	64	-72	-93	-94	-20	39	19	36	54	-22	83	-46	-83	30	42	-16	54	70	-85	-93	-21	4	0	-68	40	91	78	41	-74	3	33	39	70	32	43	-17	86	-68	-74	-18	-98	32	84	11	-61	34	63	-50	-30	-63	51	7	-7	95	6	-73	-99	-19	-10	-99	-99	55	-98	-70	-30	-33	-56	-30	0	20	44	15	-28	71	-23	-89	-74	3	96	9	19	94	34	-1	-89	-45	16	-17	1	4	73	9	60	44	-20	-94	-32	-26
71	15	-2	-33	-30	18	45	-63	-14	-32	81	65	10	-67	13	-18	30	76	-22	83	52	73	-27	53	-72	-77	63	-39	-87	-66	5	-34	69	-6	39	-84	-93	13	-92	-27	32	40	66	45	69	-12	14	-38	-74	-49	36	-60	13	-27	-95	25	49	-50	40	-88	66	25	79	95	9	-74	-58	-26	40	6	-29	19	-6	-76	95	54	16	85	89	48	-2	94	87	57	92	-14	100	-13	57	15	-63	19	-3	-11	-29	-4	-6	-13	71	51
-88	93	18	-93	-61	-43	-40	24	-92	39	-91	-71	4	-30	-14	81	63	-15	-99	-41	-16	71	-22	-67	-92	-64	14	42	-3	-92	58	-70	74	55	-67	91	5	-14	-73	55	-87	-12	-29	-54	-37	-65	13	64	-47	-70	13	-57	-9	-9	-19	70	-83	-71	-5	30	31	-19	-30	14	-49	1	-88	-27	-60	57	-11	33	37	22	40	-14	-69	-87	57	-81	-18	44	68	-77	-74	-47	31	-97	-74	49	83	38	-35	97	63	60	-31	-35	-56	-100
-47	-93	-28	-68	10	-48	-34	90	20	-87	-56	51	75	86	-13	-64	-11	94	-100	-27	-30	-22	-79	-90	-81	60	84	-57	10	95	-53	6	-41	-35	8	25	-72	45	-67	90	64	2	31	53	43	-53	-98	-22	55	-34	-97	-33	-77	-35	20	-89	-40	99	-9	-18	87	69	-29	97	28	-84	74	-49	-79	-34	88	-41	24	-2	64	-67	-71	64	-14	58	22	-3	88	86	78	-78	-94	-64	98	-22	-24	30	-42	-2	-27	84	-15	-68	-89	-11
11	-15	-48	48	-36	-2	27	49	28	-5	-77	1	75	-22	25	-62	-63	54	-92	-92	-80	47	-57	11	49	-98	-82	35	-64	83	26	-57	99	-62	-12	8	91	-70	-50	-79	25	-39	81	37	-7	80	68	93	1	-11	-61	84	85	-55	94	-63	-44	-20	86	-46	-69	-39	-83	-78	-27	87	-57	14	-4	-53	6	11	-88	46	-90	-62	12	-37	-93	-10	-42	-82	99	-58	52	-95	97	-100	5	99	-52	61	86	90	91	36	-88	49	6	-10
-1	14	66	-63	-98	-55	65	19	-4	28	46	76	-96	-79	18	73	78	71	-68	-4	54	-44	-56	70	-47	59	-70	31	87	74	22	-24	30	99	-12	-13	-92	70	-1	-7	24	-32	-86	-17	-64	-82	63	-52	22	80	-84	9	100	93	2	-29	-77	97	-45	54	46	54	-87	-1	-88	91	-8	-84	-22	-2	-85	46	-3	81	38	-77	-83	53	66	-91	21	-1	-21	81	-60	45	-88	62	79	-25	-12	-10	-48	75	-31	-86	-81	-29	-74	81
62	45	95	-25	-24	24	35	-91	-63	-24	-7	-12	81	-76	-64	32	49	-27	97	-3	8	4	-11	-28	32	-35	39	-90	9	-71	-40	-38	-80	73	-42	92	57	14	-42	-71	-53	32	80	-21	62	20	13	-50	68	-93	42	50	14	98	-92	46	23	19	-7	-79	-22	99	87	46	-72	72	-78	-88	14	19	58	-49	27	73	-21	84	84	2	76	71	-3	-54	-94	-5	3	-9	-63	78	14	-68	-57	49	10	-57	24	0	1	83	67	-23
17	-4	97	-57	81	37	-74	65	66	-46	-71	-68	19	14	84	85	-68	-76	-72	-66	-14	53	59	17	34	-29	16	-90	19	15	-42	-100	90	68	-11	-23	69	41	10	-59	-83	-33	-52	81	-42	-43	-18	-40	86	87	-89	93	-100	44	36	-94	-51	74	88	-26	24	-36	-44	43	-17	-100	74	16	15	48	-99	35	30	-72	-88	96	38	92	80	-73	91	25	-83	69	8	76	-12	-18	93	35	12	-85	92	54	-57	85	91	63	-32	83
45	19	-5	64	-66	46	9	-29	-56	90	-42	94	81	12	-98	52	32	-73	-48	-59	-97	52	-85	46	-26	47	-91	64	-60	35	75	-9	66	-26	67	27	86	0	70	37	-83	-31	30	78	-91	-24	-64	-31	100	14	-10	-7	-32	-7	-44	-46	-72	2	-89	85	-84	-100	-97	-93	91	-15	-16	-31	6	29	-53	85	19	77	15	-4	90	-49	-43	-13	-67	74	65	88	47	50	-36	-56	13	2	-50	38	-38	-39	17	12	1	-99	36	55
26	-5	-65	-94	78	40	88	23	-46	90	6	-78	36	49	20	66	-78	19	-49	52	64	-97	-61	-11	58	-8	-53	-8	-51	-36	32	-36	-93	-82	-27	-86	-60	73	14	56	42	56	79	-71	18	-43	-99	45	47	94	46	83	-83	95	4	28	-100	24	56	20	-41	20	-73	63	-13	-12	16	80	-100	20	68	-54	-22	62	-19	14	89	25	29	-38	-46	-18	-27	12	43	-41	39	71	-2	26	63	-44	-52	22	-83	23	-99	-63	29	-37
91	-22	-3	6	-12	-81	-41	-27	80	-56	3	-52	97	-23	-17	64	82	27	-48	24	43	-71	45	38	88	-79	-57	81	31	-21	-94	-55	-98	-63	-11	-50	59	-39	-82	-83	91	90	52	7	-35	-7	76	-39	-89	87	85	74	5	83	-56	91	-69	72	-23	-78	59	-79	68	80	39	10	64	-36	-75	6	-27	-29	-67	-91	-17	-54	82	22	-68	-32	-3	95	61	-28	-88	27	17	-65	-99	45	44	72	80	-78	46	-85	55	49	-75	36
-19	11	-81	-93	-38	-35	-13	32	73	100	65	-35	60	-36	39	35	43	-13	82	35	-55	-88	-2	19	40	-86	-18	-56	17	-94	4	93	9	42	44	-49	67	46	-100	59	-14	-29	13	-96	-29	69	57	-4	-69	1	67	-24	-27	-20	-91	-35	10	35	-50	-70	-9	-66	76	-85	24	-31	63	-5	44	-13	64	20	-3	54	-42	0	-21	71	47	-97	-54	3	-75	-2	-6	-47	-75	58	-44	2	-97	-52	-8	19	53	-32	-84	-63	-42	-46
74	78	78	-56	-68	39	31	73	54	-58	44	85	56	-8	-42	-88	-81	0	79	-51	95	51	-26	-61	-1	-4	-87	53	30	53	-59	-78	-92	70	-39	-12	61	94	5	-25	53	58	-61	56	-45	-30	88	96	0	27	40	-60	3	-9	61	24	18	-5	77	19	-61	63	18	-24	68	-64	24	2	-42	-43	-80	66	-15	33	93	-75	52	-77	-43	70	51	-69	75	-86	43	56	-19	-68	-61	-9	93	-21	-86	-12	81	-41	-16	-5	-20	-85
55	-63	-24	48	-90	43	-9	-2	55	-71	51	-10	-8	27	79	96	67	-37	-41	-57	79	60	-73	-48	-59	100	-41	-49	4	84	71	25	71	-10	67	81	41	58	-44	30	-4	-37	-66	65	-100	21	-83	44	-98	-31	47	40	-55	63	-79	-82	73	99	72	83	-60	-45	-68	45	-85	-8	75	52	49	-50	-89	6	46	97	-8	-22	23	34	68	-27	-70	62	-44	21	84	20	-84	31	61	74	28	-95	-58	-77	-9	-31	94	2	-68	18
-23	25	85	-93	-75	-23	79	-52	-61	-10	-39	-70	22	12	-31	84	-18	24	93	26	-53	75	-54	80	39	-47	-1	6	-32	84	-12	-22	-89	-8	-89	45	12	-33	-59	45	38	-56	-57	64	82	72	90	2	-75	-84	11	-68	25	-10	7	-66	-87	-64	97	71	-65	-82	43	-75	-94	92	51	12	85	-17	-45	40	-85	6	86	44	-67	35	37	-7	-35	-20	-1	-95	99	-6	-4	44	48	95	43	-31	61	91	5	18	27	-78	-61	-79
41	-14	-77	-85	27	-46	80	79	-90	-88	58	-89	-11	98	62	46	-17	-93	56	-34	-40	-38	70	61	14	93	77	-32	70	52	43	17	-71	-36	24	79	77	31	-22	-27	-79	-83	-5	12	75	9	87	20	8	14	-91	-4	36	87	-60	73	-16	26	-51	-75	73	-49	-68	27	-25	12	62	68	-30	51	-73	90	-56	-93	82	-79	14	17	-33	7	45	-89	-100	69	-56	13	-37	3	55	90	-33	11	-48	-25	-35	37	15	12	-84	-86
62	71	18	-1	-43	-50	-93	72	98	-63	-51	65	-96	4	21	-35	-38	-16	-52	33	-2	-41	27	-49	-83	-65	97	-30	79	-19	-94	-50	89	-37	-14	-35	57	-92	9	51	-72	21	-73	-84	22	62	-27	-90	67	9	-56	31	73	-63	-61	13	-32	38	3	-5	5	-12	-88	-58	3	-81	4	68	-85	6	96	9	-31	-80	88	-93	-11	53	-61	9	-78	82	74	27	82	93	71	38	-8	64	-46	17	89	60	-96	-41	-38	27	-74	-47
-26	-36	-56	4	-21	-97	40	-13	95	24	78	48	34	-87	84	-92	-56	98	13	5	80	-72	32	91	-30	-59	-92	-56	-18	-92	66	-18	-91	-38	-75	-69	80	94	93	0	30	-35	5	-51	74	50	-37	-30	4	-26	13	86	48	96	82	-71	-87	-39	23	-99	0	29	-34	47	-99	-59	-91	31	81	-15	18	-46	-52	-46	-75	57	42	-14	-77	39	58	48	-55	-68	-86	24	58	68	-37	3	-12	58	-74	-71	-48	-47	-80	-64	-74	46
