-60	-45	0	99	-94	67	-36	36	40	66	-46	-95	-10	21	-54	53	-38	86	-71	39	-75	-69	57	-65	-55	29	30	-37	-31	37	-14	1	-98	-11	-92	90	-15	-95	-95	-66	-59	-10	89	96	72	46	-73	-68	-65	-89	19	-58	-55	-32	-39	83	35	35	12	-18	75	53	70	7	-42	9	-5	-100	80	-3	-85	45	-58	62	62	-51	17	27	88	-80	47	39	-76	-57	-31	-66	-39	13	-21	22	-91	46	-71	-35	-79	-11	69	-13	43	61
87	3	-36	0	-22	-92	-83	71	-8	61	79	-41	-4	-58	-40	50	-96	90	-6	42	64	-95	-73	69	-95	-17	68	-77	51	59	70	59	-72	-55	-36	-6	28	69	-39	17	54	-55	94	-45	63	76	72	-21	61	93	32	33	31	91	-39	-16	-55	78	-37	-26	26	97	38	-41	-20	-95	24	-64	65	43	-82	-21	-8	-78	4	-56	-44	-29	25	97	-37	2	-8	14	-12	-2	56	-12	61	19	-100	-14	-99	-100	-23	-85	-2	14	-6	73
-13	-76	74	-11	-53	-99	86	26	-25	-26	11	-83	-78	29	-11	79	-92	-3	20	-59	-71	10	-20	91	-28	47	34	-64	-96	10	31	47	83	43	59	-5	-61	51	-90	-84	-54	14	-34	29	-7	-9	-2	-42	31	-57	30	21	2	-99	-44	-24	-80	-31	21	-86	38	-18	49	-12	-83	48	2	-81	67	10	25	-66	10	22	-72	64	20	6	-80	14	-2	-45	73	51	81	-47	-83	-44	-20	-29	28	-85	-28	-71	-55	63	13	54	40	37
-32	-65	-65	56	6	-3	13	57	-40	29	14	-16	19	3	5	86	-15	-86	-10	100	34	39	-33	64	-23	-85	52	30	27	-14	-10	-45	-49	37	74	9	-7	65	57	-81	91	-28	15	45	13	21	-5	25	-11	39	-83	-66	67	12	8	-37	95	-2	83	93	95	-41	7	-17	-49	99	5	-14	-7	-97	-41	-29	55	8	-16	100	-100	95	87	-54	-79	-27	-47	14	-68	51	21	-3	-23	43	43	9	-50	42	65	-36	-66	-14	-90	48
-87	88	52	90	-63	-7	76	82	-91	-32	38	37	91	40	-77	87	62	-55	-53	16	-39	11	-86	59	29	4	80	0	4	2	46	15	76	-56	-69	53	-47	-57	4	-13	68	74	-43	-35	-13	-64	-33	4	-69	19	-44	66	22	66	-53	-21	30	47	-55	9	-41	-25	34	-70	85	29	-8	29	-33	-2	-18	50	57	-44	45	28	95	-14	41	22	-57	56	12	-13	43	39	11	-3	57	78	46	-97	-54	65	68	-17	49	5	86	-88
43	23	-95	84	-95	-82	-4	13	-9	63	-10	-98	10	12	26	54	46	77	-54	43	1	-9	-66	5	28	-41	73	-71	10	12	-67	100	17	-76	-48	68	60	-25	41	-96	66	-5	56	-88	-21	-57	-6	-97	88	25	78	-36	10	-30	-43	-12	-5	57	-75	-63	-76	80	-73	-1	-5	24	83	50	-58	62	-71	49	72	-99	-96	-87	-59	-2	-57	-74	-82	-9	26	-83	-38	-89	9	-65	-60	93	-31	6	-45	39	64	7	-79	77	-79	69
30	86	37	-70	76	-9	68	-48	18	10	49	20	59	-79	-45	-40	-29	-82	60	71	7	89	-60	-98	-85	-67	-72	-30	-84	-35	69	-6	-50	93	8	-55	98	-56	-58	-25	7	-94	72	-93	52	83	-90	65	-20	-77	-85	84	58	81	58	80	-42	87	1	54	-91	13	-76	-64	32	77	79	-36	-52	-38	-3	59	80	-99	62	-99	-47	-100	93	-94	-94	60	98	-30	11	-8	-85	-26	71	67	-93	-54	-98	94	-56	87	-95	88	-67	-96
0	14	23	63	43	24	-98	-90	-8	23	-9	57	21	42	20	37	28	-70	85	56	53	-52	42	-94	54	92	-59	31	-70	5	33	57	87	-43	-29	-42	54	-50	-84	16	45	11	-37	37	-66	-69	27	-81	-79	73	-21	-68	-4	70	-58	39	-47	6	-77	-68	1	39	58	37	-12	-67	-86	60	32	56	99	67	-6	28	60	-77	4	-74	-51	38	0	55	90	71	34	-76	-15	77	-65	-82	-64	-48	77	-11	-19	59	-28	95	26	35
88	58	19	-39	56	22	-69	83	32	-91	41	67	-16	-98	-27	-66	-76	59	-69	-82	-51	-14	51	-74	42	31	88	-95	-57	-81	13	1	-89	85	41	-74	-34	-69	-53	89	-20	80	28	82	-39	-74	70	-16	-12	10	-23	38	-25	56	46	-93	-54	-34	-81	-68	-2	-74	64	-5	47	-97	51	-74	-11	1	96	-89	-88	-28	97	-97	68	33	-47	53	25	-12	40	12	9	-48	-3	-36	-26	-32	-54	61	-3	-63	-96	64	99	-6	36	45
-64	-58	22	-55	-33	-98	54	11	1	-68	46	70	72	9	0	37	-94	-23	48	-86	-46	78	-1	-9	-65	-83	-18	21	-37	-87	98	25	55	-59	8	-10	-48	85	-24	3	50	71	85	95	53	-20	35	-84	55	-5	-1	7	-60	100	79	-99	11	-3	-29	14	-14	-48	-95	-21	-97	89	67	-32	-65	-78	-31	-6	98	-27	98	-23	69	33	-43	75	-34	93	-79	-82	-23	14	24	18	52	37	52	-44	-8	95	29	-94	-5	-29	-1	-94
29	78	55	-82	-68	-93	27	49	-44	-35	49	-83	-13	-46	66	-74	45	19	26	75	87	98	-6	60	89	-77	-47	-61	-72	-89	-96	-26	-22	26	80	-15	-19	67	-54	-55	-59	80	45	-94	5	20	74	-67	54	-74	-88	-92	-33	-9	2	75	82	80	-100	-8	91	-61	-30	-49	67	45	-33	20	61	97	68	48	75	53	44	43	-39	86	41	56	26	43	37	73	-37	62	-98	-64	-50	83	83	69	-66	19	-72	58	-25	9	22	-37
-75	-5	-41	-15	21	67	59	84	-27	-59	-55	54	-87	-20	-88	-3	-80	-39	-25	-59	71	-7	-33	-14	-53	84	38	-83	4	-26	80	-75	-34	42	-15	-44	-87	-25	22	-70	17	85	84	-95	40	71	-91	59	-36	-57	77	77	-21	18	99	28	76	-6	-3	14	-55	-51	-25	-53	95	-89	11	-92	-41	26	92	-14	65	-62	-90	67	48	5	-86	45	91	7	27	30	-60	-67	87	-12	-17	3	-62	-65	-90	86	-15	35	-94	-50	-94	67
76	33	41	68	20	-45	67	-13	97	17	-88	-70	-78	-18	95	-85	-4	-38	-66	69	-88	-69	-16	61	3	-76	75	10	64	92	26	-2	-81	-58	-68	-15	12	-79	45	31	-59	-26	-45	-33	-34	-2	27	67	17	61	67	79	98	30	96	-15	-73	19	71	99	31	-47	26	-91	-40	-37	-33	22	-1	31	83	34	41	-32	-18	-50	59	-73	65	3	-13	50	-27	-80	19	30	100	-1	95	-3	-71	41	84	-49	92	-64	-77	84	-62	-11
-28	-21	23	25	-52	14	39	-58	-73	70	69	40	95	-98	14	79	-96	-35	-39	-92	-92	85	-33	89	-97	76	-68	39	-21	91	-32	66	-48	82	-70	-76	-10	74	100	-66	-55	-77	91	-73	59	-12	58	78	-73	28	-65	22	-28	64	-11	-96	17	26	-85	67	82	-100	-36	-34	41	6	-42	63	-90	-100	-34	7	-7	9	28	59	85	98	-49	12	-1	-22	0	-5	58	-53	-52	-32	-91	-75	-54	74	-52	83	66	-29	-54	-53	-1	94
-28	91	98	-17	-40	42	39	93	69	-95	69	61	-87	-45	-50	1	-48	-70	62	45	38	5	78	-60	58	94	28	72	61	-70	-99	-55	-68	-14	-65	-4	61	-1	89	-82	62	81	-13	28	-85	-2	89	-22	-88	-18	97	-75	-80	78	99	-30	83	-29	34	-27	-53	39	14	36	78	-43	-37	68	-50	99	-23	75	-26	10	38	75	-48	-98	42	66	-37	61	-16	-29	-73	-29	10	13	11	-22	77	91	11	10	-11	57	89	85	20	84
76	-68	-88	38	31	-13	-76	-1	-6	79	77	13	-28	-41	1	5	92	-73	36	-72	11	26	61	24	45	3	84	-39	16	-59	-94	-50	-94	100	-36	-58	0	96	25	76	4	-90	-5	-68	25	-83	-64	-41	46	53	47	66	-53	-38	-94	-40	-48	-8	-35	43	-34	94	86	22	-37	-95	-18	-23	-60	-10	63	-76	98	-10	37	-31	-38	79	-8	12	-9	8	27	13	-9	-100	59	21	72	41	-86	-60	45	24	-2	-59	27	-21	32	-53
-17	-91	-88	34	-49	-92	98	23	76	98	-10	-50	-48	37	-31	34	-39	-63	69	-92	-64	-37	42	59	-98	53	13	78	-53	18	82	-28	55	25	8	23	-84	92	53	14	-96	34	-25	-11	-43	43	74	-76	-89	67	38	-94	-75	66	24	54	-56	-15	19	44	-89	-49	-13	10	-37	72	32	8	90	-74	-31	-68	12	-89	-63	9	88	-32	-81	22	63	10	16	-26	-37	-54	-66	87	39	-84	-14	-66	-3	-78	47	29	29	41	-62	-62
-9	58	7	51	-32	81	67	-54	3	-70	88	39	8	-87	-31	17	24	-12	-20	19	-96	83	-91	23	74	8	-82	81	54	-44	44	84	24	98	-79	-57	-55	-75	30	-78	-75	14	35	30	-55	82	-4	-49	49	22	-7	-46	0	-83	-86	86	-72	-98	-43	17	79	99	-98	4	-98	-38	-46	-62	-87	51	-22	-26	26	-88	1	-70	-27	26	77	-63	7	-90	-55	-90	2	-41	62	19	-31	-51	-80	47	-45	70	24	-30	-79	-55	-30	35
-92	45	-92	-16	51	-17	87	-83	-52	32	-18	56	80	-21	93	64	-80	-8	-17	-3	-16	10	-57	-10	-87	31	21	83	34	87	-77	-20	-66	-94	-3	58	-44	35	9	-67	57	-92	88	2	-98	90	62	100	38	66	96	44	62	74	-23	4	-49	11	88	75	79	-19	64	1	-92	-67	76	93	-30	61	-51	-24	-28	-95	-24	-58	-81	-3	-93	84	-36	-30	91	-15	-64	9	83	27	98	21	33	-97	9	-30	37	-61	-2	3	2	55
81	79	-96	54	-73	6	78	-43	2	67	-12	8	13	-40	53	72	49	62	39	36	-29	100	67	-38	55	42	70	43	-8	-60	11	2	88	95	-55	87	25	-33	97	48	-33	26	-90	96	-58	4	100	-72	21	-51	-73	80	43	35	-99	-64	91	-29	-3	-28	-44	9	-82	19	-59	49	56	73	49	-21	-18	74	65	8	7	-19	-72	-15	-37	90	8	-4	25	-86	17	25	-26	51	28	-81	-47	46	87	92	-13	81	17	31	63	-16
-49	-42	77	-68	83	59	-20	37	32	13	-54	21	52	3	83	94	88	80	-83	-18	76	-72	21	95	-98	76	84	-17	-59	38	98	69	-47	-30	63	54	-25	-35	32	78	12	47	-30	27	76	100	7	34	-72	-90	94	18	-56	2	32	83	19	-17	-35	-100	-96	-68	-99	-68	72	18	-93	-35	9	-21	61	-64	-66	39	11	-33	-96	26	79	65	46	-64	39	46	-91	63	-100	91	22	88	-90	56	33	-49	-94	50	-90	-43	82	-65
35	-83	66	97	81	87	9	64	-94	2	-4	96	59	-24	-30	-62	63	89	66	-17	2	44	40	65	26	-62	73	-65	-62	-3	-99	-37	14	-90	-7	72	-63	72	35	63	95	-2	47	52	-36	-100	-50	87	73	46	39	-6	-89	28	-44	60	32	13	-30	84	-94	4	5	-72	0	7	92	37	-61	100	-5	-57	-41	-46	0	-9	32	-5	-81	29	70	-100	-34	-29	-56	44	-34	63	90	60	-45	-38	83	66	-86	85	-18	78	83	39
87	-78	-67	43	-7	18	-76	22	19	61	18	40	93	26	-78	59	75	-84	73	-63	-57	-83	-30	-23	93	-59	9	87	-2	45	-12	71	19	-17	-62	28	21	21	-60	97	-48	64	-31	43	-72	-89	-69	38	43	-90	-31	-9	-20	17	30	-68	-95	92	-83	86	88	91	61	26	-56	-3	90	-52	-88	-53	36	67	82	64	-14	100	-80	61	-16	91	31	79	-52	69	91	4	94	94	20	-84	-36	-26	78	71	-4	22	24	99	96	35
44	-67	-100	25	-44	63	31	-13	31	93	-56	-65	82	-88	-73	5	60	-42	15	-76	57	99	-8	5	90	30	-42	46	46	-24	-64	-40	-77	-17	-96	56	31	-36	-46	-13	1	-15	-49	-87	84	100	35	-79	43	43	-18	-90	0	-82	-78	-54	65	23	-65	-21	-99	-92	-19	-91	-83	59	61	-54	-76	25	-21	56	99	22	-28	26	2	41	-91	15	78	-20	48	-67	-96	-7	-15	-87	-53	38	-35	10	-60	76	85	-70	18	-96	74	-37
-67	-61	95	77	8	-25	98	-29	91	-43	43	-83	1	-35	-1	-64	28	45	44	55	-1	-75	-46	-66	74	60	9	-5	-32	51	-17	93	62	65	95	-16	6	45	62	9	-88	64	36	-59	29	80	17	40	5	91	-44	35	-23	74	-8	44	-47	58	82	-87	-12	-61	15	-38	27	-20	-83	6	82	38	3	83	-45	24	88	53	-74	-49	-99	89	-59	-84	62	90	25	3	-85	72	-84	48	33	30	37	10	51	72	-84	63	11	78
-82	-96	98	46	-99	71	-40	60	49	-84	-56	4	2	1	54	77	59	37	-25	-34	-12	30	-45	-8	6	36	-50	-83	17	11	57	25	67	-74	-12	-2	37	-18	59	-37	-17	-11	2	-37	-53	66	-18	-50	47	-81	82	94	77	72	-100	-8	-70	39	33	-12	43	-17	-92	2	-58	21	46	92	-31	-54	27	2	-54	66	68	23	100	-59	-67	42	-89	38	10	-52	0	-49	-49	-91	2	-59	-17	49	48	80	47	69	43	-40	47	60
73	97	10	6	76	23	-10	63	71	54	-87	59	16	-100	43	47	6	-41	-71	-94	36	-59	8	19	12	7	-35	14	85	24	-61	12	-43	39	19	93	-61	-48	41	-32	-4	46	-73	22	63	-24	-10	21	-93	-100	78	-96	10	-100	-78	37	-10	-50	-27	30	26	18	87	76	40	95	29	-50	60	-90	-6	-71	-51	-84	-54	64	19	24	94	-81	-45	16	24	-22	40	-61	-84	16	-21	98	49	34	-95	8	37	91	39	-49	31	-14
16	-99	13	46	-68	84	66	-59	-50	67	-12	25	50	97	69	30	19	58	55	2	20	-45	4	79	83	-17	99	20	-92	-68	-82	-42	72	-78	31	-95	-14	81	72	54	-36	-25	-90	96	32	79	37	51	-97	-23	88	-11	20	23	90	-41	21	-91	79	-3	-70	-85	-92	-68	33	-92	-99	-45	-83	-95	58	92	57	14	9	-86	-21	-98	98	99	36	86	-86	11	65	2	-95	-80	70	-11	-25	85	15	43	-86	-71	-90	18	-38	-26
64	34	-68	39	31	37	67	76	57	-84	60	85	-53	12	-97	21	90	19	11	35	-7	31	-26	40	48	100	52	8	46	35	26	29	-47	-56	59	66	-69	-26	-25	89	28	-85	-12	-38	21	78	-11	16	19	64	-64	74	41	87	63	-20	53	41	-50	-33	-88	15	-85	23	80	-3	21	-89	71	-43	33	-56	-66	42	-53	47	55	-1	99	70	100	-97	-82	-22	60	-42	7	-43	87	-90	4	-100	20	-71	-63	-63	-95	-99	60	0
46	30	-34	83	30	92	-69	-40	98	-78	-95	-34	60	87	81	-52	49	80	-92	-13	-17	41	38	40	-73	39	50	71	27	-78	-59	-32	1	26	10	29	35	81	1	-3	15	-67	-96	33	-37	-77	-51	98	-41	-55	29	-67	-93	-76	-41	38	-5	-45	77	14	3	44	77	30	-89	-65	-79	-25	90	85	15	65	-23	30	17	88	35	30	-10	-62	24	96	-75	-39	78	20	-73	-35	-100	-39	-31	99	-88	-97	95	22	74	-75	57	-3
44	-94	26	86	19	-95	-42	85	47	-31	69	90	38	41	-6	2	-41	42	93	-18	26	43	-47	39	6	58	81	47	75	-63	96	77	-91	-91	-37	21	-47	-87	-20	-49	69	-36	40	81	28	80	80	-88	3	49	83	2	-70	-55	-31	-67	19	12	-36	-95	2	10	60	-20	36	62	98	-94	76	-47	-18	-24	32	-70	-46	64	69	-85	78	-17	-20	-14	-13	-95	65	-88	86	92	85	61	12	-29	-11	-26	-79	-49	-24	79	34	-52
-35	-87	-26	-11	-38	-70	-61	-64	24	16	27	5	-80	23	97	-90	13	-21	33	22	83	65	100	78	-30	24	-7	30	72	82	59	30	-76	-50	-1	24	39	7	4	100	-54	-79	-13	84	-80	42	7	-45	-66	40	-87	-66	-85	33	-50	54	36	-77	-60	11	95	-9	-44	-64	-92	-71	56	51	97	-38	18	30	12	-58	-62	-92	93	-90	-73	11	22	48	-29	-47	46	16	85	-55	91	-45	27	70	21	-54	-57	-53	-16	73	-99	100
-89	6	-58	-65	92	24	37	52	-57	-85	67	75	73	78	-21	-39	-21	41	-12	-66	44	-70	-34	65	-93	-14	-99	88	-53	-68	6	-56	42	-41	-42	-16	26	31	-57	-61	2	-83	-27	-41	95	44	18	30	-87	88	56	-21	15	-65	5	28	60	15	46	-9	64	-52	8	-91	85	-52	30	47	-47	-95	5	-54	-34	56	-8	-36	9	23	-35	-92	-28	33	-9	-42	-35	79	-94	-80	67	52	-97	18	3	5	49	56	-68	59	5	52
12	86	79	-9	27	-62	-17	68	-73	5	53	15	56	-6	-37	28	-86	22	-29	1	87	53	-32	-90	-13	13	-16	-28	47	-55	-76	42	-33	85	-32	-84	-35	-9	68	48	-77	-54	35	-75	73	69	-40	-43	-55	40	-17	33	-1	57	-72	-27	-68	31	13	-68	40	8	75	-49	10	-57	1	29	-9	87	82	100	50	93	72	15	90	-8	-65	47	63	-80	63	3	-83	-99	-98	27	81	-57	-96	78	-40	90	-51	72	-1	98	79	-99
-59	-13	-86	39	-37	95	-74	-49	-75	80	-92	69	63	15	-5	73	-11	-17	-72	12	-3	9	-82	41	-36	45	-90	-52	51	-26	-32	40	-74	77	44	-51	5	31	52	37	59	-57	-76	-95	86	27	-47	-59	56	-44	43	-66	8	-68	-65	65	70	50	82	28	57	-79	-64	-72	29	-70	-90	-35	53	15	-69	-18	91	84	-71	-72	-42	2	2	21	89	-89	98	3	76	-25	12	-3	-40	-81	42	-30	-45	12	-4	-52	35	53	22	48
-28	90	-73	-9	18	-40	-78	-92	65	76	-80	0	12	-37	0	36	-84	4	-78	91	-73	-21	-32	82	56	49	-47	48	-12	-44	66	-48	-60	-17	-31	87	-49	-81	37	-28	90	12	17	11	23	-15	56	-55	-9	56	-14	94	-2	-20	-63	-37	-62	74	-80	-33	-50	-17	24	28	-91	-18	-87	80	-36	-65	-52	75	-75	-71	-84	-47	-13	29	-40	-24	24	-6	18	36	-50	-85	40	-96	-84	-40	-7	72	-26	39	77	-30	-77	12	19	76
-30	-70	-91	-19	73	-65	33	55	76	-14	-24	-42	33	-8	-94	-30	86	-99	72	-97	-25	13	44	-80	-1	-37	-76	10	-97	35	-93	21	-87	3	-98	39	49	-79	-28	-1	-98	30	-19	-6	62	13	-14	-40	-73	3	-88	65	-47	39	-29	-14	-76	16	57	-83	43	-60	-57	64	54	73	55	-81	-28	-21	-97	-58	-3	7	5	29	-9	39	9	-68	-13	22	-22	1	-64	-46	50	-27	20	-99	67	-49	-54	19	-5	-11	37	-71	-58	-33
50	3	-66	-66	74	-56	77	-82	17	-89	76	22	78	-5	-9	-47	100	21	-85	40	94	39	11	-31	-99	1	-96	64	-83	78	-48	69	31	28	8	-54	-77	-19	-26	41	-73	37	-94	58	-96	-3	-70	73	97	-6	24	62	-9	76	66	1	-96	-54	76	82	-33	-3	-38	16	-9	-82	-44	21	-59	71	-22	31	-13	61	-31	-52	-98	95	-100	6	53	99	52	-29	-90	9	-97	46	-78	-62	86	21	24	-34	10	67	20	1	-32	51
37	-86	-82	-98	29	58	67	-47	-64	-71	-12	91	-72	38	-79	-84	89	42	27	25	-40	-52	83	-33	51	86	79	-20	31	-18	31	90	-31	-32	51	-39	-66	25	-51	99	33	19	79	86	-73	-94	-50	86	-79	-14	22	53	-48	5	-51	-59	27	-92	85	90	87	-50	-94	37	37	-26	-31	-30	7	-52	85	3	38	69	55	-79	-28	49	13	16	-28	-32	-26	-79	98	98	-72	81	9	-50	32	-45	41	37	10	23	60	-22	-80	86
-48	19	-21	-69	-96	-53	49	-38	-7	-98	-61	-72	93	-18	54	85	92	4	-53	-30	9	-47	-64	43	92	-90	25	4	-43	65	-39	-6	91	72	-95	81	-17	-62	-88	29	60	-68	-53	40	-70	-67	45	-96	0	14	-9	-71	11	54	23	66	-70	-14	-44	-2	23	-18	58	-10	-2	-78	37	99	-8	81	-97	59	70	-44	51	88	8	25	25	91	95	51	-72	-5	-4	25	-21	26	30	-1	-38	-76	64	-31	-95	37	28	-43	59	-60
-23	-60	-42	68	-19	-88	73	-94	79	1	6	32	35	53	-96	-90	-95	-91	16	-26	-58	-92	43	52	3	34	11	4	43	-88	53	66	12	90	88	73	77	-12	37	-21	-3	1	20	-78	-14	17	13	19	-96	65	99	76	82	47	42	13	-78	-100	-57	-38	-82	100	-79	-46	44	62	51	-90	-9	-41	28	100	-92	29	32	98	92	-71	63	22	66	93	-39	-73	-36	29	-81	11	27	51	-48	21	74	-2	63	14	-24	87	21	45
-46	-1	-53	-25	-100	-63	60	-54	-59	62	81	51	46	-5	-8	-57	90	-89	34	19	81	16	-32	-22	17	-77	97	-19	-88	-17	59	-45	-84	80	-65	84	62	-12	45	11	42	31	94	85	-70	-22	-57	26	15	-89	-97	-80	37	84	25	59	73	-30	-78	37	-89	91	33	98	99	-77	39	-59	-83	-69	-69	61	-1	0	-60	-97	-31	-100	-25	41	39	-99	6	44	31	-75	96	-46	-14	81	36	-78	39	89	-48	32	-12	-19	39	14
32	41	-28	72	-89	-61	-76	-37	-43	-32	3	-29	25	-97	49	-93	-49	-63	-60	51	-49	-89	-100	-46	-36	-78	-71	88	-45	-30	32	-71	25	94	-61	-2	66	-79	-79	11	82	70	33	58	86	-81	79	44	-58	-26	48	-84	-12	-88	-54	-44	41	38	-98	64	-41	-26	61	-88	11	-40	24	85	53	-61	31	71	34	97	46	-70	56	-28	-87	-70	75	-90	-10	-35	40	17	17	-38	-11	47	67	71	34	-43	42	-50	-79	82	90	-12
49	81	38	11	-51	46	51	-51	-15	-39	30	-6	-2	-34	-92	-87	-53	81	91	-58	76	79	-18	68	71	-57	-16	100	50	34	-25	-23	-70	70	-82	2	24	-85	68	-53	35	48	-97	-85	-58	-14	-55	33	-18	-39	-27	-44	47	-47	-2	-30	-30	63	40	25	-37	52	97	30	-35	62	46	6	11	91	-44	-16	96	-55	77	28	-55	-16	-2	30	-50	-89	-57	91	74	84	99	-40	-83	89	74	-88	92	17	-19	-44	-92	-30	-77	-29
-30	-74	64	-14	-82	-83	77	99	-58	44	-43	7	14	-54	-9	86	-99	35	56	93	77	-36	86	-30	34	-15	-72	19	-63	95	-57	-67	18	-38	75	-67	92	-89	-13	93	13	-14	-32	-89	-54	73	-94	72	-52	-6	61	-52	-45	-87	-41	26	-64	13	-18	-99	-87	97	-100	-3	-95	-20	66	-11	-48	84	52	-76	53	-90	-7	-30	-83	-20	-34	-48	66	-30	51	86	-80	-64	72	-91	-16	-97	62	-29	22	-24	100	-79	-67	-25	-44	-87
27	-14	8	56	84	28	-33	-63	-3	-57	-48	92	13	-52	10	99	-75	90	-51	-66	100	50	0	93	-30	-75	8	-30	37	-91	-39	89	88	-97	3	78	58	-8	62	74	76	-12	22	0	72	9	11	73	33	-29	67	52	72	-28	-1	16	-77	-77	-78	76	-44	-29	99	-12	62	47	4	43	-58	56	21	-96	-24	-76	60	-41	-99	-44	-9	46	-2	3	83	66	-33	-12	-83	-10	-71	-10	13	67	67	46	-17	68	99	-83	-15	-71
-61	-77	-46	-39	79	74	31	51	81	-19	0	13	-32	-66	68	-76	-62	56	40	-96	-40	-64	-4	22	38	-96	8	-77	-45	-25	96	5	-8	67	-1	66	97	-17	-76	74	5	-4	86	97	45	-17	24	-12	-11	-78	40	-20	84	-12	93	43	39	-64	26	10	-32	41	82	-40	85	-8	28	53	41	-13	33	-23	4	-14	43	4	-87	48	-75	17	-55	40	47	-64	86	-14	-36	53	49	28	-96	20	-11	-31	94	75	26	97	-48	5
46	37	-17	68	-9	-66	86	63	38	34	85	98	-95	-4	40	-63	-21	8	-60	85	22	-57	-52	-38	-91	18	46	53	49	11	37	-88	-89	85	8	27	-18	-92	-40	-73	69	-72	-29	84	-25	-73	-93	60	22	-73	38	34	4	70	-91	-7	89	-30	60	44	-86	-2	-65	19	-42	39	-51	71	35	50	-43	-42	37	67	64	96	64	86	-66	-3	-19	2	39	74	85	51	99	-32	-98	5	-59	-22	-85	64	72	-10	-4	31	80	50
81	27	16	74	-92	12	87	-91	87	-13	-53	-79	-30	64	37	96	-70	96	-61	-84	31	-78	5	51	70	62	-88	34	-11	50	54	-1	-91	95	-88	53	96	99	4	17	25	56	17	30	-56	44	75	-55	-21	-83	-75	80	-24	84	95	38	26	54	69	-97	-64	-18	-18	-35	-73	29	17	-2	40	-7	-21	2	-85	27	-9	-14	31	-87	79	-75	27	83	49	39	14	10	-57	27	74	-93	50	59	46	75	-87	-70	69	-65	67	-12
79	-43	72	-48	-82	-5	22	-17	78	-20	26	-33	18	-70	6	-97	-50	36	-46	66	-91	31	-29	100	81	23	74	-54	47	56	-26	25	-68	-28	89	-90	-8	-59	-100	-19	-26	-38	-1	23	-28	-28	69	-41	-72	76	69	-3	32	23	46	-51	-51	-49	45	-22	72	-51	-23	-48	-57	-39	99	-88	12	-93	62	36	71	20	-17	29	98	20	76	-56	-53	39	3	-76	3	40	55	-9	72	100	-40	60	50	-67	49	29	-46	53	-25	50
-74	70	-93	-35	61	97	-51	-51	-8	-43	-19	-71	47	13	8	-19	-13	86	-43	-7	29	-32	98	-78	-3	-35	-80	-90	70	75	23	-16	-78	-78	13	-62	-22	-5	-39	-94	-75	21	42	-92	62	-81	-44	47	-8	-40	8	-91	-76	30	-60	-28	-75	63	80	-33	69	64	78	-14	6	-80	73	-15	3	84	-62	-74	-93	61	-32	4	-28	1	54	27	-90	-84	-62	62	-33	4	-35	64	76	-64	9	67	75	97	62	-31	37	14	33	25
35	-89	83	33	-56	17	39	-99	51	63	70	25	97	-94	66	-67	35	-83	-72	-35	-22	94	-89	-33	-54	-82	36	-18	22	52	40	-70	-83	-41	28	95	-39	-68	20	-90	-86	68	16	81	78	-9	95	35	65	72	30	27	35	82	4	-33	-43	98	-47	25	-1	56	66	34	23	30	93	1	15	-36	45	-74	80	63	59	-99	61	-3	70	-59	-99	-18	-46	-1	-55	79	-13	-25	63	-97	2	37	21	3	81	-77	18	-19	42	29
-1	84	17	0	-7	78	-8	26	-2	4	45	26	-56	-99	-26	55	-59	-93	5	98	11	93	83	12	37	-47	-89	-54	42	-82	64	-69	-91	49	-60	85	7	93	-72	75	40	95	57	66	-26	20	-99	43	27	-11	-100	-40	-9	60	-47	73	77	73	82	-55	65	63	21	98	67	10	50	5	10	89	-16	-4	-38	-71	-14	33	30	86	-20	-42	-5	-66	-23	70	-65	62	-30	-10	-36	-46	57	-44	13	51	19	32	91	96	-37	77
-85	-27	30	21	96	46	74	4	-47	-67	74	30	-23	22	65	55	16	72	-92	94	56	-93	-3	-60	4	0	-100	26	39	28	-36	-72	49	54	-15	-72	78	14	99	77	59	-75	87	-33	-47	-69	-39	36	-38	25	-15	-37	-15	35	10	-39	-63	16	17	74	73	-90	-63	11	-65	80	-79	-76	-50	-14	-84	45	55	-36	-33	72	-53	60	7	45	-87	29	38	83	56	35	67	87	13	-20	-11	-21	-66	-72	-81	-29	73	7	-49	88
23	-8	-65	-2	47	34	-94	-87	89	-19	79	31	-18	64	63	48	30	-86	22	43	-90	63	-26	-2	23	18	-75	88	-76	-17	-70	-13	9	-16	-72	94	82	5	19	4	-36	-57	53	69	-8	42	-78	-6	-38	42	91	14	84	1	15	-2	-52	83	0	-15	25	-5	9	50	18	-60	56	94	-70	9	-64	-63	36	-30	61	-5	14	27	-16	-7	-45	-25	-26	-45	52	52	82	-100	46	62	-80	-54	-8	14	26	88	-22	-35	-57	82
1	42	82	-97	57	44	-63	99	68	33	15	-73	-93	93	-23	34	-38	25	-38	-62	-96	28	69	14	96	-27	2	56	-1	61	49	64	-13	68	-61	73	93	44	12	-12	37	18	-1	84	84	-27	-25	-32	-65	-50	12	8	-29	-47	-32	25	64	-95	-10	36	-49	22	10	94	-44	80	-51	-19	12	38	41	56	-62	16	-60	-21	-55	-16	41	-52	-44	47	100	59	71	49	-89	50	54	53	-20	-80	-88	-40	-8	9	-31	-63	-15	-36
43	-43	-12	90	16	-58	27	-92	63	97	19	-54	-68	78	22	-22	78	85	60	35	-45	77	48	-100	89	72	46	55	6	78	-29	-76	-72	44	12	46	98	-80	39	-90	94	-64	-17	11	99	-85	11	37	-89	-9	-86	54	-96	-45	-64	47	-5	-94	-6	7	53	18	37	-58	19	-59	55	-70	-63	26	-56	-24	95	-45	-58	-28	88	-92	-44	-55	78	-81	100	-39	-57	-35	-63	57	0	-76	4	16	-14	-95	-5	48	47	80	78	92
-96	73	-94	34	47	51	39	91	45	-37	-71	49	-85	32	92	40	-23	75	-14	-46	-73	66	86	-30	11	29	38	-7	58	-38	69	64	52	56	80	13	88	-37	-16	-40	-14	15	55	-66	-94	88	-33	-58	71	34	18	76	-66	68	14	-66	-5	-57	23	62	19	36	-60	30	-89	-22	3	40	64	15	-14	61	-93	84	98	58	-65	15	20	62	27	8	19	-70	38	-71	-75	44	78	61	-18	16	94	-58	51	-95	-14	100	-7	-95
-29	20	-22	-53	41	84	20	37	-63	22	-98	-19	67	-94	78	21	-92	54	43	8	-12	-71	-26	5	-12	44	64	28	37	-19	38	-29	46	27	71	-76	42	53	0	-54	90	87	-84	93	19	84	96	87	-60	61	-46	37	-96	-15	81	41	79	-71	46	-51	-89	29	88	28	-35	-4	-73	-58	-91	46	-39	-22	10	-68	-16	-22	-96	25	68	-8	-66	-95	-85	-47	-42	49	12	-73	-33	-87	-55	91	12	-28	10	26	-44	99	33	83
29	24	38	66	50	62	33	-22	-81	94	-81	-20	-98	-73	76	12	-96	-19	14	-39	-96	38	53	69	71	32	75	-58	47	-9	69	-7	87	-73	97	20	-95	81	-19	-16	-28	-92	-49	74	10	55	25	-53	34	72	-11	35	94	18	-19	64	-63	-30	-79	100	-96	86	-53	-39	-87	21	-56	-18	-3	31	36	-80	44	5	-26	-65	98	-13	80	94	35	99	-59	-81	82	-78	41	-78	-45	35	-17	75	-84	-15	72	61	76	-62	-72	-30
79	-1	-70	-57	-5	-22	-81	-8	-63	74	-14	78	-32	-25	31	-93	-30	79	25	-66	-58	-37	14	-88	9	30	-79	10	-14	-97	-47	66	-9	93	90	-77	-31	-32	65	-52	-66	-35	44	84	23	-5	13	-24	-15	27	-35	76	95	23	25	-51	84	-39	79	78	-67	-19	43	17	78	-87	-67	35	-56	34	19	-30	-67	-41	92	-9	83	13	-42	99	57	41	95	66	32	-22	-71	-28	-74	-1	12	83	34	99	32	-67	-3	100	-72	-18
30	-46	-31	-2	31	77	9	-97	-41	27	-85	-33	-62	91	-73	58	-31	-96	92	24	-16	34	-97	43	57	-70	-98	34	90	15	-49	-68	-17	97	-97	-86	-75	91	-28	-28	-51	65	-55	85	6	25	-31	14	-45	-18	62	-27	76	97	-67	85	-37	-98	-29	-1	62	-47	-39	12	-87	-11	-2	-45	-77	70	1	48	33	-16	-60	-35	91	84	13	28	-21	76	67	4	-39	88	-45	-49	-16	-18	46	-67	37	17	-59	-22	-76	28	57	-51
-38	-36	47	-87	34	-32	-38	-54	-10	33	-46	-84	-12	-30	-13	50	-51	-51	17	-50	55	-100	-91	64	-60	-34	1	-22	-25	91	33	65	-90	48	-58	54	31	-97	-6	55	37	-32	-11	-43	-3	25	84	54	6	-28	71	-87	81	81	-73	-62	-10	-5	-99	-45	-77	56	-33	18	35	-31	20	88	40	71	-26	100	-71	42	38	36	-18	72	-88	-94	16	51	100	-85	-96	-39	77	-30	-13	-43	82	-22	-55	67	7	-42	91	-11	-38	-77
43	36	9	27	-72	-39	-69	40	51	-2	82	96	81	-67	-35	90	66	34	-73	29	82	94	-63	-78	28	-73	-13	39	0	-90	-79	81	-8	96	41	10	-29	12	90	80	22	56	-58	-47	-59	25	52	48	0	-88	-20	-95	55	-42	52	44	58	21	-35	93	71	65	-4	-38	-25	-72	-3	-46	67	97	-20	89	-63	64	-65	-73	-58	61	-85	37	-40	58	75	-73	3	25	-14	-48	-23	-62	37	45	2	99	-8	-67	80	-96	95	61
67	85	97	41	-49	-92	80	-76	41	-91	13	6	63	-72	-63	-29	-19	40	56	51	-19	-75	-96	-56	-45	-33	-48	83	99	63	77	70	71	83	17	-64	43	51	49	-33	16	-79	-13	67	57	-47	-25	60	-59	-67	35	86	43	2	90	-67	52	-77	-6	75	-84	-79	-77	82	-39	96	-78	-30	-23	26	-78	75	33	19	-24	-2	-90	44	38	-69	-3	-23	65	35	31	-48	-3	-80	17	42	-7	-13	-54	-84	38	45	-89	-33	-88	6
53	61	-97	45	84	49	20	-10	-53	66	-63	-99	46	46	-33	24	-65	67	-82	72	86	-38	59	-38	-22	-89	53	13	35	79	41	76	89	45	-7	-86	9	-75	-3	33	17	-58	-59	-14	45	-96	11	92	-54	-1	63	95	-61	96	23	89	-46	-13	26	80	59	44	-23	-92	-84	35	-86	21	-2	-85	-19	73	5	92	-18	58	20	-48	54	-71	1	-85	72	69	-33	83	-5	-77	7	3	42	39	-5	-87	-41	44	46	-9	0	71
-21	-3	-43	-22	75	60	81	-93	-47	-36	90	65	-55	69	-88	30	-6	-23	98	87	-95	-82	-88	23	-18	75	37	64	-48	56	-66	98	39	-12	46	36	-77	67	57	89	4	-66	-19	10	17	-37	57	43	24	-9	-56	-79	-28	-4	-28	71	-56	-61	-60	-50	40	-9	-39	29	93	-68	-90	-57	-74	-93	-22	-16	-95	-99	98	75	-56	-96	-76	-11	86	-40	-88	4	-18	-7	-45	-2	-63	-2	75	-71	-40	-53	21	27	-84	70	-49	42
36	-13	-8	19	38	5	69	-2	19	-58	94	7	7	87	-7	33	-89	-41	-38	39	-79	-45	10	-8	14	-23	-84	-34	97	13	-10	-7	50	65	-12	-27	-62	66	0	93	34	-36	-87	8	-17	60	57	-76	-57	100	25	-62	64	54	73	57	66	29	71	69	-92	-57	-14	-87	-52	29	13	-50	-39	36	56	-77	85	13	-68	24	-53	-68	97	-45	22	-68	46	93	25	17	46	-20	92	-69	4	-80	-37	36	7	1	-94	89	23	-40
2	-7	34	13	-30	-75	39	-59	-1	59	-93	-85	75	-41	-44	61	76	86	-47	-22	-1	-45	-40	-67	24	-72	56	-72	78	-48	-45	-93	94	4	-29	-100	-22	11	-47	85	34	-31	-90	-58	-19	-88	-38	50	-56	-54	-93	-75	-26	-99	74	-82	-1	55	89	-72	-9	-17	-81	12	-72	68	-50	-34	-40	-28	-99	-40	-15	13	-43	24	-16	-42	-90	-39	75	86	60	89	69	-16	82	-86	53	56	78	-9	-66	-26	-77	63	-85	-58	-38	55
31	88	57	41	78	48	24	-45	86	62	22	-46	2	92	-63	15	29	100	-27	-67	-75	15	-11	-40	4	93	9	3	-88	54	55	-67	-89	-96	71	-60	-76	-34	69	-57	-79	93	-73	99	-6	-24	82	99	-15	-32	5	60	-74	-31	6	-94	-9	-87	62	-29	-95	-32	4	58	-3	5	-5	79	87	0	-25	89	27	82	-54	67	51	-2	68	91	-33	54	88	-86	-9	6	-50	-95	37	77	-48	-35	51	-1	-32	-46	58	-44	-3	77
-45	-57	35	34	-9	57	26	-63	-26	60	-7	-27	-40	98	86	36	-89	-85	-96	-94	68	23	45	-40	-36	-74	-77	36	-65	-38	40	-57	-62	61	-85	63	-57	80	0	-7	-58	39	-42	-28	-47	60	-1	53	-33	-79	-87	-67	38	-3	6	73	77	86	-2	-98	-85	-38	21	10	-96	20	50	92	-13	-42	59	24	16	-88	36	-34	38	83	-99	-90	3	-18	-90	-68	34	-83	-69	-98	-66	-13	-69	-71	89	92	65	-9	-17	-52	99	-82
-88	35	-58	64	-76	-60	1	-33	3	-39	20	-88	18	3	-35	13	-76	65	-26	-97	40	36	-24	-88	-61	59	-94	26	89	73	-56	86	-25	-81	-45	-58	-59	-24	-74	38	-89	-100	64	-23	-32	19	85	73	19	-30	79	-82	-96	-93	1	-84	24	82	-57	-56	-48	-18	30	75	75	37	-65	80	16	61	3	-78	6	-52	47	27	-42	-22	11	-2	-38	-71	-47	36	-87	-45	41	-80	-54	-73	92	19	-90	-47	-89	58	-48	22	-51	-53
-75	-63	26	75	-71	-31	51	91	-75	50	11	-88	25	52	75	73	-100	-12	20	-71	-94	60	-35	1	51	34	87	-23	54	28	-30	54	52	100	-4	47	27	-77	4	78	-60	-14	-66	-74	-15	-25	-49	25	74	44	86	28	-93	0	-36	-38	91	95	23	70	-29	-37	31	-98	76	-73	-53	-100	1	-11	95	-75	-32	70	98	-49	-24	42	18	11	30	80	77	-24	-65	13	8	-84	-31	71	78	64	66	34	-57	47	-97	-62	47	-85
-89	-83	-94	60	-29	-25	-14	-68	-8	12	-31	-86	17	-62	31	29	0	83	7	90	-45	-95	-47	54	-48	12	32	-40	-67	45	63	-72	78	-62	-18	-55	66	26	65	-99	66	-26	-90	0	-41	90	83	58	26	-88	-69	-24	9	85	48	-29	31	52	-26	-17	-66	34	75	-35	-14	-96	25	50	-27	10	-37	-19	-6	-1	-81	-76	-34	-38	39	-8	2	-36	76	-26	61	-13	-55	14	-79	-45	37	69	43	-74	9	-63	-75	31	50	-52
74	68	18	26	4	-78	33	-72	57	-17	93	-61	-54	8	-30	73	-73	-36	42	-91	-1	35	41	24	-21	30	12	51	48	65	-2	-98	-32	71	33	25	4	82	-46	-51	-96	-11	-89	63	-90	9	99	-16	-13	-3	-57	42	-68	-16	-18	59	-34	-10	6	40	-50	5	94	4	98	77	25	66	52	82	41	-22	-62	58	-99	60	-8	-81	13	-63	49	67	-47	-88	-74	-62	-64	86	-99	47	-53	-54	88	57	45	92	52	78	39	91
45	16	26	-51	4	-12	-35	-12	-87	-98	12	-18	68	-87	-69	-89	-31	-44	-49	80	67	-63	67	-57	50	-74	89	-99	48	34	-53	-96	89	-71	-37	-11	-100	-95	-13	16	18	-18	-56	-21	-100	-58	-52	77	0	91	90	-6	1	-90	71	-33	-98	-68	-54	-97	-50	62	-12	-88	-69	45	72	-95	-25	-7	-25	-43	72	-91	48	58	-97	-72	24	68	-27	-50	-74	-31	16	2	-69	17	-35	-79	-27	-1	-90	-60	41	-55	83	66	51	-6
-54	2	65	-59	28	-83	-80	15	-27	-43	-85	64	-15	-39	42	67	-13	-8	-96	-76	71	20	-38	17	30	-62	-91	84	99	-47	-88	97	-53	-82	56	-88	70	-3	43	-26	-59	-23	-26	-21	-87	-12	96	25	-77	-35	13	-57	-2	-43	43	-11	-95	59	-52	76	58	78	6	-63	-3	36	-4	91	-49	77	66	22	-18	-60	-43	-2	-47	36	-19	70	-33	-67	-81	18	-41	-41	96	-94	-37	71	3	-25	-43	92	98	-9	13	10	62	-29
54	89	99	-6	13	68	-83	-43	60	16	7	-10	-89	-54	-50	12	81	3	58	76	94	96	9	65	92	31	-27	-30	42	54	-71	44	25	81	-47	78	-11	-51	23	89	-36	39	95	-16	-11	72	66	-60	-6	-63	90	-44	-64	47	36	76	80	39	-45	-42	-33	-47	33	50	-81	-76	94	92	84	64	-91	76	-69	79	-82	79	94	-27	-8	-29	90	38	51	-85	-74	63	-77	-13	60	15	61	-66	85	31	60	44	79	-45	21	-51
-41	-97	-79	26	29	86	91	-18	-98	-40	-29	18	-74	49	-12	71	-15	-87	-59	-28	24	-86	-8	-72	-28	-77	87	-47	-53	95	-89	-79	5	-65	73	67	25	-28	76	-83	75	29	-10	-55	83	-19	-30	70	73	52	-63	99	-22	-13	-71	-73	-3	-17	0	0	83	-97	91	-65	-17	-44	-40	49	-88	29	54	31	-27	-38	34	-70	2	64	15	-46	15	-49	-35	-93	36	53	-45	71	44	98	59	-76	-78	-46	5	50	97	24	-21	-68
20	-42	-1	28	69	-20	46	16	-47	-21	65	59	12	-55	-95	-7	-92	-38	-44	-30	79	6	46	2	24	35	95	79	40	67	-54	73	-3	-3	-27	32	-83	99	39	21	-64	91	71	20	85	-73	87	48	4	20	-81	-93	63	-62	58	92	4	-94	-82	41	50	-13	-27	-73	0	-89	32	-49	79	30	-15	-32	42	-80	-93	-74	32	-47	-96	-23	-34	0	69	45	-48	26	39	-40	-96	16	30	6	0	93	87	-68	79	-78	85	-58
-27	-56	3	92	32	84	81	86	63	8	31	22	4	-31	-36	46	63	98	-90	-8	78	-67	-4	33	-68	58	26	-24	71	-10	64	-89	-32	90	-29	-8	-86	-40	57	85	38	90	-93	29	-43	-82	30	14	-18	-33	-10	-33	50	2	99	0	-42	-53	-49	-61	45	-11	-53	44	85	-44	-37	-96	21	99	-99	-83	73	-60	-45	14	-68	81	3	-24	38	-8	4	61	29	21	91	-71	-38	-4	18	72	36	-7	-37	34	-26	71	-44	63
-3	11	-58	-10	-45	47	45	-93	83	-95	-87	84	-37	51	46	-61	-79	-5	15	3	-46	39	24	-16	14	66	26	-32	-90	81	-78	84	-84	37	-30	-27	76	35	10	-26	72	-50	3	-47	-12	34	33	75	43	71	57	20	11	-63	-45	45	-66	-66	48	81	-46	74	80	93	-56	63	32	75	-71	77	-55	-97	94	91	22	-98	79	-8	-10	-39	-53	56	18	100	-79	-28	-22	-92	-99	26	68	51	83	2	84	33	65	-32	-15	86
-44	36	-11	17	-94	-63	-33	15	20	-73	-43	-78	72	-29	42	73	-35	100	42	90	94	-47	64	-60	55	-64	32	-60	71	-7	21	-5	89	-34	-33	24	-45	-49	5	-50	39	-50	17	-68	35	9	53	-40	98	34	41	-59	42	-40	87	-96	-74	-69	-48	-51	-72	95	-58	87	96	83	-17	-81	22	26	-98	54	-98	18	-17	-3	-52	93	-12	-98	2	-17	8	1	3	-13	36	-2	71	35	19	-79	-66	-26	-88	-48	69	93	-7	-21
-6	74	70	-4	78	-57	-31	-97	-17	15	-19	-36	61	53	9	95	93	-88	24	47	79	77	-31	-93	93	68	42	-70	50	-56	-42	51	-71	41	-61	12	0	-48	-45	-41	-37	-62	-13	67	-9	37	51	45	52	-61	43	-93	-72	-76	-92	88	66	-65	73	98	-5	10	3	85	-57	-25	42	-8	-13	55	-76	75	68	-64	-92	16	-77	-13	-36	16	37	39	6	-82	50	51	19	5	25	-4	-5	85	-2	85	53	92	99	-36	-38	-31
-21	-90	-93	10	-67	-69	-69	-79	58	-31	-27	99	42	-30	15	-26	-18	-73	-94	-12	30	-95	12	-54	84	7	-41	-38	65	-46	60	74	-59	72	32	-74	58	82	21	30	79	-12	-70	18	-37	-88	16	-20	63	-60	-63	56	-30	-63	89	60	-38	-39	57	-3	67	-72	-45	87	97	22	-66	-95	-22	-67	-87	-70	-2	-35	-58	-23	-35	90	66	23	35	-96	43	88	90	34	93	-76	-66	95	-16	27	99	38	-58	-72	19	16	36	-89
15	74	-6	75	14	-89	-3	-5	-13	-87	68	84	-41	73	6	-83	14	-5	8	27	59	45	5	39	91	17	-9	9	5	-70	-69	-32	-98	-79	91	-14	53	44	65	-86	85	-28	-19	4	-95	80	97	-2	36	-83	-85	25	95	-38	73	57	26	-19	9	-56	1	-48	60	22	79	37	-94	-14	-41	-24	-59	63	-83	12	32	-54	-76	35	-56	70	-26	22	79	-85	-21	-21	73	-47	-37	-23	26	-97	-80	50	24	-93	22	56	57	-77
2	26	97	-58	31	43	-48	77	-99	9	85	97	-75	92	40	58	-33	9	75	-45	96	31	5	86	4	-16	23	-28	93	79	-65	-87	60	-45	-46	43	-61	-74	-3	80	-13	57	-13	22	36	61	-72	84	84	47	-26	-87	91	15	51	-68	-34	-69	-5	-30	-45	-49	-47	8	-73	1	82	82	-21	23	-23	-73	-26	24	-46	20	38	-7	-45	-46	-27	-5	-10	22	74	69	94	-71	-98	-46	-3	-37	-21	-5	19	-97	91	45	-95	-76
-77	60	25	-51	-27	-5	65	95	-90	62	19	-54	-16	26	33	-24	-64	12	-48	-31	29	54	95	-79	24	-35	-56	-14	71	-73	-17	58	-78	77	-95	-11	44	96	-38	2	2	-59	-6	-50	65	46	16	-37	80	-2	-100	6	25	61	27	-8	-78	-74	56	54	93	78	-67	16	-66	-16	45	52	79	-95	-99	29	-28	-82	48	-72	38	10	-49	-2	99	-72	68	96	-4	43	50	-58	0	-53	-84	48	9	-54	88	60	26	90	17	-89
-17	-17	47	23	-70	78	-36	46	-30	66	-85	23	-30	92	10	64	-87	-62	-57	-24	98	41	11	29	39	-24	57	7	-76	-15	78	69	-72	-93	-37	-80	-38	-65	-87	19	-2	-83	89	26	98	46	75	-29	72	-86	22	21	13	87	-42	26	-51	16	-33	-54	93	40	71	4	-6	-19	-40	-83	-8	61	-73	72	-24	86	-96	-33	-10	-66	36	91	-14	-87	48	-88	-63	-87	-64	-3	-29	-84	-42	-68	-66	-21	-7	17	51	-18	21	12
-43	-2	-24	-45	64	33	91	-53	-79	78	90	-90	-79	51	-46	-89	37	66	-40	56	-85	-59	61	51	-55	91	-9	58	-80	76	50	53	49	2	-10	-75	64	45	-17	-71	81	-67	18	-23	-13	-91	-62	-23	-36	53	-1	7	-58	-26	-28	-77	76	-39	30	17	81	77	85	-66	37	-38	29	2	-14	-44	15	49	89	87	95	-1	62	35	80	-95	62	-97	-49	-83	-76	26	24	-91	38	95	-40	94	-63	-24	64	26	-52	-1	52	-22
73	68	-18	33	-81	-16	58	26	-82	30	69	66	57	58	97	-13	-27	64	10	-53	70	-28	-95	-60	-53	45	-71	-33	66	-91	33	-96	63	-53	-9	-95	13	92	33	-80	63	-52	87	26	14	-30	9	76	18	-61	19	-71	-63	38	-70	23	-11	88	38	43	-28	-80	-46	-52	54	42	2	-30	-76	49	-21	-20	-66	-100	-5	61	96	4	52	-11	-74	-55	-52	-43	90	-92	96	72	12	-29	-69	-39	17	-10	-12	32	5	67	57	20
-82	65	-3	-62	18	-15	43	10	34	74	-51	-98	52	87	-75	-16	-4	87	-56	-33	12	46	-79	32	48	96	-3	-81	94	-60	-87	-81	28	3	3	-12	-28	12	46	-27	-43	-59	53	39	73	69	89	-44	-64	6	-90	14	-79	13	-76	13	77	6	-62	-66	-87	-43	84	37	97	-42	-48	4	-83	-41	5	-65	-3	-95	96	73	-22	54	84	4	5	-5	-28	-28	-65	62	76	-15	-76	-38	-14	59	83	40	63	-11	12	41	98	24
-23	59	-14	64	44	49	10	-8	-50	77	-22	60	70	15	86	10	12	-51	-7	-62	-66	-8	-11	14	82	-43	98	15	-2	-21	-82	-39	-73	68	-46	-29	13	-83	-67	87	15	-66	94	-77	-85	-71	16	8	63	-51	4	-71	3	-3	33	-76	100	-4	-32	-79	-66	61	13	67	-96	56	71	-49	-6	-96	-15	4	-37	-30	-49	-43	-61	-94	-63	26	-97	75	-96	-90	54	4	-67	51	98	-18	-51	-26	-99	-96	9	-27	28	-74	-75	95
20	10	-23	-95	-10	86	-54	41	-16	71	45	10	-24	-96	-84	42	87	39	73	12	-94	81	37	-40	38	-73	28	7	-47	5	43	100	42	57	55	87	56	-96	-69	91	61	-79	-50	37	-55	-26	-45	-85	-80	71	-46	-37	-64	13	-7	-38	34	53	98	83	-22	14	-80	21	66	99	27	-18	-85	-48	92	-92	-91	-80	84	16	60	74	34	-78	48	87	-33	56	-10	45	41	-21	88	-87	-57	98	55	-64	86	-86	-86	22	4	-91
8	-64	-12	9	-10	-38	23	-74	56	-67	-3	72	41	0	81	70	6	-48	-70	-55	-23	-87	-13	55	-5	15	-91	-34	87	32	88	-10	30	21	-49	-33	41	77	33	-46	-31	-80	-38	-77	-39	-40	21	75	-20	-37	72	30	-8	94	69	25	-100	-27	-87	-24	63	40	-4	37	-4	-95	-52	89	67	16	30	72	57	-84	-7	-100	-63	-78	96	-32	-71	37	-16	59	37	-32	100	54	38	-48	57	-22	-4	24	93	-21	-66	-64	-7	-66
79	48	71	-63	100	77	16	30	66	71	-89	4	15	30	-20	57	-44	-1	65	-66	4	-3	14	-67	40	-42	-22	85	-38	-89	6	16	-12	-85	18	81	-77	54	-53	21	-59	-32	-37	-99	3	83	1	77	77	56	-20	-16	82	-26	-59	-78	48	-25	25	-55	21	70	8	0	-23	-61	-39	86	26	88	53	30	-81	89	-63	-52	-89	-3	80	-39	-45	-31	30	98	-79	-75	40	27	-55	73	39	-19	-55	48	62	23	-18	-82	14	46
62	-69	88	87	25	-35	-3	-67	-4	9	-94	-70	80	-60	-99	49	35	47	12	-44	19	62	-86	70	-86	-100	-30	-46	-66	76	-81	99	59	32	58	-78	89	11	-79	85	-54	70	37	67	-46	-26	57	56	-43	-10	73	-62	-38	-48	-86	-87	-34	21	-72	51	-6	97	-3	19	-8	23	61	20	51	0	56	68	59	15	-66	-77	2	47	72	-27	88	22	34	98	-38	-7	59	23	-25	24	-24	-85	-88	-60	45	-67	-9	44	-92	91
-22	-18	-59	-56	-8	-28	-8	99	-31	33	-87	90	69	58	68	15	88	-44	41	-54	95	-26	24	16	65	69	28	-8	-91	-92	-73	-87	49	31	-93	-92	15	-73	-64	73	-97	-77	27	31	11	20	-47	-56	37	99	-40	-13	94	26	-18	-41	54	-15	30	-29	18	26	-52	-15	85	-40	-6	-77	56	23	-77	38	99	-32	34	-72	15	-5	21	-39	-24	-77	-83	-42	-32	-44	93	-95	-24	61	-46	-68	17	-17	92	-96	-78	14	96	-9
25	89	11	79	84	-71	23	14	85	-69	71	-76	-98	-24	33	-83	65	2	-76	-48	85	2	-34	46	-36	-88	-23	71	2	-44	27	99	39	-60	-44	54	-70	80	-39	-34	-37	-34	46	-47	51	-58	23	20	20	7	87	79	-3	-58	9	-7	25	-51	-66	91	-3	8	74	-59	18	-14	-88	-41	-39	77	10	64	71	64	-16	50	-85	-95	-19	-2	-85	79	-28	47	-14	22	-56	39	-85	-37	31	-96	80	-10	87	-44	-1	86	-12	-45
13	18	-7	-94	22	-24	-95	-7	-62	44	12	75	-14	-55	-82	99	84	80	-95	68	-82	-96	91	-47	97	-28	-27	1	53	26	-65	-63	81	-67	-82	0	7	50	-95	-8	78	-72	-65	5	-3	-80	-13	-18	22	53	-16	20	93	28	49	-80	91	29	-100	-87	49	78	-84	78	-64	-85	-84	-32	19	43	-26	51	-12	38	-10	-96	-2	62	84	45	76	66	-20	-17	-96	60	-88	79	88	62	3	16	98	85	64	-2	69	-61	37	57
