81	17	54	-37	-88	-99	-61	32	-30	54	-7	-44	-57	2	47	83	-62	-81	-84	47	4	-76	-62	-50	67	-54	39	47	89	72	-90	-4	-21	-24	-45	54	100	-40	-49	-98	-41	48	-55	50	96	-90	-46	66	74	-25	42	-29	-46	-88	97	-91	71	34	-58	92	52	3	-76	65	-76	92	12	83	3	-80	-67	-21	49	-23	-60	-8	-45	5	-46	23	-53	-98	-38	-87	96	-68	-33	35	-63	-48	-87	77	44	-23	-11	62	49	22	11	8
83	48	-20	-77	24	14	17	-69	92	79	86	-67	23	20	53	38	-10	79	30	-91	-8	-47	-48	-3	-30	-63	66	-3	16	95	84	75	80	50	-16	54	-86	-81	-8	13	6	-5	28	2	-14	-88	6	62	81	-20	52	41	-18	1	-21	83	-97	88	-78	65	71	4	-43	65	-9	-94	-38	-13	12	-18	8	-61	-69	77	-97	96	-56	-32	33	84	21	29	33	51	76	99	-96	2	63	-91	31	55	-57	-94	12	59	-35	28	56	-97
-95	78	-87	-11	-48	42	-97	-36	61	-45	-77	28	94	30	69	49	23	-82	52	57	2	-100	-74	60	-23	1	98	28	5	-58	-22	86	-29	69	45	-43	92	-84	46	-31	-46	93	-57	-90	82	16	-90	60	-41	-84	-18	31	-76	52	-89	-57	96	52	-6	56	42	-3	-12	-48	-93	-21	96	-46	-76	65	-23	-54	-7	55	-79	91	-53	12	-29	-45	14	-53	-69	-91	57	-7	82	-82	-21	-1	-66	31	60	25	88	24	76	48	-53	64
14	96	95	-94	-24	27	36	-5	-30	-24	-76	64	-91	-11	-56	-68	54	37	-94	12	97	46	3	18	9	45	-6	31	-34	-17	-60	-62	-16	4	-93	65	16	-8	-4	2	-56	22	3	-77	-46	-21	63	-14	89	55	-40	-10	-87	8	-41	44	-33	50	-6	54	34	99	-39	81	-3	-76	38	-62	1	-87	-23	98	-91	77	-98	38	-5	83	50	-56	-51	27	-9	2	-77	-7	8	-49	-53	82	96	66	93	-91	-43	-22	96	88	22	43
-61	-66	-58	-83	99	-3	5	-85	23	71	47	-73	34	12	-27	-82	-49	48	-22	-84	33	-1	-9	26	-45	-40	30	18	56	-36	-58	-50	-41	-33	26	10	97	-80	93	-74	-85	85	81	-99	5	31	42	-19	28	-98	57	-62	-92	-56	-74	-37	44	-10	-59	31	18	-65	-9	-42	-23	-24	93	-11	94	-77	-87	29	15	64	-71	98	61	-18	45	31	99	-28	95	90	-57	82	27	-29	16	5	57	21	68	-9	98	90	-97	-14	-20	90
47	79	-93	-91	-23	-59	-36	-96	-88	16	91	47	42	46	-30	-12	-46	18	-28	85	-15	46	-1	45	-96	99	-72	-42	-35	85	31	-22	8	11	28	35	-20	-67	-19	27	-26	-20	-72	-93	-61	23	90	-76	77	-84	-53	77	25	-36	0	19	-45	82	-49	13	75	-79	15	68	-39	98	-33	52	-9	91	32	37	-60	-26	43	0	-76	-41	-25	-8	-82	31	-75	-15	-28	-1	16	84	-90	-50	31	-8	37	-33	23	26	35	-67	27	10
-49	69	20	20	-56	-58	-99	100	-42	-28	-10	-29	31	68	37	57	-59	53	89	49	-83	-48	-62	-40	77	-14	97	-54	-80	-43	87	-27	46	50	86	-30	97	10	-57	90	13	-25	8	-78	87	28	88	23	-51	-87	20	87	-26	57	79	-23	80	-28	35	79	98	-37	35	-25	-56	-18	61	-79	74	74	15	67	97	-82	37	25	82	-68	-25	97	81	37	80	-98	-13	50	-32	6	-29	23	-75	51	0	20	20	-76	-68	-68	75	-78
90	-89	80	-89	-18	-69	5	-25	-44	86	51	-94	-81	12	60	11	62	36	58	27	95	-67	-3	-77	-72	98	22	-60	-33	3	4	53	100	98	-25	-51	-7	-1	-65	-46	70	62	65	-8	35	18	-9	27	-40	-56	-35	-18	9	-78	32	-72	46	-32	76	-27	-10	-13	-90	25	-14	92	-23	-79	2	18	-88	50	-17	-42	38	68	-75	3	57	-37	-70	95	7	81	-13	50	80	-16	92	26	-83	68	23	-81	4	71	92	63	9	-8
41	20	-31	37	82	-51	-23	17	-97	79	-42	47	65	-6	46	78	-58	-16	-92	-77	50	-60	-1	73	-27	90	29	-25	-79	11	-56	-56	-97	-52	-22	-53	11	70	-38	-53	-73	9	46	-15	1	-19	-52	-89	13	5	-45	1	12	-91	100	14	74	-17	-89	79	-47	74	-88	75	-50	86	-17	72	90	67	-12	19	-36	-25	-29	68	55	-33	84	-66	-69	-64	-94	-97	-98	64	-84	-28	-50	-3	-68	78	40	-42	-20	97	-69	95	-57	-40
86	-21	76	88	-61	-54	26	-2	26	-32	19	-24	44	-6	70	-26	-31	-73	28	56	-45	-20	-5	-93	17	-21	-9	28	-61	-18	11	-96	30	-75	85	-57	-94	-19	26	-47	75	62	69	-58	-71	-8	-74	-33	12	53	52	37	20	39	-43	-16	95	86	95	92	-63	60	39	90	1	-57	23	72	59	-74	-13	36	-32	32	44	-88	-46	45	54	74	70	-17	20	-30	-32	2	63	-95	90	33	1	27	-7	34	-38	-12	-35	81	96	-77
-98	1	-100	-57	26	-78	-73	-4	-49	99	-78	83	5	-30	0	-98	54	-45	24	-97	57	2	-81	-60	79	-84	-26	-15	35	32	-93	-52	-97	56	-98	98	-62	78	96	-51	-100	46	-88	76	54	8	-71	-37	-51	-86	-35	-39	-15	-99	-60	-73	-85	1	37	23	89	86	-26	-3	-87	34	99	0	38	73	67	18	-50	-99	-44	28	-79	-40	98	34	-4	-65	46	4	23	52	-59	-74	3	72	27	62	-27	-38	-16	-29	-96	55	-3	-63
-85	1	7	27	-7	62	-16	-82	72	44	-16	83	9	87	95	-3	55	-62	-81	81	-45	-71	-70	83	65	68	8	-74	-18	74	-29	-78	50	-53	-13	80	-9	-93	-59	-92	54	-35	-17	1	27	-98	-68	9	-69	-26	59	53	-74	-61	11	94	29	99	35	61	4	-84	-32	-50	21	2	74	-52	-52	-88	95	11	-78	-42	39	2	71	62	-25	-91	96	-51	-39	59	82	-22	74	-61	-36	-72	55	-5	23	-66	0	23	54	-11	20	-5
73	6	77	-16	93	-50	3	-49	19	72	-68	2	53	39	32	70	-67	-28	80	-35	-90	-48	23	-25	48	20	-71	-96	-87	-54	41	34	94	73	-71	99	-82	94	-96	-42	47	99	-18	42	81	-33	4	-67	38	-8	-88	38	-95	-12	79	47	-40	-22	-69	-52	-16	38	53	68	-72	-53	5	-11	3	35	45	2	-22	-46	50	-40	-9	34	43	-93	-97	-47	87	-21	-76	-54	38	-71	-45	90	92	-75	-94	41	1	-72	56	-30	-74	-70
-91	-11	-90	97	23	27	-12	-60	20	-100	59	50	-35	80	-98	-83	75	-90	84	20	-8	-90	-8	-77	-32	-60	47	-50	-71	68	-45	57	-88	-71	1	0	26	-33	-87	-99	19	-81	-89	0	82	84	96	-31	88	86	-37	43	-17	-69	12	19	37	-61	-9	25	16	60	-61	-18	73	-9	27	-8	-72	-97	-11	-24	-88	40	90	28	-25	-64	64	92	95	-84	-65	2	-67	20	17	15	-15	22	-55	96	-91	74	-64	-85	73	93	-42	67
-15	-42	-94	38	3	19	-46	-13	36	83	78	-93	98	0	76	26	78	-51	-61	-16	60	-34	-75	87	26	45	-93	44	-35	72	-71	-62	15	-81	48	-82	-27	-45	64	-83	82	47	28	-84	-49	-99	79	56	-96	45	27	28	-53	62	21	-60	23	-98	-82	25	-76	-61	53	88	-38	53	40	-84	87	12	75	71	-83	73	-93	56	8	81	97	77	-42	-53	-26	65	5	16	73	-66	-25	36	-17	-28	-94	23	-18	67	-66	-19	-98	80
4	-7	49	-2	-55	32	87	-13	-46	-94	-21	-50	-25	86	84	-65	58	-58	-23	-17	-80	63	-70	70	-84	65	-40	-64	49	28	-13	-37	-25	20	2	68	82	77	-75	66	0	10	69	-9	64	79	-37	-92	-57	83	0	-55	25	93	-13	43	50	-92	31	-65	-45	63	15	45	40	-28	-11	60	50	-5	52	-36	-66	57	-41	73	56	16	-92	-32	-94	8	-69	-93	-86	10	-23	95	-80	-92	-37	-52	-12	99	19	9	45	5	-43	6
-45	-26	100	24	24	-59	-60	29	14	23	-43	-2	71	6	95	-49	-37	82	100	-49	84	-31	36	34	26	-11	-85	68	42	47	71	-81	39	-38	-70	78	41	6	43	-23	90	-18	-25	8	64	-10	-2	-22	95	-84	-35	-38	70	7	-57	-63	-65	-7	-3	-64	-42	77	5	-79	48	-66	-61	41	-81	92	76	-15	100	64	78	33	61	-90	-24	50	3	-71	-89	-59	-48	76	-80	42	-27	95	-12	-41	-35	5	81	75	1	-31	43	-50
34	8	20	32	79	-2	25	0	-34	-29	63	34	-16	-44	52	-74	-14	-46	-64	-55	98	18	-7	64	61	-83	29	38	-70	-2	39	66	67	-42	60	-72	41	45	85	13	28	86	96	-28	50	-3	18	4	28	10	63	84	51	-58	2	99	97	15	-10	-55	94	4	57	-52	-68	-64	49	52	-68	-79	72	46	-82	-81	-32	-50	34	-25	70	42	30	29	-71	-56	76	-48	-6	-5	-12	70	-37	-65	-25	40	-72	74	51	16	-10	-39
-44	68	-52	84	38	1	-86	-41	-71	45	-96	91	5	100	46	16	-9	69	-97	-68	-16	-70	97	96	-2	-2	52	37	98	71	-39	-49	34	-13	-84	57	-60	-21	94	-2	5	-79	-97	-21	-46	-74	-88	81	41	66	-34	60	-91	-7	-85	51	-78	14	-4	47	54	78	30	23	97	-44	13	13	69	46	-95	-71	-97	-26	-7	21	-67	-47	90	59	34	-32	3	95	-27	5	-18	7	27	-13	-6	-9	30	74	-32	84	-30	-65	45	-21
48	80	78	-21	-64	-2	-90	-57	65	38	-1	-9	91	47	52	-31	-23	-92	-30	-79	86	12	-31	-59	0	-25	43	39	71	17	-83	-91	20	93	97	96	85	-81	-31	12	-53	78	-20	78	-32	-24	60	-12	18	81	-97	-49	86	95	21	-32	-13	-49	17	-100	47	93	38	-88	-35	-51	-24	54	42	-61	-79	-100	95	-18	-86	36	4	55	12	-57	-49	-48	-77	-21	78	-76	-4	93	-1	-50	93	66	6	20	70	-49	-79	-39	-77	-97
43	92	-59	-14	-19	-8	44	62	25	-48	-6	-71	63	1	-79	-70	-92	8	-14	-1	100	44	-74	-58	-38	-99	96	1	-58	-80	58	-55	37	62	-61	-3	63	-70	66	-4	27	-36	-72	64	9	-76	16	-5	24	-94	-91	31	60	42	-88	98	-97	-19	-28	9	34	-64	-10	-38	83	-46	58	72	77	-8	85	-21	-34	42	-17	-28	21	-58	-15	-12	45	-55	-77	80	44	42	100	-72	99	85	-100	95	-66	13	-41	14	-59	-93	84	-60
-87	-85	48	-84	17	10	78	67	-57	50	-23	18	-86	42	85	26	95	89	11	-94	72	87	0	44	19	-100	97	-23	-60	-64	-53	-23	14	95	16	33	-84	22	1	-44	-19	81	-35	-42	-24	-64	-42	-39	-84	65	-89	-20	-74	-73	-5	8	17	76	-6	-22	52	17	10	48	-49	-23	7	16	66	-85	26	34	60	-79	48	-89	24	42	90	-47	-100	-91	-44	64	59	53	92	-44	-95	22	-78	-42	-68	75	-46	88	21	-79	-14	-4
-51	95	-70	9	81	-83	25	-7	41	-22	-89	16	48	2	89	-10	26	-82	85	67	26	34	-65	-25	96	61	-4	-50	89	21	-26	-49	67	7	-11	-39	0	-74	16	-16	-59	-36	87	-7	24	96	32	-78	46	11	-79	15	-59	98	90	-14	-68	75	-40	41	-67	64	-47	5	-61	-46	31	-43	-33	-71	65	58	48	-51	60	-62	57	20	-27	-37	-26	56	44	-87	-75	-59	33	82	-73	22	-85	-53	-73	6	-64	37	-28	7	16	-74
47	-10	-79	40	-94	-36	-19	-24	-4	-98	-60	59	61	-78	9	-15	30	67	-31	12	69	-79	-88	96	-90	-99	62	87	-63	-17	-39	-49	-61	16	-22	24	75	3	-75	88	-95	55	-97	-63	15	32	0	-40	-40	-6	-40	98	39	-22	54	-7	29	4	-26	50	40	94	33	-32	7	-33	64	-73	37	42	-15	-2	-39	-22	14	-23	97	-100	72	-37	66	-36	8	-52	56	-44	50	-37	86	-25	-11	6	54	72	-83	68	-35	-83	51	-99
-34	-39	38	77	50	-15	23	-2	70	2	17	35	-48	-70	-94	-78	-80	48	3	-17	-10	7	-98	55	2	83	33	100	73	23	-43	5	-74	37	89	-91	10	-15	-42	-26	-24	68	-49	-97	-40	-89	-88	38	-54	-84	-46	-9	-62	37	49	78	34	-38	66	-90	-72	78	48	-53	-17	90	28	57	87	96	31	-31	9	-74	-23	-77	-20	11	52	27	75	-48	14	-76	69	50	24	60	77	80	99	80	96	-16	-45	-6	-70	94	83	48
-33	-68	-42	76	-97	5	2	32	37	-85	-16	-58	-35	-87	-44	-92	6	87	-71	68	4	94	67	49	19	-85	-1	69	92	52	-19	-87	-93	-11	32	-100	87	18	-65	61	-50	8	-7	-11	-6	15	-86	-100	99	-12	-75	7	27	-78	45	12	-83	12	62	14	85	-80	67	70	-98	-9	61	18	-94	18	-24	-28	-38	7	-30	82	-92	-98	12	-43	28	-6	84	21	29	-62	-15	-81	-96	-22	75	-55	31	84	-62	-18	10	-10	-6	-6
-52	-13	-78	-71	48	62	87	41	-31	74	79	-18	-74	-59	18	-92	-4	-3	8	42	55	-97	82	-57	96	-7	-16	-69	55	75	-48	100	43	61	80	-85	59	54	71	47	-14	-74	54	65	42	2	51	29	10	53	42	89	-93	88	-11	-58	1	-2	-79	-40	71	14	83	-14	63	69	-18	84	12	65	62	46	69	-6	23	-56	-45	17	72	-41	-23	-53	-50	94	-6	-18	34	5	54	-33	91	21	58	-77	11	-85	-5	-35	-83	40
-82	64	42	-90	37	87	87	-52	-92	-66	95	-4	73	-43	-98	-41	-61	0	-22	46	-8	36	10	37	-15	97	31	89	-32	24	98	-79	91	26	69	-4	-74	30	-12	-72	-93	-19	-83	-28	-43	93	-29	-68	23	-19	-8	47	96	-100	-6	-24	99	-15	76	-83	-19	-99	43	7	-62	-26	-53	65	40	-49	-88	36	-49	-77	-60	64	-74	-33	-66	78	96	-36	-29	100	14	-90	-19	-56	74	-61	-22	55	-4	-11	12	-6	-52	89	1	25
40	48	99	-51	-86	-57	60	-52	-21	-35	-14	70	50	-11	56	-82	-80	-37	58	60	-4	-17	-20	52	51	82	29	-87	0	80	76	85	-64	-2	81	77	-33	-83	-23	53	-38	31	-3	28	4	-28	-87	87	-36	-95	-42	-78	-65	90	-5	-58	5	-18	18	-89	-3	-60	-44	12	85	-34	-87	-1	-47	92	-58	-49	-37	-85	38	-72	-99	-56	-30	45	68	-56	21	47	-59	-88	51	-26	-39	-61	-82	-65	46	-100	87	-29	-77	83	-20	-86
47	31	-57	52	4	-50	-40	78	-74	74	39	7	-35	25	-72	44	-75	-99	-56	-55	8	-44	82	-65	-79	-34	87	-72	57	-45	-33	72	-18	45	-71	56	-59	-95	-72	-40	26	-78	-76	74	-24	-42	43	53	-31	-96	80	25	-94	89	3	48	-6	99	-12	38	75	4	-45	-76	47	-92	-86	84	45	-70	-71	35	-61	-28	-73	79	21	-59	-47	1	-17	-80	48	-35	-7	13	67	-84	60	-85	75	-67	79	35	75	-10	-27	31	-45	66
88	81	64	9	-60	-84	-96	-22	-85	-53	-43	-52	-94	-53	33	43	98	73	94	16	-45	-41	56	-10	-73	66	88	29	-44	-40	-69	-11	-86	-85	-88	-18	73	-2	-12	32	-14	-35	-73	-47	74	-68	81	17	76	55	61	-38	21	31	-73	48	-37	-44	-16	67	92	-61	61	7	-46	-68	6	-89	5	-52	-41	-14	-84	-85	78	-78	85	-36	40	64	-68	-94	63	-26	62	59	-45	22	0	-19	-12	-74	-95	65	-68	32	32	93	-6	-6
68	-17	-45	-97	73	-44	97	-99	-55	-31	76	-19	76	14	-27	23	-36	-24	-69	-88	8	-97	42	32	30	-80	78	65	-76	-66	51	-57	-20	74	-65	41	-37	-39	48	86	-95	-89	-100	21	51	16	-17	-26	-27	90	54	90	63	-35	48	1	100	50	-96	-72	46	-63	-6	-27	-66	-47	-36	69	39	-94	88	25	-7	1	39	32	-23	-16	1	-4	49	70	-61	52	24	98	69	-43	5	28	-36	-58	100	80	92	-16	-43	72	58	-72
12	-21	7	-39	-83	-100	16	90	36	-48	-32	90	47	15	-3	39	4	60	7	-67	-58	44	-72	9	-5	98	-55	49	-79	43	94	50	7	62	-58	-8	74	22	-30	53	25	63	-38	-66	94	-93	-71	83	-73	89	-31	-56	-29	8	-57	-19	-7	43	-48	-82	14	56	65	30	10	41	-33	89	41	82	-53	70	-93	27	-25	-59	-9	84	18	40	-76	-42	47	23	58	62	8	-15	66	-99	-2	-16	0	94	-82	67	-39	-13	-96	-45
54	17	-63	-15	76	81	-32	-19	-24	71	-94	89	-38	-86	-82	-45	-65	28	42	8	-47	-23	-30	25	39	100	99	-80	-79	-59	20	-14	51	2	-30	77	69	-11	-99	5	89	52	89	-83	36	-59	4	-72	-3	20	100	-1	81	-37	-76	98	22	6	-77	14	58	-4	-92	-38	-85	89	94	46	32	41	7	65	-66	20	78	63	57	-51	-52	40	-14	-71	52	21	-90	-64	54	-11	5	-47	-77	-40	2	-75	73	54	-76	84	28	-9
60	-58	-43	-88	78	45	-77	-8	3	9	-100	88	89	95	-7	84	18	85	-24	87	-66	65	-22	50	88	-85	67	50	18	-49	27	26	38	46	33	61	69	23	-92	-1	-77	-89	-90	-22	-8	58	11	88	-54	-99	-5	10	-70	100	1	-70	50	-45	-40	-45	-22	57	-65	-67	-75	41	-40	87	-98	-11	-95	3	82	-17	56	56	-9	-55	87	0	-5	-35	68	66	65	88	34	2	10	-59	42	-39	-10	52	66	0	57	-41	100	-44
-84	31	-39	-14	-27	74	36	-55	81	15	-58	8	12	-35	-58	-8	29	-30	-91	-93	-23	-4	0	-41	-42	-35	38	-13	-87	19	16	-8	-62	34	41	-48	74	-9	77	94	45	63	-60	31	100	48	9	23	-70	-5	-91	25	-77	-52	85	-72	-5	-67	-96	30	-77	91	-14	-70	69	5	-74	79	62	13	-82	-71	-90	71	-34	-4	40	84	63	-35	28	-40	48	5	-50	-41	18	-89	-92	-12	-35	25	11	-80	-64	-58	70	-77	-22	41
27	59	72	-16	23	61	-17	86	17	-43	-60	-27	-23	-75	-64	6	-60	-41	33	-60	-33	-53	-18	-69	-6	-92	36	-14	-95	-36	70	-89	0	-12	29	-57	-35	27	41	65	94	10	48	80	-74	-39	80	76	-84	68	51	1	82	-91	58	80	4	-73	-24	-82	-68	-56	43	75	59	-8	-18	46	86	-38	-16	83	33	93	54	-13	93	-16	-67	-74	79	-60	76	56	-64	85	47	-76	91	45	12	-43	-20	-49	-53	-45	-86	77	-86	73
3	-36	57	-75	-31	30	51	-93	69	78	96	-5	17	8	-49	-34	33	-64	53	44	40	54	-29	-36	31	-93	-31	-28	-23	-90	95	-51	57	-46	-71	-67	10	-44	-100	-79	-67	72	73	32	-54	-72	66	-22	-59	-2	5	56	26	82	-50	-55	-63	81	19	6	-83	53	-38	37	-42	4	-20	-14	-41	15	87	77	27	78	-100	17	94	-53	-50	2	-89	27	-73	-55	-97	33	55	-69	27	-47	46	-23	-14	86	-13	-28	58	94	94	53
52	24	-71	0	11	12	35	-23	64	-64	-82	41	-89	45	-11	-5	-80	7	-91	96	73	-85	11	-90	20	-90	-76	1	-3	-49	-86	-73	-80	63	12	-41	-8	38	-22	-30	-79	28	-7	3	-67	-69	-26	-3	-4	15	-33	-78	33	-94	36	-40	12	24	-15	-97	72	-29	-45	-95	62	-99	67	92	94	14	17	8	-97	43	68	97	76	73	-8	-47	-54	11	-27	-91	-63	13	-35	-71	-72	87	-14	26	44	-57	26	-89	22	-9	-67	-29
26	-3	-56	-27	-88	52	13	-75	45	-79	-30	-11	28	45	-94	-9	-69	13	-7	48	74	-76	-12	7	76	-6	-59	61	53	2	-53	-38	34	78	52	-49	41	-6	-31	94	91	20	-7	0	96	41	5	-20	58	54	-86	65	-60	8	-65	79	-24	-59	-65	-77	31	76	-100	97	-87	-28	-51	63	56	-51	-58	19	67	80	-23	-91	77	14	37	88	-15	-83	-83	39	-2	-8	-69	-3	9	74	28	-56	-97	78	-24	-26	4	-94	-14	0
-37	-12	67	-34	-37	77	-78	-90	78	-36	61	55	-70	0	-98	31	7	-27	-67	-72	9	-18	42	92	3	94	61	33	-51	63	-92	47	-12	0	28	77	-59	90	-75	-2	31	-7	61	92	-58	54	47	-69	0	67	-57	23	46	-66	-79	28	-12	62	16	26	21	70	97	-27	-76	61	-8	-55	73	-17	-30	-99	31	8	18	42	95	-39	-53	56	14	-41	93	-51	52	50	76	68	-39	68	-58	-40	88	-59	37	-58	-80	61	7	56
-80	-80	48	25	-42	-47	-65	29	-71	-59	81	36	97	90	62	57	67	-34	-30	98	78	-73	85	70	-91	-56	-84	41	8	-85	30	60	66	-12	-88	-20	-95	-77	41	-56	-22	41	-16	12	53	-48	-84	20	43	58	27	-87	3	-22	11	-35	-12	68	48	87	69	39	-66	39	-98	58	64	-77	-32	72	23	-76	-67	76	-8	-12	37	-55	61	2	94	99	29	-59	39	-29	-26	-54	-96	62	-7	-74	-30	-99	-20	20	-4	82	-20	-57
5	-68	60	81	-58	45	-8	9	61	35	25	71	-65	-30	-97	52	-51	-42	1	-16	-46	-39	68	86	49	-25	-48	57	18	-44	-18	2	2	-72	-91	-40	-74	63	44	-25	31	23	-20	40	71	29	-24	72	12	36	-75	24	-56	-93	21	-15	-35	91	95	85	60	4	-10	-54	26	23	-2	31	-30	31	-94	68	-29	-97	40	69	-36	38	-41	-92	-22	-46	-66	72	-27	12	12	52	30	95	-92	-56	-60	-90	16	22	77	24	-14	95
63	-88	-35	43	-70	-3	-33	-44	-53	49	-43	46	-6	-95	-44	57	24	-11	-60	-21	26	-81	-28	-7	-100	82	85	15	-64	21	18	-78	-94	2	97	-60	72	-23	24	-84	88	-40	-28	67	-35	-78	66	-77	88	96	76	47	50	-47	-57	78	14	59	8	82	-54	-5	48	12	1	-5	3	-78	9	73	52	-61	-70	-91	71	13	96	70	12	48	-65	73	-65	82	75	99	-99	44	-14	61	-97	78	-67	-31	-90	-2	91	56	-86	43
-3	-81	51	65	38	-72	31	22	34	26	-100	24	-84	77	63	-97	-89	18	46	-68	37	-48	-3	-44	-58	37	28	63	54	96	-27	-57	27	-81	-41	-97	40	-59	83	83	90	64	81	40	54	-84	-57	59	-88	-24	-17	-5	-47	93	89	95	-83	-61	87	-97	29	61	78	-64	-5	-30	-47	3	13	-20	76	-97	91	-38	-30	-21	77	95	-38	68	-42	5	-95	32	70	12	53	59	39	-13	-98	27	-64	-88	76	-46	11	-37	68	84
-63	30	-81	37	-6	-32	-100	36	36	89	95	-44	-39	48	48	-64	-2	-43	-24	27	-43	-52	-87	52	90	47	100	41	62	-36	64	-35	99	-30	-8	-69	-11	-21	3	-41	38	-85	-40	52	-18	11	23	2	60	42	88	-61	-11	84	93	-82	-12	66	-90	100	-100	-60	-27	-39	40	28	-36	6	-70	37	5	72	-74	79	69	-61	-30	-84	74	44	51	55	65	37	-84	-77	65	93	15	-13	17	32	100	-40	-21	-35	-66	-38	72	-41
-2	49	90	86	-12	40	-91	-69	-49	-25	-27	27	32	68	1	-31	-57	30	-94	-59	58	6	58	-43	-51	36	-67	85	56	-71	-8	-3	27	29	-96	-27	-22	-13	68	-44	20	-29	-91	84	54	-68	-47	-33	-77	-27	-27	95	100	-65	24	-91	-73	-35	-77	33	-71	-77	-35	8	70	64	84	15	-43	-19	-35	-81	-54	-73	95	86	84	74	-45	-91	28	79	79	-80	-33	74	74	40	83	65	37	80	-28	-87	-8	-42	-65	-90	-15	-35
-11	-97	15	46	70	34	60	-62	-94	60	-73	59	-63	40	0	-98	44	9	15	-94	73	-64	54	61	-35	48	-15	2	40	-26	83	-15	22	78	-25	-68	1	24	88	97	95	17	47	69	-39	20	65	-39	-88	-76	-5	70	-27	61	-95	-49	7	-5	51	-95	-20	39	81	88	-97	-77	-11	-55	1	18	-46	-49	49	23	-2	-9	87	17	-62	17	96	-98	-88	-71	-51	27	-64	69	69	9	13	78	-87	-46	77	31	-27	-45	31	84
-80	4	-34	-4	75	4	-71	-4	12	60	74	3	29	35	-91	-7	35	37	-35	51	-29	-85	-12	45	-63	98	43	43	82	26	-18	-83	68	88	13	81	67	-95	30	-36	69	84	31	38	50	-61	-59	70	-61	-97	-60	-87	-16	-17	47	-19	-15	-83	96	11	-26	-8	-9	89	-85	-21	-29	-62	-12	72	0	-88	67	-7	29	-59	34	34	-82	-21	6	23	-68	60	38	-74	-67	-68	14	-85	-47	-40	11	-56	36	52	-95	99	-49	-1
-24	-87	34	-58	45	9	-84	37	-71	-20	17	-78	-62	43	-31	52	68	-61	-76	-5	12	57	75	18	-11	-51	-79	-17	-41	28	-47	85	33	65	-73	-9	46	-46	38	18	70	71	-41	-37	-16	61	41	-34	-78	-44	65	-58	99	51	-45	43	-89	63	-16	98	47	40	-31	-94	-81	-90	33	-25	100	25	-17	13	-51	-73	-11	24	-28	56	-67	-71	-54	-94	35	-60	-71	-87	-24	33	17	-23	99	-34	82	-5	-51	45	-35	42	-3	26
-6	-44	80	28	12	-11	66	4	-71	74	76	25	-91	84	1	-42	95	-50	15	77	-86	-50	-85	43	-22	-17	-81	-69	46	21	82	55	50	4	81	-77	-25	-52	71	94	-82	-89	-69	35	-61	-73	15	10	83	-68	-61	85	-62	45	77	-31	-29	-79	88	12	63	92	-8	-60	96	70	37	-83	50	-13	14	29	-84	15	54	-8	-35	-81	71	-95	-39	-66	68	53	99	-100	-38	1	12	-11	-77	-50	6	-1	37	-32	-48	-24	37	-87
30	-68	-89	24	-3	-82	31	-13	4	54	25	-22	88	-27	-53	65	97	11	-37	-79	94	67	-34	-33	-42	-56	-98	-22	-94	-98	38	-25	-98	-57	66	-87	38	-86	-94	-93	-77	15	76	-97	77	32	0	-36	73	-90	94	16	76	-5	-11	-41	-13	8	-88	53	31	-93	84	-4	-56	-26	-7	49	69	-37	-82	19	78	77	60	-89	-38	50	-1	-51	9	51	-93	-84	6	20	-81	89	71	-36	87	-78	2	3	30	-53	-23	43	-45	-49
-65	-14	-18	-83	-7	82	60	-42	-13	9	75	-90	97	86	37	43	-85	91	-66	16	89	47	-31	13	-10	-12	-98	-84	-94	-86	31	100	80	-95	-3	79	-83	-79	-7	2	-73	41	92	66	62	90	37	-68	-41	-28	-51	51	6	36	-63	-38	39	55	-100	-68	0	-38	3	90	-8	-15	-95	13	-90	45	-56	67	-3	4	-50	-2	57	-78	72	93	0	-98	98	-18	-97	-89	38	53	0	42	-60	-5	-56	28	77	-85	39	-66	-74	-97
28	-27	-12	76	-65	-62	89	-36	22	25	67	57	-82	-18	81	-100	75	-65	9	28	93	-65	-26	13	-67	-57	-4	-14	-46	81	59	-4	-66	-59	32	13	-78	15	-13	40	94	-8	-19	44	-21	86	-28	-18	-50	-19	44	-36	60	-92	-52	-64	-82	-71	-15	71	-90	-94	15	-87	-64	50	29	-84	18	-62	-50	68	23	-77	58	99	-84	74	96	27	39	28	29	91	-25	-58	59	92	-24	-84	-76	-98	-41	-20	10	-22	67	1	39	42
32	-79	-80	-35	79	16	-95	-14	-29	-77	19	20	-59	-76	-100	-3	-39	24	80	-89	100	88	-69	86	-2	-46	-88	4	-15	-94	96	-96	90	-94	42	81	-27	-40	14	58	99	-85	58	84	14	60	21	65	23	-25	-12	55	-33	74	5	-97	72	-37	10	-23	54	19	-1	-30	-51	87	-79	-14	-35	35	2	20	-39	16	44	-27	-59	-67	83	34	-41	-43	56	55	72	56	-80	98	-82	-42	-20	-87	-100	87	-11	-89	-66	-7	-3	78
80	-24	-41	45	82	-18	-83	29	55	-79	44	-86	-70	51	12	80	-22	41	24	-67	-35	16	48	-79	46	96	-99	22	-95	73	-31	-62	76	-29	37	54	-58	-54	-90	78	18	-14	-33	37	-1	96	-49	-49	-87	79	-91	42	27	33	58	99	-3	8	-76	-44	-49	-27	66	80	-42	65	28	61	-85	35	-80	-67	-7	55	22	95	-35	1	97	40	-32	-13	46	81	40	-100	-4	94	-57	-75	-89	-35	-46	-81	11	22	-10	-46	34	71
48	-49	-97	-46	-10	23	28	93	37	-37	-61	-86	79	72	8	-84	68	-24	-94	-54	-25	24	81	-9	70	-43	-17	-53	-44	63	15	-30	-85	24	-62	-53	-2	-26	58	-28	8	45	-69	22	86	-38	-36	-21	-47	17	54	-69	75	-19	-91	-44	-64	-56	-91	9	-11	-75	5	-21	-25	-14	46	76	-45	-98	-48	9	-3	-79	-66	4	-88	-51	25	25	5	23	77	-21	44	-84	-95	-69	-58	-82	37	-87	-59	-73	-69	31	-2	56	36	94
15	94	-33	81	56	-9	6	-93	42	-100	-4	-32	-80	-51	50	-32	-63	25	-100	51	-51	-56	92	-1	24	66	-31	-87	-89	44	59	90	24	-31	62	-55	12	71	30	6	95	89	-78	-41	56	33	42	-41	-62	38	29	-20	-52	-57	-47	-79	77	-48	-24	-82	94	-34	-18	34	-70	32	28	-31	23	-65	73	-81	-71	41	-35	-60	-90	22	30	26	-93	-8	-100	-31	59	-40	-6	-62	-53	97	-65	-34	19	64	-80	-73	83	-90	-84	15
-96	-21	-20	2	-25	36	52	-97	-73	83	-35	40	-30	90	10	-21	39	-83	90	-26	-81	-98	-70	-82	44	96	68	51	46	-32	-49	-25	19	-18	96	28	47	-99	-15	-93	-67	27	-65	12	0	-68	83	-27	47	69	-15	-28	-8	73	-58	21	78	-55	-44	-40	28	76	-24	62	-16	-86	-99	-2	-35	49	41	-52	-75	-35	-16	-61	100	-57	48	23	-58	28	-80	-44	-49	-18	-42	17	-21	-4	56	-57	38	-24	-62	10	62	83	47	-95
-25	-61	-56	77	-42	-2	-85	-94	7	31	33	-22	-23	86	-96	13	7	-65	78	17	-23	-65	-93	2	-52	-30	-91	92	53	70	-10	97	-44	-44	-40	-24	20	-17	80	17	97	-31	-66	22	-57	-52	-59	68	24	11	-89	78	46	-54	43	78	-3	85	-13	29	15	52	-25	-75	-28	-53	-18	-97	51	-18	68	88	-87	57	54	-86	82	66	-27	97	-47	-54	93	49	34	28	-26	-28	-84	0	-43	-69	59	62	-92	-23	44	89	-95	66
70	-81	-36	63	69	-83	75	-69	87	76	-96	-35	-1	9	-100	48	-84	-29	-59	69	-16	21	-23	-74	63	-26	-63	27	28	-20	65	-54	-34	-63	-83	-63	97	66	-36	-60	76	20	13	85	30	-44	72	-66	-74	-99	91	-38	27	98	-17	39	-90	1	-30	-90	76	-64	95	-96	-47	-76	14	-56	-75	45	21	-7	-74	19	-20	91	52	73	-57	-74	8	-13	-83	67	84	-9	-79	92	-79	41	-48	67	26	16	-56	89	-76	-27	-22	-28
-79	-66	-67	-37	-96	40	-41	-6	56	49	23	15	65	-47	35	-47	-32	57	4	99	-98	67	-66	-22	-36	-42	25	-99	68	-59	-70	-70	-30	-62	0	93	-51	-76	1	96	-87	23	-41	29	-76	90	19	-91	-62	-99	-75	70	56	9	22	-65	80	76	-15	-47	-100	-53	-22	14	53	70	60	-68	71	33	18	54	-3	0	21	71	36	7	37	-14	47	78	-33	-43	79	3	-18	-29	-66	93	97	-78	-35	86	-5	48	17	27	-88	-66
53	-50	-67	66	74	42	15	74	40	100	-23	10	2	83	-20	-77	45	-43	-37	-91	-65	1	-42	95	73	32	-97	-65	-70	70	89	-61	56	-78	35	78	46	13	46	-68	-21	16	44	11	-59	-28	-82	-62	-14	-95	43	-97	-88	-60	41	-29	46	-100	34	-61	-46	20	-98	59	-15	69	58	99	-73	13	66	28	24	-85	-47	39	-3	-26	76	-30	-82	89	-63	-51	99	13	13	51	-44	-65	-28	-61	-4	-61	-95	-24	-47	66	11	-18
-48	-56	5	86	83	90	-66	-75	-46	73	-39	55	-19	-43	3	61	70	-76	81	-23	-93	31	-94	54	23	-95	34	-15	69	33	81	-77	-60	-10	44	-33	-63	-18	66	1	-1	61	33	87	40	14	-17	-15	-93	75	-38	-65	84	-97	-47	-27	-54	-29	36	-30	-84	84	-85	42	19	34	100	-37	57	52	-81	-75	69	32	-35	10	20	-85	51	-64	85	-9	62	-50	-61	-33	38	64	-86	79	39	-80	71	-79	-38	17	7	-52	-7	-78
-9	71	92	-71	19	-95	42	-77	45	-86	-83	-82	18	92	22	-12	-72	-65	-45	42	63	-22	-41	9	53	47	26	99	75	-79	-97	97	28	88	32	83	-34	66	-52	-88	82	-85	-29	5	-57	-20	58	-75	60	54	-39	0	69	84	-44	-13	0	66	74	14	-48	36	-62	-86	73	-95	-35	-76	45	-85	3	-59	66	-43	72	12	59	74	90	34	85	31	71	-83	-68	-42	88	84	-6	99	-37	-42	-47	-11	42	5	42	99	3	84
6	25	-10	37	63	-9	-34	-92	28	80	73	-71	6	72	-92	-60	92	66	47	25	-18	4	-3	-32	19	-4	-52	42	-5	36	49	-17	4	11	-65	-43	1	47	-74	-55	-71	-35	-75	85	-14	78	-45	-69	-8	0	-39	13	-14	58	10	-52	100	-4	-57	53	-3	-50	-51	36	42	63	-54	-1	-97	-59	-36	-84	94	-60	41	22	-52	-97	-20	-82	-76	52	7	-28	86	55	81	-49	-91	-80	78	-22	57	11	-72	65	46	15	67	11
31	-27	-81	99	-90	84	16	-89	25	-29	84	66	39	65	-59	46	-46	33	-70	-71	-35	-23	-35	-7	42	-54	-15	44	-57	-35	-27	-87	-25	98	-1	93	1	-92	-51	16	-60	-7	-22	-6	-45	-20	45	-59	11	14	18	-96	12	84	64	16	99	-69	-33	10	-100	-98	-58	-42	-79	25	-77	-96	-64	17	-67	74	11	-93	89	-82	24	30	94	31	-100	-12	-76	27	-91	14	66	66	34	-41	87	-45	0	-8	-76	-71	0	-10	-36	36
27	93	-79	-89	-85	-94	55	-35	37	29	62	90	-48	-92	45	54	2	-21	79	-95	-1	83	-68	-52	75	-78	80	94	-33	40	-89	-28	-40	-31	-6	-52	87	20	-90	89	-19	83	-77	-87	-34	41	-27	-34	-57	61	28	18	-30	65	-41	38	26	-50	38	-34	11	-78	-49	-6	-19	-36	6	-14	18	-53	-11	-97	-47	-40	0	12	-2	-54	71	-26	-44	45	6	54	31	97	-62	48	-94	-8	-25	-45	-38	47	-55	48	84	-3	1	-29
33	96	-54	41	-25	-14	54	17	-46	36	92	-66	30	35	87	-21	-19	63	-22	-83	-37	-20	-29	-79	15	87	79	2	28	-62	48	77	-32	82	44	22	99	31	-9	86	30	-75	-55	48	53	-92	-89	-4	39	43	-13	31	40	30	68	-24	-14	39	-35	81	-11	93	-57	88	72	-23	82	42	-92	39	-73	98	-39	4	-29	80	-15	-96	-93	69	-29	-13	-90	0	-96	33	28	-21	-85	-58	-33	-64	-81	-42	-77	-4	16	-29	-5	-29
-4	47	76	7	-10	4	-95	25	25	-79	-67	30	-27	-79	0	36	40	55	81	23	-4	43	66	65	3	42	21	72	-82	9	87	-25	46	68	-76	-70	56	69	-39	46	-88	-26	-3	-83	89	-29	-36	-64	-23	-1	-42	-92	-5	-53	72	40	3	-12	85	-52	99	-41	-83	-48	-18	-90	68	47	100	-58	-74	-37	-38	44	65	-19	-83	-82	68	83	58	51	67	-50	-91	-52	98	-43	-88	86	-85	-48	-72	55	83	56	17	63	-53	-87
16	11	-29	-67	60	16	100	51	70	-91	69	36	16	85	-45	55	-21	22	70	54	6	39	2	-12	6	38	54	44	16	100	54	39	80	-55	98	19	87	33	97	-72	40	100	49	-28	-87	-56	36	-75	25	-35	-62	-87	55	73	3	76	90	99	12	-13	-78	17	93	-76	33	-30	-94	-5	59	51	56	58	-40	-76	22	55	-80	-41	16	-5	11	-1	-18	-97	-70	24	-43	-13	25	34	11	-6	-76	-51	-82	21	99	-91	-5	25
-3	96	3	-94	-36	33	76	-27	-60	7	68	92	33	-85	62	-94	-39	9	-45	-76	0	30	96	71	-45	-71	65	-22	-29	36	-87	71	76	91	-73	-65	33	-76	-24	14	43	73	15	59	20	-45	32	-29	-84	-67	-43	-2	-69	69	90	96	-42	87	96	-66	-23	8	-76	-71	-3	-3	57	0	-45	-13	-20	34	-77	29	1	52	-7	-25	-84	-8	-72	91	94	-22	5	-36	-92	-67	73	12	-31	-24	27	92	34	-70	-37	6	16	-14
92	41	99	-16	86	37	-69	-13	-82	36	64	-95	24	5	26	-50	17	83	48	-93	-25	-32	100	100	-56	42	61	-74	15	-17	-24	-29	-46	-62	-36	-94	95	51	-29	-3	-98	-15	-3	-58	53	37	-44	63	52	-17	-87	-76	83	-57	41	-72	8	30	49	-82	-54	-82	-89	55	34	44	-32	12	34	-10	-98	14	85	40	-10	16	-69	-24	-18	-3	-92	-12	-67	-100	44	-52	-3	-62	-99	77	-92	82	39	-45	73	4	-53	18	-10	-19
32	65	18	-96	55	-96	73	93	-31	6	-12	21	-16	66	17	57	-57	10	-75	39	-91	-55	82	-94	-91	3	96	-65	-37	19	45	-27	53	-41	56	27	-42	89	-69	36	97	-28	47	17	-51	22	56	-41	-5	7	97	28	-36	-4	-78	-6	84	34	-32	14	-66	26	44	5	-86	88	-79	26	-53	77	-10	-43	-23	62	5	62	-85	39	-18	77	31	-17	84	-63	-98	-34	12	20	-13	38	87	74	-78	-69	21	-47	63	7	-53	-57
-92	-21	-96	-38	-13	62	-46	-25	90	-66	-42	60	3	39	38	95	4	55	-34	-23	-3	-58	63	71	83	-62	10	82	37	-33	-44	22	52	-4	33	-50	4	-89	40	-21	-34	63	-67	41	68	63	-15	-66	-2	-74	-41	-48	21	-98	-29	-94	-62	80	91	47	-38	98	-57	-48	6	-15	86	97	-97	-41	-72	99	39	-56	-97	22	-5	32	3	38	-76	95	-56	49	54	-75	30	-38	56	-82	-90	-86	15	-97	28	94	-81	-7	-6	-19
58	-5	-37	61	-39	61	-31	24	-34	-85	43	-30	-16	53	-74	33	72	-62	-69	77	-92	-41	79	-94	-43	85	88	-90	36	89	-87	-56	52	63	33	-44	-86	-81	-21	-54	11	-70	34	12	19	22	-92	-66	10	84	-18	-5	-15	-86	53	-33	86	-37	43	12	-57	99	-88	30	-67	41	73	-48	-39	87	-88	-36	3	100	-43	34	96	-94	8	13	-87	-59	25	-1	-75	41	-75	84	-100	-11	-79	81	-85	52	6	94	-66	-56	-94	32
-100	70	-61	68	49	-71	-8	80	8	20	19	-71	39	67	-14	30	-66	-100	25	24	18	-27	-23	-68	-36	93	-95	57	68	17	-87	1	-3	53	49	-81	-57	-53	42	-31	-11	38	-36	-37	25	-49	78	93	-81	83	-61	-72	34	0	-24	88	94	-74	-39	-36	15	74	-55	49	11	-71	91	60	57	35	10	-95	-62	7	-100	-5	11	58	-29	69	70	-8	76	-57	69	71	35	-35	14	-92	-75	39	-95	-89	-18	65	71	20	38	63
6	85	63	72	62	-36	-85	-77	43	-26	95	70	93	-35	-15	57	49	-81	-70	-87	3	-32	-31	-62	-1	45	-79	63	64	-69	37	37	4	-79	94	-91	62	-55	-61	8	-76	-15	-3	21	-51	63	-30	-18	-23	74	-11	-9	60	19	-68	50	85	-98	27	10	-83	-61	-48	-100	-30	87	61	93	-53	-19	-53	-11	60	86	63	69	-17	-11	7	82	91	-57	-34	-45	-92	59	89	-33	-47	-14	-27	94	-59	-25	22	-13	17	-81	-62	-55
48	-72	-82	90	-54	-50	-10	-93	78	96	-42	-84	40	-75	97	-50	-81	-36	-46	-58	56	11	-57	81	-62	-46	-89	-32	52	-87	-32	45	46	-38	33	22	68	-76	-7	-17	-21	-85	42	-99	-38	-1	-48	-77	66	44	43	-89	67	38	92	-54	-72	52	38	-69	-31	15	-39	15	12	55	-73	-85	-40	54	64	-69	44	-8	-73	66	-29	15	-9	4	-37	18	-27	-67	-88	24	-35	66	-93	-61	90	-83	-58	-76	77	37	38	66	-48	-85
-61	60	18	-28	68	-30	4	95	-10	-11	3	97	9	-6	16	-64	-96	92	73	-63	26	74	89	77	-64	-55	-63	-35	14	16	-59	16	-79	-2	91	-19	-7	-12	9	24	24	-43	-29	-72	4	9	40	-43	35	-70	-89	-81	-3	86	-79	-68	-64	-82	-79	-91	-76	100	-3	-76	-71	-94	27	58	-57	-70	-95	20	-60	78	30	91	-100	73	29	-14	4	13	75	-63	10	11	7	49	-82	-37	-80	82	18	96	40	59	-17	73	-28	27
-13	-86	56	4	-60	29	-99	82	-29	-78	84	-92	-7	61	73	-50	-17	-33	-85	-46	14	85	42	-69	-88	-54	98	-97	-96	28	-50	-84	-30	-93	31	27	37	-18	-78	4	19	-39	88	-98	-27	22	36	-21	-11	-80	-40	74	79	-78	91	-61	-77	41	-3	26	2	-66	91	-66	-46	-17	-13	89	84	-14	49	-72	52	-35	-63	-20	3	-86	-17	34	-45	65	66	90	-34	-82	-58	79	66	48	8	-73	-1	-80	98	-37	39	-54	27	51
-9	-36	-69	86	16	60	-42	93	3	61	-73	96	29	-86	50	19	30	-6	68	96	13	-36	90	49	35	67	64	-18	53	85	10	65	95	76	41	-32	-43	33	35	-50	-90	-99	-94	-92	94	-26	37	-8	-2	-76	19	-30	36	-40	47	74	-15	21	24	72	81	90	-17	66	82	-98	65	6	93	-14	49	-74	63	-1	68	54	-31	-1	63	25	-90	-89	-85	-31	4	76	-18	-60	62	22	-92	-51	75	15	-17	42	15	19	-92	-90
-30	-92	40	17	37	-94	-63	-22	58	-52	-60	-51	87	-32	63	-78	-54	82	38	2	-91	-4	-15	43	19	-69	46	85	19	9	-20	-37	58	47	-27	-88	93	-9	60	-26	46	13	49	-35	-6	5	72	8	92	30	9	9	8	12	-9	82	64	-89	80	-82	-48	74	43	-52	-27	93	67	69	9	-17	-78	15	-87	92	73	-46	66	-14	-78	33	36	-9	-45	11	62	-42	68	37	-72	-14	-45	-100	-82	-86	49	72	63	15	-77	-91
-65	37	-100	48	-72	30	-92	60	-85	54	30	-32	82	96	-46	-8	81	-7	59	25	45	-30	45	85	-36	37	-59	61	77	100	-79	-2	52	-9	81	-95	62	-65	72	44	90	22	2	-2	-44	58	-63	-41	38	49	-73	-30	-95	19	90	92	-45	67	-91	90	-21	-43	-59	83	23	-81	-34	-37	13	27	-12	-22	79	41	-62	-27	-34	-93	-17	-62	47	21	-89	50	-31	25	95	-14	14	-39	-38	60	35	84	82	-61	-28	-80	38	85
33	64	40	54	-85	47	-9	91	-12	-36	20	76	-41	23	68	36	-9	-84	-86	-3	-44	18	37	47	49	59	-1	23	61	13	-71	-64	46	48	77	-30	54	-78	-94	82	81	81	-86	9	-55	61	-22	29	-77	-73	-35	-13	11	70	70	89	39	-83	41	54	-11	-85	34	90	11	-45	63	-14	10	-93	-100	9	57	96	-95	79	-90	48	-23	7	97	29	92	45	51	-5	79	-90	36	-98	-75	9	40	-40	-5	-35	28	24	16	30
-80	100	29	14	100	37	49	88	34	-28	49	12	93	24	-59	-87	-60	32	74	54	27	-60	-58	-54	87	63	86	-69	-16	-43	16	91	73	-22	-79	-37	-51	87	-52	-82	66	10	-4	-34	24	-49	54	-6	59	19	3	-85	48	69	-14	-38	36	-4	-89	99	79	96	5	-82	33	81	14	6	73	26	40	-6	39	33	-92	-55	-65	-85	-28	-37	-96	66	-71	24	-95	66	3	-48	-25	-57	-32	-36	-44	-100	56	82	-44	-7	46	66
95	48	-23	-12	23	-52	-15	3	-26	-43	60	98	-11	-48	32	-84	85	-77	-98	62	-18	38	74	11	81	-35	23	71	-97	1	81	13	32	-76	83	67	-93	96	-3	1	-14	-73	-38	-89	-38	78	-69	-56	-94	33	39	-2	32	-29	51	81	60	-97	-23	27	69	55	61	-59	88	-13	23	-35	-79	14	41	54	-98	-98	-67	32	70	-20	67	-16	-73	99	-12	88	-97	-20	-78	70	-52	-70	-57	-76	29	9	63	87	-63	-92	51	-40
76	90	24	27	-93	14	-23	73	-34	-80	38	-48	2	-78	71	-93	-34	-34	-13	67	76	4	63	-82	43	89	3	56	88	-60	-78	-36	69	20	91	41	22	44	-87	73	67	9	25	20	43	-77	-9	87	2	15	-36	21	-71	38	-69	79	-8	-74	-87	-82	-21	-47	-27	31	-74	-33	-92	-31	-12	-98	-26	-77	10	-22	-24	-89	-5	1	98	-36	60	81	-49	-16	-89	70	61	33	46	-54	-39	-4	84	-26	22	-37	100	-6	-12	44
41	-50	79	-80	-8	-9	-15	79	-4	48	57	-80	-85	42	-12	-23	84	35	59	79	-89	-77	60	-66	7	83	-93	-5	44	18	-75	-7	97	-27	99	-9	73	69	39	2	-61	-34	71	34	48	88	77	-38	-15	90	-58	54	99	-68	-43	58	78	11	56	4	20	1	-58	-83	-44	55	-34	50	-78	20	-79	-61	-28	68	-80	1	37	8	-36	72	-78	24	-85	-87	62	30	15	8	84	70	-81	78	-9	-53	17	-29	57	-52	78	-98
34	-65	-34	-12	-64	-63	83	33	89	-11	73	-63	-79	-31	9	-59	26	-94	17	56	-95	-89	46	-2	4	-78	-48	-83	88	71	66	91	-13	28	18	15	-7	-32	-9	59	-35	-52	-75	-7	-33	-69	16	77	96	46	-65	-73	11	51	41	-14	-82	11	14	54	-46	98	8	-55	91	92	-16	-96	-27	-40	47	13	58	14	55	88	20	6	-88	76	-44	-27	97	-91	11	-79	-84	93	-41	-24	71	-65	93	-81	24	-40	3	15	100	-78
-20	-24	35	66	-67	63	33	34	70	-8	-100	51	3	-100	-84	-95	84	-95	-3	-29	79	21	-83	71	46	-40	23	-88	-3	34	82	13	47	-47	28	62	-92	-69	-49	8	-69	69	-35	-50	17	-74	-68	2	-62	-44	-50	-79	97	9	68	1	-18	-55	-37	-32	-28	-16	-65	10	1	52	-26	0	-57	-89	41	31	3	38	28	-28	20	-26	-54	26	26	79	-7	-49	92	-68	67	-38	-20	-25	-58	15	-10	-44	-51	76	-15	37	-82	-25
-37	-93	-2	-17	-14	1	-46	12	28	-38	70	-62	-99	92	-19	27	-5	92	-45	-45	51	-45	71	-27	-55	28	-46	-23	41	11	-59	71	-32	-12	-42	1	-99	18	-11	-77	97	93	-21	-54	31	66	-71	-9	53	-95	-67	-99	-98	-70	-41	3	52	-91	-35	40	85	2	21	37	14	40	-12	-15	40	98	5	32	11	-40	-29	-30	72	11	-69	-38	51	-31	-63	-20	-82	59	17	96	78	33	-13	3	93	44	60	-18	20	-60	79	-50
-54	52	84	-94	33	80	59	-63	-6	65	-57	10	-97	45	-61	-73	77	18	13	-45	95	-28	-79	13	-17	79	-26	-23	-74	46	38	-14	96	-36	-4	47	4	-45	-10	59	-43	12	-38	84	77	-99	-61	-94	28	72	72	62	40	-62	-69	-42	-33	16	80	52	24	51	-41	-41	-95	-29	-91	-28	-64	76	74	17	34	58	97	-40	-6	-15	-41	89	-15	-37	56	47	-3	48	-11	27	18	87	-66	31	-83	-86	-33	60	-9	54	-37	89
-93	14	35	78	-96	96	16	-9	27	-29	54	81	36	-54	60	-78	15	1	78	83	-12	11	-78	-61	-57	48	84	39	-8	76	4	78	37	58	-89	84	-19	-86	-95	15	-72	75	-52	63	43	-60	-82	43	-12	-69	-30	40	-50	60	-38	-29	-80	98	38	-15	-55	74	89	-57	36	-54	61	78	42	-79	26	-100	-26	72	-14	40	-9	29	-28	-69	6	34	79	29	-25	97	-35	70	85	50	-5	-81	40	63	78	-83	70	1	-50	81
75	67	-1	-20	31	-97	66	91	-55	-42	-35	100	-5	-88	100	64	-71	-66	37	54	29	-16	-13	-77	-43	8	99	-62	15	26	-23	26	-69	74	-51	34	68	-83	43	86	-89	-21	-83	36	-45	75	95	15	56	73	54	76	-55	-49	11	-85	-89	75	78	22	-95	-45	-95	47	-61	-67	-33	-4	-80	26	45	-50	58	50	-96	-55	-73	-99	-66	43	-72	90	29	-4	96	86	-86	-46	-19	78	-68	-51	99	-5	-24	39	-98	-38	-53	80
-86	53	78	-50	94	-13	70	-97	-91	-75	14	-1	73	-73	36	34	69	33	61	-54	83	-63	-91	20	-7	2	-76	48	30	70	47	44	-56	95	18	-51	90	8	-94	-86	-84	-27	-13	-28	-7	-25	5	64	-90	76	-41	-81	10	6	-6	6	81	63	8	70	-64	0	-85	36	69	9	-83	-1	-67	-36	-12	-57	-19	85	-57	-1	-54	47	74	-37	60	40	-13	-82	9	15	65	2	-76	24	19	-67	-27	-59	-11	45	29	55	-42	-57
50	13	77	-73	-89	-87	-58	16	-31	-98	57	-85	15	-71	15	30	-80	-37	72	60	88	47	0	-94	-12	40	-70	100	0	-41	37	16	56	-43	-47	-25	96	96	-21	93	-69	-43	43	-27	53	-24	61	35	6	0	-56	70	73	35	47	41	23	32	17	39	-83	12	28	58	34	-27	86	-85	-23	-66	33	51	-68	-26	-53	78	94	-16	12	-84	9	-4	81	100	88	0	71	-50	-56	64	-42	-49	49	-53	70	42	-81	74	-77	47
16	51	-66	5	45	-15	-32	-48	-4	80	44	-32	66	95	5	62	9	-39	44	52	12	-18	23	-8	-71	5	27	52	44	95	49	-79	-57	-59	-53	63	-67	36	40	24	-32	-8	-31	27	26	43	38	82	-44	34	-34	56	36	21	43	-83	65	0	-4	-8	61	-31	79	-57	2	-45	-80	83	-56	-11	-38	96	-52	-85	-24	-6	-16	63	-90	68	-62	4	-65	3	-88	23	-24	80	-71	-28	-48	97	-51	26	98	82	98	17	77	-77
-29	31	-94	56	-16	-86	54	97	17	-53	72	74	48	96	44	33	-70	53	99	-58	40	-67	-26	-32	96	61	-43	70	3	100	70	-4	-81	-52	-6	65	-39	-64	-79	-40	100	-82	72	-25	-62	12	8	10	13	11	-65	49	-40	-66	57	99	-25	21	-59	76	-67	-88	-62	95	16	69	-43	-59	67	-44	-45	-91	-46	55	-52	-95	-84	40	-72	-3	-61	-92	-25	25	87	-31	-94	1	28	79	-3	6	53	45	30	13	88	95	28	8
88	7	8	0	95	-70	64	97	-17	86	-58	100	-74	-59	67	-13	86	-99	2	77	-46	12	-31	76	30	-8	50	-12	54	72	-57	44	-43	60	-22	-25	75	-63	47	43	67	65	-26	-65	20	-22	15	43	-88	-56	52	9	-57	-42	-71	63	-8	-1	-15	-45	-31	-30	84	-24	-46	15	-57	32	-57	-65	-18	17	21	-98	-22	26	-75	37	30	84	-60	6	-87	-55	51	80	-55	26	-7	14	-22	-1	-99	-35	-33	72	77	-7	3	-16
