13	78	-33	-49	-14	-43	6	-52	12	93	42	65	-40	-47	2	-78	11	-13	-40	52	-38	-21	66	10	-91	26	-10	-57	49	-12	18	96	-99	7	-75	-30	70	83	-69	-84	-5	15	-85	94	82	-17	3	-14	-37	36	98	24	-22	47	-4	-35	25	87	4	-18	20	-22	21	-30	45	-99	-7	-7	-87	37	58	78	-61	-2	-75	-54	13	42	27	3	-53	-71	-3	-64	-44	-72	-41	52	-85	-28	-59	-97	-84	10	-81	29	63	30	-23	15
-48	21	4	-40	-97	-48	88	77	-46	-47	-24	19	-14	-33	-62	48	70	-18	-36	-32	-57	-49	16	-20	-67	99	57	-84	-43	5	98	-30	13	-45	96	90	76	19	51	-34	-80	-21	-17	-55	-89	32	39	51	-24	26	-52	-6	97	75	-48	3	-29	-47	65	75	-94	77	2	-18	-47	38	-100	31	86	-88	-31	58	-59	-18	-85	-37	15	-57	91	0	-44	-30	89	-24	52	67	-5	52	-38	-87	-73	61	-64	-87	-87	20	51	57	48	24
76	90	-72	-49	66	15	85	94	77	-54	-49	24	-33	3	-7	88	67	-53	-44	47	25	-33	-64	-10	-67	-78	-19	-11	54	52	-81	21	94	35	85	77	88	-63	81	-10	-61	55	36	30	-8	27	-95	-3	-21	-72	-85	83	-43	-56	-21	33	2	81	-64	57	-35	-58	39	28	13	3	32	14	32	-52	-4	24	-30	68	-17	55	84	-97	-81	-66	52	82	15	20	4	-96	69	64	41	-48	61	35	-17	100	-16	-76	-3	61	55	-19
82	89	-3	-8	-59	-39	-12	-19	75	93	20	53	82	50	93	30	-90	-77	-32	-19	-25	12	31	-23	23	79	10	92	34	12	-44	-39	71	-36	-62	-91	-9	50	-97	-33	94	96	-63	-60	63	4	46	-77	41	16	30	-20	-30	64	86	96	10	25	-88	-18	0	-21	6	55	-87	-13	-47	-2	-3	-19	-10	81	48	-47	68	-36	-54	8	47	-48	25	-54	54	-74	58	-98	98	-30	99	39	63	96	-32	45	-20	-62	32	-94	-48	-70
82	-20	-85	54	34	-56	90	28	-15	11	-57	9	85	-40	40	61	-63	-55	94	48	-14	-4	22	-24	27	36	-68	80	90	48	-53	38	28	48	63	90	-85	-47	-65	-71	27	-87	-1	33	-72	66	74	30	-25	57	-70	-72	-36	59	-86	-77	76	34	-45	-100	68	-38	-48	99	-95	99	58	-6	-60	88	-97	-31	-45	23	-71	-76	-7	-27	37	38	-66	-12	-19	-23	52	-14	-13	-39	32	-98	65	63	-3	-56	68	38	18	-64	-49	-56
-30	9	-90	-57	75	-93	82	-70	-86	-60	67	89	-54	90	-7	-92	5	-43	-57	-38	47	-52	-3	64	-65	-56	-66	-12	-6	-96	52	60	39	3	58	99	73	32	69	37	45	-95	-98	-23	96	-55	46	78	61	-71	-54	-53	-23	-87	-8	88	70	-81	-90	-66	63	51	-31	-50	66	-23	74	-47	48	64	39	37	-57	-100	-79	-74	83	-4	74	-18	20	-2	-58	-85	71	58	-4	-36	-99	-97	95	3	-55	94	-66	-82	69	63	-96	30
-48	75	74	78	-57	97	54	-42	-33	63	6	94	84	96	66	16	-61	-80	-38	-81	-57	87	24	-82	21	-3	10	-69	-37	-40	78	-8	-82	40	13	-19	64	9	99	9	-14	-27	70	80	63	18	10	86	-76	60	-83	96	-40	92	-87	82	32	44	36	-32	95	15	39	-92	42	43	-78	-61	20	99	-86	-24	-96	-32	8	41	33	-82	-23	-8	-23	15	41	-21	87	-81	-95	55	47	-56	-8	-18	97	56	-50	76	-70	80	-82	14
-8	6	6	24	86	63	66	40	-72	-84	-10	66	35	97	-55	68	-37	7	-18	-99	87	-7	-39	73	-89	83	-59	42	37	-11	96	98	74	-83	8	-91	-84	-4	-51	94	-20	-36	-100	72	-92	-21	-66	-99	17	-14	-76	-24	83	-60	-47	-9	31	-99	75	-75	57	-9	76	31	-72	-3	-45	-83	17	-1	-49	29	-49	-53	-94	-68	-81	50	62	-64	2	72	12	71	75	-85	-69	-80	54	48	29	-27	63	80	35	56	35	-43	11	-70
-61	-38	9	97	-60	66	35	7	24	-67	-84	-22	-69	49	-9	-31	29	-91	26	-39	46	-26	-30	-33	-92	-80	42	-44	-51	27	65	-46	58	94	99	-8	46	39	-13	29	30	14	10	-72	-47	18	18	-73	-27	-35	58	-13	-76	44	-18	-2	81	-88	-6	3	83	63	-32	27	-32	57	10	37	-42	45	-82	-40	-64	36	-2	-33	-70	-76	14	-3	48	-100	45	24	90	52	54	-46	92	96	98	-49	13	8	35	-90	-80	-41	-3	-27
-61	58	67	-100	-50	52	55	-45	73	20	1	-71	96	-25	42	-82	-26	-80	-64	67	96	-87	73	-50	96	-97	-62	-61	-91	24	-73	-53	-59	-21	49	-1	39	83	78	0	-66	-59	-42	96	94	-52	64	21	-38	98	69	-52	0	-21	-67	-81	81	45	-66	-84	27	48	52	26	-61	1	-81	-54	14	-4	-86	74	-89	99	60	60	45	-6	-41	-50	22	7	82	20	7	4	97	58	-53	14	41	-46	70	-64	-95	-86	97	41	81	-35
-53	-48	-77	20	-60	-51	64	-52	97	-42	32	-41	-10	-17	38	31	12	4	-50	-62	67	64	-46	20	19	-69	-88	5	18	12	-46	-24	-32	-97	41	95	-49	-5	23	82	-55	-3	-40	6	32	-12	88	-73	-49	3	-91	81	-54	81	39	3	-21	-56	-53	93	65	79	73	38	91	26	-50	81	-54	98	-12	-59	93	-17	-33	-29	43	69	18	6	2	92	-94	60	24	-45	-5	57	86	57	20	-76	-91	-35	76	-52	-80	85	70	-49
85	3	74	10	-13	31	-11	-36	-1	-42	-53	-66	-47	-33	11	28	35	-52	67	-85	19	-97	-49	92	-4	78	95	67	-27	77	-38	-27	15	16	29	97	75	64	-66	-24	39	3	-29	-60	65	89	-11	-93	71	19	-11	47	-28	-22	-52	60	90	66	-27	41	47	74	-45	86	90	24	-91	59	-38	9	-25	-58	-31	57	-26	68	53	-19	25	31	-49	81	95	-56	58	-34	-33	19	-59	75	-84	39	79	32	95	-70	-34	59	-20	87
93	34	-46	-97	-87	-7	96	-68	-16	-14	-21	9	-84	-59	59	-45	73	-28	-27	61	-94	89	73	2	55	89	13	-67	77	-77	80	-29	-19	-16	90	-85	20	97	-75	28	59	16	59	37	-28	-85	67	-68	-25	-83	-93	71	-62	15	-82	-53	-98	-30	53	-69	-73	1	28	81	-6	47	-86	-71	-47	-21	1	-91	54	44	54	-54	-13	95	-75	-52	44	62	-45	-81	-88	-41	95	60	-35	-55	63	49	-89	38	45	95	-90	3	-2	-28
61	96	-50	-18	84	-95	49	-41	96	-88	-74	80	68	13	30	47	86	68	-82	-54	91	45	-90	-92	-61	-1	16	50	-31	30	-51	-97	-53	40	37	-34	-70	-44	35	51	-13	-87	23	-78	-39	1	54	22	-40	-26	-28	-45	7	29	-7	-5	-72	6	-25	-64	-15	32	94	79	-54	90	-50	73	16	-10	-26	22	-93	-44	4	70	46	31	13	20	1	16	-15	21	-45	63	-35	-16	49	91	19	-91	-6	-88	-18	90	-42	35	-98	-24
58	-36	-91	-60	-2	48	-34	77	22	69	-71	-69	77	-43	22	-97	11	83	-30	-47	17	62	96	-3	21	-86	10	81	-63	9	4	56	16	-24	-17	22	0	16	-14	-97	-93	-80	-55	-77	32	-37	21	5	97	27	-64	-35	-7	-64	-79	-100	-42	55	-13	-2	3	61	-90	81	-54	30	-47	81	-28	58	-45	99	92	3	-70	64	81	-13	-98	25	80	28	-94	-97	-89	4	-38	44	69	70	-90	83	-64	46	95	-10	-16	2	-75	14
-31	100	-71	51	93	-15	-79	-8	88	32	-94	-76	35	76	22	-23	85	2	-61	91	-99	-50	-46	27	-62	-85	-67	26	-70	-32	41	-50	62	98	52	4	97	72	94	-88	-95	-33	-79	-77	56	48	28	-39	20	-99	76	-4	-99	-60	19	55	-21	-76	-1	10	-52	68	66	17	92	-60	-78	27	77	35	-92	-61	-45	51	-37	37	-23	0	-83	-58	-84	-8	-65	78	64	39	-22	-88	83	-28	15	-12	-90	89	-53	-79	59	-50	57	4
44	91	68	29	30	-83	-65	6	-18	55	-14	19	-73	89	-36	7	-63	82	-92	-90	-16	-5	-75	-86	-35	-14	10	-82	77	-18	-12	78	-98	-11	-13	63	16	-36	-47	92	-51	3	-35	34	78	0	-17	51	1	0	-13	-63	-56	22	53	97	-72	98	-74	-18	-73	25	-35	-49	48	-33	64	-41	26	88	58	-46	-19	31	24	-88	62	99	37	57	-12	88	-95	13	63	41	-75	-19	68	-6	-51	-19	100	-31	52	-87	-65	46	-23	82
100	33	-38	-15	-14	4	-88	-98	-3	59	-79	83	-54	-65	-15	-77	-89	7	-12	90	62	28	-78	76	-3	-37	92	-28	-27	-68	-68	-1	-45	-90	32	-57	5	-53	79	-26	62	-98	-30	-36	85	49	36	-9	-59	59	55	23	0	45	97	-89	-92	-21	22	-82	98	-81	-24	53	3	-40	-25	81	-77	-14	83	9	72	20	-15	2	38	-94	-36	-14	79	-17	53	33	-20	9	50	-91	-75	1	68	13	59	-72	97	-9	-92	87	-86	-46
-67	-47	20	41	43	21	-66	5	-96	-48	90	-41	91	-7	70	-89	94	58	-48	78	43	-44	89	90	-30	-70	81	-48	86	36	-25	-6	-100	78	-40	-35	-61	0	-70	37	20	88	30	-81	-31	40	-10	61	-12	2	-9	99	87	-37	37	45	-96	-26	-49	16	-78	-88	-99	-74	55	-84	-5	-7	72	-90	32	-22	-89	-74	-66	-27	55	54	34	-94	-70	52	-90	-41	54	-84	69	-87	34	57	60	-88	-21	73	43	-7	-2	51	60	-85
92	-14	-79	-66	-48	5	47	-65	59	-49	-50	25	-1	-3	-37	11	-70	-3	23	52	-19	52	-89	-90	-26	93	-100	-94	-17	76	-69	83	-37	3	-99	88	35	77	4	98	-58	40	-25	61	60	-10	-99	-79	70	-83	-40	4	10	68	81	87	48	79	-54	63	-92	-57	-36	34	93	64	98	39	-52	9	72	64	3	-18	21	25	49	22	47	-71	-31	37	96	-87	-51	-41	98	83	-93	29	86	-96	-6	69	-23	-1	-7	-55	-43	83
-14	-83	-47	48	87	-63	63	-87	-29	-69	26	85	0	60	-18	82	42	-36	-30	-81	59	34	-51	86	93	-83	-15	-32	26	29	-33	-88	22	23	100	-22	-98	30	61	-60	66	89	-22	-36	86	-98	-60	76	-46	-23	10	62	33	-37	-86	-2	54	-96	-95	-74	-28	80	28	80	-41	76	-15	7	2	-9	71	-78	10	-85	-11	59	52	-20	45	-62	-64	-22	52	3	-100	-21	17	22	-19	53	71	-21	-96	1	-50	40	71	21	18	94
76	-58	55	-83	1	42	-88	43	-45	72	12	36	-54	30	33	36	-31	-12	80	-93	1	-74	-72	-69	53	93	-53	-78	-15	20	-3	-1	-65	22	20	-7	83	-33	-26	99	-4	-7	4	-93	-73	-71	16	-5	-48	4	73	27	-44	21	62	-8	26	1	1	34	-23	-32	47	55	-55	-12	59	90	63	39	40	-43	-63	54	-47	51	95	-34	-86	-22	-69	44	-10	-91	53	-90	21	-58	-35	-1	-11	-59	6	74	-80	64	-97	-74	-23	16
-10	-90	34	-78	-80	80	93	-28	-28	91	4	-85	-75	-2	-29	-34	-75	42	73	-44	-59	77	-38	-73	-88	-66	-74	-66	-63	32	66	86	32	19	55	-42	-41	-9	41	93	-94	-39	-50	71	84	68	20	-24	-38	14	51	36	1	23	-6	99	-24	43	-73	-21	24	95	42	-84	27	-33	29	-21	-29	47	80	85	99	-82	85	-32	51	-68	-83	-52	84	-8	-13	80	-52	55	1	-6	21	-38	-99	95	17	-65	90	-12	45	59	36	86
-3	61	46	79	-79	76	59	47	45	7	-82	37	57	4	-98	-24	63	7	-56	-71	-16	44	-48	-73	-7	-54	-82	-53	-52	34	12	-65	75	-7	31	92	94	70	-3	63	21	100	55	-87	52	-14	78	84	50	61	-29	-17	39	-53	76	14	27	48	18	98	-70	-24	-40	-10	66	68	-9	-57	-1	-53	62	17	-21	-60	-27	-85	-20	74	89	10	100	-57	33	93	-42	-49	-53	20	-20	7	23	19	12	-30	-23	16	-9	-53	20	96
81	-27	32	28	75	-98	-91	95	-98	-75	-57	69	98	-88	51	50	27	-84	-74	-56	24	-32	-97	40	-14	72	65	-16	78	-95	-14	-87	32	20	7	-53	65	76	17	60	78	-38	-83	-17	81	45	-89	-63	-87	67	-52	-58	-35	12	-42	47	58	-70	63	75	27	58	-62	-64	76	77	-66	58	41	-57	3	-50	-86	-65	-79	-75	-60	-14	-57	-8	97	50	8	-38	-78	31	-24	-98	66	49	9	-40	69	44	8	-66	78	-19	57	53
21	-69	23	87	1	35	48	-12	70	93	-34	89	80	-94	35	32	10	19	95	96	-19	-12	76	14	-90	60	-15	-83	-10	35	-93	75	18	-28	-17	69	-18	-91	-7	-19	40	-35	-90	-39	-58	59	-75	-36	68	78	-28	83	55	-4	-3	16	84	10	-36	25	13	86	-75	91	-5	-23	-4	-59	83	37	-79	2	-11	-17	-10	4	17	99	28	-45	24	5	38	84	-34	76	-50	93	3	48	2	-93	29	34	-88	-36	85	1	-28	-91
-49	-40	2	40	-79	7	-40	97	-49	-77	-69	-83	-58	-64	60	-50	2	-76	-39	11	70	-72	24	22	-55	38	7	51	41	-17	14	25	11	-12	-35	-59	88	64	-66	-2	7	-78	27	-85	90	-52	63	82	-41	3	-78	-92	79	-58	54	21	42	-97	16	-90	-55	45	55	97	58	-84	56	68	-68	93	24	48	85	-99	65	95	50	40	67	20	97	26	57	36	-78	83	90	-84	27	-33	-6	58	-79	52	-6	62	-52	-88	27	31
-5	5	37	-43	67	81	-95	67	8	-41	3	10	-14	57	92	63	26	-2	-1	-49	92	26	-88	40	14	95	-18	-40	92	64	-57	54	-2	98	-97	14	-70	-34	35	29	-44	35	-46	50	30	-74	-17	63	8	-76	23	-49	-91	11	-50	67	-22	-62	35	98	-3	-83	-94	3	75	43	36	-33	1	-57	-49	43	-94	-43	-84	78	20	-43	-62	-42	51	87	57	34	-29	-17	35	-96	59	-36	24	-59	-51	0	24	80	-60	-90	-95	-71
91	-85	77	78	-25	-93	39	-66	-89	93	-47	65	77	45	-45	-46	43	-17	55	66	-12	93	-80	11	-79	69	58	-35	-57	91	-81	-56	-7	-54	-87	-95	96	31	-30	20	37	-26	-63	-44	-62	56	10	-58	-59	29	-1	-33	29	-1	90	51	-5	67	-46	-1	47	-48	86	-52	40	39	-56	-43	-69	-97	-37	-30	-20	2	-68	-37	-95	-97	70	-83	14	-42	-4	-58	61	-19	-88	100	-14	-89	-12	-96	-29	50	90	50	0	-82	-39	-78
66	-33	-9	-51	-44	52	-65	45	-13	-80	-67	-35	-96	-34	-35	31	-40	76	90	-65	59	2	60	43	40	44	-12	69	69	-20	-90	-76	-42	-11	-58	-55	-43	-78	60	-70	34	-14	-49	-42	60	-23	-63	59	-28	-70	-28	-28	15	-68	72	-33	84	-61	31	-17	-72	-2	-92	-92	70	-51	26	77	1	-68	-42	-23	61	88	-94	-24	-59	5	-50	44	-32	86	14	18	-18	8	-22	16	-1	-6	11	63	73	40	-54	-17	-30	21	-87	6
18	-1	85	-16	-78	-79	-75	74	-63	60	-43	58	69	35	-59	56	38	-14	82	-92	23	-96	96	-92	80	-94	78	13	-60	-13	70	48	53	64	76	57	62	78	79	33	-23	-69	91	57	-17	-86	5	70	43	-24	-93	34	12	-68	46	-40	-74	69	-59	-13	3	-97	77	-99	83	96	69	-37	65	-50	13	-19	46	78	-47	-62	92	24	14	-36	52	-14	36	-18	8	-87	47	-22	-76	17	8	57	-8	3	-58	-66	-23	-83	59	40
-47	-35	42	21	40	52	89	-22	45	4	-6	50	19	22	23	-51	-74	61	48	32	-36	78	-59	87	94	16	-39	90	-88	-46	79	1	44	-17	-88	-100	-5	97	70	52	-50	-69	-39	-86	-89	-16	49	63	-78	5	62	14	53	23	36	93	-6	-92	-32	68	-77	-10	-24	92	-11	74	-91	97	56	87	-100	-25	67	20	-6	-52	-72	33	15	79	97	-100	-98	-94	-20	86	-41	-17	-97	-55	15	-51	-93	-3	44	-14	82	-4	92	-49
-8	-71	67	87	91	34	90	71	25	-72	62	-72	65	-20	8	65	-10	-11	51	-42	-32	-17	-63	-40	-44	-6	-15	-19	53	-14	-78	30	13	64	-44	28	-7	75	-52	0	60	11	-47	24	-78	-64	13	83	95	78	-73	-43	51	100	-64	32	-61	65	-91	-11	46	74	84	96	4	78	-6	66	54	60	-12	40	-74	-10	-39	-27	-39	3	-18	34	-79	59	-16	39	34	98	67	12	30	-89	54	86	73	52	17	96	22	98	33	-9
-67	-78	-32	-97	-71	72	46	-58	85	31	-53	52	0	-17	49	55	57	-44	-89	-21	58	-40	33	24	89	-92	-20	86	-21	-81	-63	-83	-78	86	-86	-98	-82	-27	33	39	30	38	76	-71	-37	-60	-26	74	-56	71	-96	-20	47	-53	62	45	90	-48	-78	68	93	-27	-54	1	99	-31	82	42	-56	90	71	-46	99	-24	12	65	90	14	18	84	-17	3	91	4	-19	1	-22	-87	-37	21	5	37	-24	-89	-2	-70	15	-97	26	55
99	53	25	-82	-85	59	-24	-9	83	-89	-28	95	-44	3	-88	-75	-3	59	-40	82	-43	30	35	-27	89	-80	-25	10	10	30	-89	41	92	-73	-35	-6	-69	-90	93	-87	43	36	-94	-15	-2	5	-81	90	73	-43	23	6	81	-22	-20	33	-5	-95	70	15	26	-59	-78	81	-68	10	-23	-50	-71	-82	45	-58	-20	13	88	-66	92	-90	71	-97	35	40	0	57	71	58	-51	-76	-5	42	-54	-37	-77	96	31	90	82	-25	-15	32
30	4	-59	-78	-19	13	-62	43	95	61	13	85	-74	72	33	55	46	-93	-24	31	8	-27	25	53	-75	67	-31	66	79	22	19	5	71	-69	-65	-87	27	-31	-52	-59	49	46	59	-1	-73	89	-12	29	70	74	29	-10	-21	91	-91	13	-42	21	-55	29	-6	-85	36	-37	49	31	89	-50	29	56	-91	-24	-36	91	32	-39	81	100	84	-71	-39	-6	45	45	-11	67	83	-8	40	0	-37	-92	-86	24	77	-3	-93	43	-50	23
-79	45	25	88	-26	-33	20	60	-43	35	17	-83	-43	-35	-41	15	-88	35	16	58	-89	62	95	11	72	46	74	70	-78	75	44	43	-81	65	70	89	24	-11	10	46	47	-16	25	-74	6	4	45	53	73	-40	-8	-83	-42	67	-85	62	-77	-26	14	2	56	94	-32	-44	-22	3	72	74	81	25	61	16	-45	68	66	40	62	37	40	11	-57	-35	-99	65	-91	59	-16	28	-41	-91	75	80	-8	18	-76	39	60	-73	-37	-86
-12	-66	84	-87	-18	98	-33	22	-83	-33	-28	75	87	-16	91	54	94	-69	65	-32	11	-27	88	12	68	51	66	19	-68	-57	-81	-90	-97	75	13	57	-92	96	-45	50	66	-58	28	-2	70	87	91	8	97	-36	9	25	50	-15	8	75	-57	82	-39	10	100	-39	59	-97	19	-72	54	68	40	85	2	41	-25	-40	-17	-62	15	-24	9	7	77	24	-56	48	56	85	45	-42	94	-69	4	75	-94	13	27	62	-70	39	66	-41
-100	-43	-87	59	80	98	-85	30	-95	9	-20	22	73	-54	-45	40	-38	-8	31	6	-43	-97	86	18	-48	7	55	-14	87	-87	-95	6	86	-19	32	77	-83	-2	43	-41	-98	-52	-93	79	58	-30	49	76	89	11	63	-84	63	-88	40	-96	-89	18	-5	-43	-9	12	67	-63	-63	70	35	32	-71	-10	72	35	-67	23	45	-58	-48	-72	78	-3	-70	-46	-74	70	-20	-9	19	30	-100	-80	-19	50	61	90	-69	90	-73	-44	-98	93
24	79	8	-10	-74	-19	69	70	-15	-11	63	-78	-89	-95	79	48	69	-100	84	-22	-33	51	-50	60	4	85	86	18	26	71	-57	-93	-49	23	28	87	-16	94	78	97	56	75	-36	-35	41	-81	19	39	34	-86	-70	-85	77	-62	-95	-47	-62	80	2	-13	-76	-35	21	68	32	-55	97	99	-33	-87	93	37	18	100	-65	99	-87	99	4	92	-43	-74	18	14	-49	56	6	98	68	83	4	-96	77	51	-91	70	95	93	59	14
-58	23	37	-39	-51	100	-50	-85	86	-92	19	-13	95	-89	-28	-44	-43	-30	77	13	-26	81	74	14	99	95	-84	-12	48	-30	-15	-10	28	48	-5	37	-98	-41	-5	100	45	-31	26	-59	-18	-19	-66	48	3	24	-21	-54	78	-13	17	-64	-4	98	31	50	54	-63	28	-88	-99	-11	-95	97	13	7	58	7	-14	-97	-11	68	30	28	40	73	86	35	-100	36	-37	-28	94	16	-13	23	-93	73	94	-32	-56	-1	63	8	-39	32
-20	-50	-30	77	82	-24	-99	58	48	-6	-67	-64	-41	-39	29	-94	-50	64	95	-44	79	-61	52	-35	21	-100	71	44	61	-58	-71	-99	50	26	49	1	84	-48	34	19	-59	-56	41	57	35	19	-20	-46	5	-38	-77	-96	-38	66	-15	-45	-90	4	-72	62	-29	-12	-42	5	14	-19	-26	62	-63	-78	-98	27	9	-14	89	-35	-38	-27	-39	-98	34	98	-29	23	-25	58	-51	13	-84	91	-34	-100	14	-90	9	13	-64	-34	-43	-91
-53	18	-5	-65	65	17	-81	27	61	-90	5	69	91	53	67	94	68	38	-48	96	-54	-8	-2	85	-13	-90	1	-10	-75	34	80	-30	56	-89	-63	74	49	14	-6	29	-57	54	-44	-64	79	-75	-12	6	67	-37	-59	97	-79	-56	-8	38	78	-77	29	-56	15	-93	-97	19	-47	88	52	16	-41	66	-61	-93	59	-71	-35	31	99	-81	73	-82	-52	-33	-37	84	-65	-46	32	42	10	-1	8	-34	76	75	70	-28	87	-58	31	6
60	8	-80	36	69	59	-81	-2	-58	-7	80	-29	52	-63	-22	-57	-9	-64	40	-45	70	-79	59	22	48	-95	-83	54	-73	-18	-7	65	100	-1	-9	-75	-24	47	36	-19	29	27	87	61	-37	48	83	-17	-74	-97	-100	43	-25	-3	-63	-94	28	-92	62	49	-32	100	43	-92	87	94	-44	11	-18	10	-67	26	-51	-42	-83	-49	51	37	80	4	-49	70	-36	84	-19	63	-8	-50	45	-3	-87	-100	44	-39	-32	79	-12	-8	25	-40
-6	-9	70	0	82	-8	74	-36	-76	-54	45	-58	-52	97	64	-10	-58	50	33	52	-87	60	-51	-90	-84	-33	-13	-4	3	-33	-79	85	-82	-51	-36	-26	21	-83	59	-60	75	91	-87	-34	63	42	-29	60	31	-61	-43	-8	81	10	-13	-53	-79	70	92	-47	63	-11	-93	85	-87	-100	42	23	92	-73	-51	43	6	-61	48	-44	72	-68	-31	56	15	-84	30	86	81	44	-89	-93	14	83	-17	-59	-57	68	-53	-95	52	-21	97	30
-87	-73	20	31	37	-68	-16	-24	7	48	-30	31	61	-92	-79	4	97	59	-19	-87	70	12	15	-18	90	35	-71	45	76	-67	-44	67	10	9	9	48	-17	44	-38	99	36	-16	-11	56	84	10	21	-43	57	4	84	-51	25	7	-81	-85	74	-84	-55	-74	-44	16	-83	-95	-59	-28	-18	7	57	89	29	-80	-80	-96	22	-97	6	46	-97	98	99	34	40	93	61	-67	61	67	11	48	-91	-72	79	55	38	-30	-77	36	-100	41
-63	5	-84	-32	-87	-62	-35	-77	-82	-100	-18	-62	27	81	5	-42	52	-18	-42	34	-33	-99	-83	37	-16	-13	-38	35	52	-53	46	22	-45	89	38	16	-40	-15	100	-46	-26	-40	-28	7	-87	76	25	93	17	-32	29	76	-94	-59	25	-8	-39	34	-61	-94	-58	72	33	-45	-7	-81	-9	87	-68	73	-10	-78	24	47	-56	51	-93	16	20	-5	-17	71	-83	98	-3	-69	6	-33	64	5	-61	-13	-63	-36	-42	-27	39	-50	95	-8
-29	-32	-16	68	-55	-61	-55	-97	20	-36	-42	-12	-24	-1	-51	-2	-16	-99	8	9	-41	-90	1	5	7	100	39	-22	-18	38	-50	-2	32	83	18	-12	-34	23	3	98	-43	-28	-50	-33	-3	-16	77	98	74	52	-26	0	-4	3	-44	-69	56	37	27	70	10	-5	-65	-28	79	-93	-19	37	45	72	-33	-44	-17	-13	-79	95	-36	43	44	-33	-5	44	-33	-87	20	46	-28	-63	-29	93	0	7	-59	-77	-56	82	-37	-83	-59	24
-43	90	-22	-74	21	-23	14	35	-12	63	-43	-22	-94	3	-48	4	-5	-28	65	-57	-67	-10	-89	-97	-69	45	33	-10	-97	-9	71	-29	34	72	98	90	-21	100	29	68	-88	39	31	-97	-100	-20	-88	-76	38	-48	41	-57	86	-43	-28	91	-33	38	20	47	5	-84	58	58	-93	62	-92	-75	-74	-73	29	-70	-79	51	-44	67	70	-9	93	-42	69	91	-55	-98	41	-26	-90	99	90	-55	11	-42	-67	49	42	48	87	84	13	-43
-18	-12	-93	95	-99	-68	89	26	-71	14	68	84	84	-51	10	12	-61	-6	-51	18	56	-25	82	-56	-100	70	14	-100	24	-36	-73	85	-25	-10	100	66	-29	49	0	-58	15	-38	-26	-100	97	3	-8	83	-6	-40	-28	-70	-59	20	94	-8	73	-46	-12	31	-66	-78	-28	50	-72	56	-89	-42	-55	86	94	-12	36	7	52	27	20	72	77	80	76	-3	24	33	84	38	-72	76	-20	40	16	-78	92	-40	-61	78	-80	-53	-16	-35
99	38	-77	78	10	-53	40	19	-75	22	73	-29	55	65	58	-63	43	-99	47	-99	-54	-80	-10	82	82	47	-47	67	66	88	90	3	25	26	0	78	-31	75	-86	91	53	89	83	-10	-96	-95	-11	11	-30	-42	-36	60	-6	-7	98	-1	-97	-56	46	-44	-31	68	87	81	0	53	44	-2	-76	66	77	-56	-34	-44	-52	-77	33	-14	70	53	81	-64	-30	-14	36	95	-95	-49	43	-91	-8	21	-87	21	22	55	44	1	61	-77
-64	-40	56	4	68	-27	-56	19	-78	86	17	36	69	50	57	78	-90	-82	25	80	61	-21	-8	-44	-51	-23	74	72	-31	-44	-40	-54	-41	-46	-2	61	-38	76	-43	-61	34	-67	-79	13	-22	-48	-89	-53	85	-88	71	24	-27	4	75	56	86	83	-96	-23	44	78	40	-93	59	100	34	9	-97	34	-33	-40	-78	18	-7	-7	-72	-26	-20	-76	46	-60	88	26	-47	-91	-77	74	-37	1	-61	9	-26	-58	-8	5	40	-88	52	-93
32	-55	-12	68	9	-52	-16	-50	48	-88	-24	-61	8	29	-73	13	100	-37	-96	-14	99	72	-58	79	-33	-59	-84	-37	59	91	-39	-11	0	57	18	-85	-19	-43	42	24	-41	-3	20	42	93	-45	-81	-38	40	24	-76	80	-32	79	-77	-24	3	-77	-91	-94	-30	61	-4	90	-43	-26	82	-81	80	37	-15	-55	17	53	99	-9	-86	92	-45	14	-7	-45	-54	27	80	46	-76	61	-94	-16	-51	62	-30	26	49	16	-5	-76	41	39
-40	-14	40	45	-73	-67	-78	4	-51	-69	-47	65	-4	-45	-62	-46	27	-88	-94	15	99	-7	86	-18	-21	-8	-23	100	-51	71	67	19	77	74	35	47	-47	-46	87	42	23	15	-51	83	67	-19	23	76	76	-8	-15	-85	45	4	67	17	-65	97	88	59	-25	-86	26	28	3	-44	66	13	-16	-37	2	-61	85	-24	-15	40	-99	-76	-24	-16	-93	87	33	26	39	52	-66	53	76	47	-47	69	-52	-76	-43	93	-11	-95	-21	-86
-93	-50	72	-52	-43	-20	51	44	-56	-48	-10	6	-54	60	50	-63	-47	-12	18	-27	-2	27	-23	56	44	-58	60	-62	17	-9	73	100	22	21	-42	51	13	-19	-39	-14	-33	60	33	-26	80	75	16	-55	99	59	-61	16	31	46	47	76	-78	-32	38	-92	-18	48	-20	-48	98	52	83	-93	32	-50	-92	94	-77	-55	-62	38	-97	-65	46	-21	-55	-98	-40	-21	-19	25	52	31	-44	-38	-13	-73	-95	32	71	47	-18	64	-52	36
14	-77	-71	-2	66	81	-38	-68	-39	10	-27	84	-8	100	-64	63	79	-53	58	90	9	-53	60	-63	-89	28	-74	11	-44	-60	-50	-23	93	84	-72	-97	28	-90	56	51	-72	46	5	-58	48	48	49	42	64	75	-93	6	68	2	-88	-88	82	-49	-43	100	9	27	88	-84	8	-51	55	78	-6	70	36	35	65	-99	-25	-56	-47	-81	-87	-29	-98	6	94	33	-73	37	3	-97	24	-65	30	15	39	-29	42	-17	54	23	-22	25
-86	41	12	97	-49	-34	2	-43	-19	4	-88	-22	-67	68	-97	-38	66	30	-21	-40	32	-94	-87	-93	26	-32	-94	66	-53	1	-89	10	-81	30	-90	18	50	-56	33	11	-14	94	-8	83	-93	25	-3	9	-7	57	-82	-4	19	71	-90	1	-67	-62	-58	-20	49	37	-32	-57	99	63	30	91	-100	92	88	-35	-30	-61	34	19	-79	-82	-18	-47	18	-30	21	-20	39	65	26	98	-77	-77	85	64	-40	-76	81	-24	19	-9	-95	-27
-92	-12	6	58	-45	-26	82	14	-62	8	73	-59	42	-52	61	0	-53	9	-35	17	-74	-26	40	21	7	98	15	-82	19	-73	4	-1	55	32	-68	58	-72	-78	46	6	-3	-12	-85	-94	-51	-34	94	48	19	-87	-6	-51	47	39	96	98	16	-82	-29	-14	48	91	-40	-52	-75	-87	25	80	91	96	72	24	-1	34	91	72	38	-38	11	50	71	60	-68	-13	64	-87	96	-47	64	22	-47	-83	-67	-12	-62	-14	91	-75	23	50
21	-37	75	21	99	-65	73	-6	-100	9	-85	-70	-21	18	10	69	-44	-67	-68	-82	-30	-46	3	31	-7	35	-12	-67	-77	39	23	69	-8	73	68	-65	-55	-95	-15	-5	-67	6	17	62	-23	61	5	-51	82	-99	60	-64	3	-19	39	-95	-13	-55	-71	41	-38	-17	-35	25	51	67	-61	34	62	-63	-65	87	-24	36	-81	-11	-13	0	39	14	34	-45	-32	64	-78	-4	-63	43	11	76	18	-69	77	54	-76	45	2	45	-39	-65
-36	-29	-77	-96	-95	-15	-5	-89	-66	-71	94	-35	88	-82	-96	-100	-51	-38	-70	-75	-100	-53	54	89	66	-25	92	-41	23	93	35	-31	-4	61	94	-3	34	-99	-51	97	-42	-29	42	51	57	54	38	0	91	-40	-25	47	53	81	59	100	41	69	-21	-49	-53	32	-21	-7	-79	-57	-45	-99	40	-88	-7	-60	-90	-17	-70	-92	19	14	-12	79	-6	13	-2	-73	-3	-75	-92	-20	-27	-92	18	-35	75	-23	100	79	-7	-44	40	76
94	-75	-88	83	-23	-16	-16	24	30	20	-51	63	26	-42	-32	-65	14	97	-58	-82	-79	-89	-28	-20	98	-38	21	94	-79	68	-90	-100	-93	42	68	-88	38	32	-42	94	-17	68	41	-72	37	55	46	34	-74	-2	2	-57	11	91	-17	-100	-18	-34	-47	-24	40	99	-100	-89	12	14	-84	-14	-16	64	-46	-11	-23	34	-31	-28	60	-74	56	-3	-48	-92	-51	91	-55	74	32	-21	39	-61	-68	38	-1	-16	0	13	-39	-40	100	-54
31	6	-7	-74	10	24	85	17	-22	-79	-57	-78	51	-76	30	-8	-69	-78	76	40	-39	35	-94	-43	3	-37	4	-80	11	-42	79	34	11	-96	-94	29	58	-66	-80	74	93	-54	-2	-84	64	-64	-69	-87	97	91	38	48	6	25	31	-67	-95	98	-44	0	-10	-33	-17	-39	59	60	-77	-5	-84	-75	-25	46	9	28	-5	36	-64	68	25	-54	11	-41	-49	-75	-51	26	-100	74	-99	-36	-87	-10	-19	-1	85	-70	82	14	73	-37
-33	15	6	38	99	-46	-71	95	-7	66	34	-37	53	35	45	86	-94	53	9	-8	-32	-25	-54	52	-55	86	45	-62	-37	-36	-98	26	-91	79	71	85	-41	82	-62	50	-8	-43	-13	-31	8	-18	69	97	-95	-85	-9	78	34	-100	-70	-31	-4	67	-46	77	50	-86	-37	36	25	-43	-2	47	-79	77	-48	-71	-43	-26	-85	-5	-30	3	-61	-4	28	16	77	89	77	-99	60	-29	83	38	87	-12	77	-60	56	30	-8	-27	-86	98
90	-48	87	51	10	32	-94	-29	-88	-63	-29	100	-89	30	-71	-60	-8	-33	-91	40	89	60	14	53	79	97	92	4	-62	-35	-51	-25	7	89	30	-20	-15	88	-37	4	-30	-44	-29	-69	-99	28	55	75	-24	-36	20	-88	99	51	-22	15	-90	10	0	-34	-32	68	31	77	-40	-71	-47	50	85	-51	57	39	38	61	-82	-74	79	-16	2	-29	-87	-76	11	82	33	-44	-49	-66	-60	-16	-14	-85	46	-82	-94	-48	12	-29	-9	-95
13	-28	-42	-29	97	-24	95	-43	-13	11	-26	-5	-16	39	-59	99	29	-23	-89	-78	-86	-26	-94	7	-86	-100	-17	-16	84	-22	63	81	17	12	-84	48	44	-80	47	-1	-48	6	49	-32	56	-8	-17	-81	-17	-82	-23	-94	-82	83	69	-6	-69	-94	-3	42	-25	81	32	19	-91	-60	74	35	-98	1	56	-38	57	-13	-49	-25	-87	-6	-18	42	94	-61	-48	63	-41	-97	31	-10	-31	32	-54	-46	36	-32	-84	-85	83	18	-14	72
-84	-33	57	-80	39	90	0	2	-33	-31	98	-63	-21	68	-100	-29	40	81	-8	99	-52	54	23	25	79	-13	41	33	-28	88	68	95	56	84	30	-56	73	77	-30	-40	-89	17	-97	-42	-49	46	-37	50	-30	-23	-5	65	-42	-60	-24	38	80	36	66	93	68	1	52	-81	79	82	-33	-76	70	2	53	96	-70	12	-63	-29	99	-95	-4	-1	78	-3	45	82	-97	-84	72	31	-52	53	31	77	7	-39	-65	-21	-96	60	-70	96
-93	-3	-45	-25	85	44	-76	-98	-18	-36	1	42	4	65	-87	74	98	49	15	-98	96	31	-44	42	-60	96	-28	-55	-54	-5	-88	50	-34	26	52	62	19	-40	15	-62	34	25	-11	83	-43	-67	-22	36	10	-28	-22	-35	-96	-1	48	52	-5	19	-13	-71	57	-8	-98	-9	45	-21	-84	45	-57	13	-8	88	63	90	-16	-42	89	-84	-99	-17	58	-21	-19	-68	-76	39	-70	69	23	-63	-14	93	-56	95	63	71	-29	39	67	-2
73	-10	28	-82	61	16	85	-39	-43	72	75	-21	-14	-29	-87	15	48	86	-93	52	82	12	31	-100	-31	70	54	-55	63	4	-33	44	41	-17	-9	11	40	49	-7	-91	0	-23	-86	13	81	-6	98	56	-71	-72	-57	-61	-94	21	99	65	42	45	73	-84	28	16	-36	-90	51	-93	89	33	68	30	10	32	-27	-24	-97	-18	76	-49	-61	-72	-4	56	45	43	96	-76	3	-15	47	-97	42	60	48	97	-37	91	84	-59	98	-76
-37	-49	68	41	-63	-48	-100	-61	-25	-81	63	30	26	67	31	34	-9	-82	-50	-66	47	27	-82	47	97	47	-81	-42	-7	-21	-33	75	-47	-93	89	-96	-74	24	-34	-75	-49	68	52	65	83	-70	-5	31	-41	-58	-50	-66	65	-65	50	-70	87	60	-9	42	-46	-21	-10	-71	-99	86	36	17	14	-51	-79	-54	-31	70	-11	64	64	-54	7	-59	-37	-91	-38	-52	-91	92	17	82	57	-99	-25	72	-85	-57	49	-36	-86	-75	58	6
85	-87	88	-75	97	59	-37	-33	-73	22	-40	32	-3	-15	3	79	-49	5	87	-15	-43	-95	96	29	65	-43	18	31	-1	-11	82	62	-96	-46	13	18	-50	-49	81	-98	96	-100	-49	76	-97	-51	-52	34	91	-81	39	98	40	-74	25	-69	92	96	-3	-45	93	-79	-49	-32	-50	11	53	75	10	-6	-4	93	52	65	-25	-8	34	-49	77	-97	-28	52	70	-81	61	52	-21	-83	24	55	74	70	-100	65	-92	35	11	-39	75	72
-95	12	-87	-70	-36	-44	25	-10	-61	5	17	32	-77	19	-77	37	0	-75	-2	15	29	49	75	-56	81	22	-59	54	91	-94	78	-15	-2	-24	8	-29	10	11	-92	-99	-95	100	-59	-55	-96	24	63	47	-29	55	70	-93	61	29	41	-21	-17	-91	-52	40	14	-40	66	40	85	67	-66	52	-63	86	-58	59	5	-82	-45	-60	-16	-5	10	76	39	46	61	4	73	-8	-75	55	37	70	3	15	19	0	-23	33	-69	-59	82	-67
-66	46	19	-46	52	36	-10	-28	49	-27	-37	-46	-32	54	21	-32	-4	82	78	21	-79	-5	-82	15	-59	-27	-78	21	-3	77	73	39	3	-88	-65	-55	-69	-57	67	-30	-59	-86	-9	-54	-93	-55	77	-40	90	-80	-19	49	83	60	-96	100	24	-35	-40	12	-55	-49	50	23	17	-87	-75	-4	15	-9	-40	71	-93	65	27	46	-80	-48	-76	49	36	41	61	90	43	64	-12	97	91	81	-77	30	-10	-18	81	10	85	-96	-21	-40
92	-21	-75	45	-44	57	-51	19	-66	-65	27	72	-73	100	-92	-49	70	-81	-63	-71	-8	-38	11	83	-40	-43	-37	-71	55	57	-78	28	77	11	-77	58	47	-79	-53	34	-63	-45	62	2	7	12	22	-30	79	78	-92	45	-30	-92	-70	-55	-64	50	14	59	61	29	-87	-43	-78	-64	-60	-91	-71	-39	43	-7	33	98	-41	-5	34	51	-11	-89	24	14	4	50	11	-22	64	35	48	15	25	39	86	-38	42	-46	-10	68	27	-95
85	-70	91	-70	4	-63	52	-51	77	-95	-29	18	-71	12	-66	80	-92	40	89	20	-84	-23	-92	-71	7	78	16	97	-80	89	-29	-24	-10	-16	-52	-71	70	50	-49	51	-88	31	-11	75	35	4	-10	99	99	61	-87	-89	100	70	78	-48	3	-1	83	8	-43	23	-1	-40	-4	-21	-4	78	44	48	51	89	26	4	95	69	-57	-39	66	50	35	-68	65	38	-75	65	-56	-53	63	19	-39	-20	-40	-79	-57	-44	-62	83	90	36
-56	-2	-57	-25	32	94	30	-9	89	-36	-58	-8	35	-44	35	55	-41	34	40	-76	-46	16	88	68	49	62	63	45	15	-80	25	-61	58	-92	-16	-42	-39	93	15	-60	49	-20	20	43	-69	53	32	88	25	40	17	15	81	-100	-52	-82	-43	34	-19	-48	-38	31	-6	86	-3	-97	14	81	76	-58	66	-18	57	39	61	77	3	14	34	29	10	-25	58	-23	-29	-69	36	-60	-78	-71	-59	-16	-74	8	32	79	-17	-15	-54	72
92	52	74	26	-72	46	-33	-40	-15	15	28	62	-16	-85	74	28	-73	-17	62	-57	-72	89	-2	99	-88	-74	1	-72	77	73	-79	-68	-13	8	51	78	62	-29	-39	-39	83	-51	-53	28	60	95	88	-74	19	-78	72	-42	-77	-1	60	-32	-71	-87	-29	-59	69	-11	36	78	10	64	25	-78	43	91	55	78	-98	84	-8	53	79	-31	22	-86	-47	-18	56	79	74	36	-22	100	-62	-18	2	-87	-53	-49	-78	-52	-25	-66	23	3
-2	37	2	-49	64	45	25	-84	-54	31	-40	-12	-24	-86	97	53	50	-37	24	4	-72	42	-68	-50	49	-78	33	-79	-69	-63	13	-14	96	60	41	14	61	-77	-14	-15	10	-82	1	-11	55	-86	-42	71	-92	27	-69	85	29	15	73	81	-40	-79	99	-88	4	-74	-79	-2	26	87	89	52	6	-25	-66	98	-92	55	-90	-58	15	44	78	49	-78	-4	49	-37	96	-81	-51	17	9	35	83	-62	20	-7	-58	-5	-94	82	58	-42
-44	-23	21	-31	-20	51	-88	-8	98	59	98	-26	79	41	-71	9	-88	-87	37	-55	-14	33	42	-3	5	-65	64	-41	88	58	-55	-25	6	-29	-97	33	-86	82	-39	-51	94	-49	-85	-25	-28	-22	2	-98	-68	-40	-69	23	5	33	-19	-50	20	42	-64	-10	-92	-6	-31	70	17	31	-1	-32	54	-10	24	-57	-90	31	-13	89	77	-23	80	-32	57	-99	-43	2	-10	42	-21	71	-21	31	-75	87	70	-16	-91	51	-57	64	-57	57
-95	8	-96	-65	98	86	75	-14	13	51	-37	47	-34	63	20	96	-47	68	54	-45	-68	-28	-25	-67	55	25	-97	8	33	-82	-42	54	92	-6	72	93	84	3	0	43	9	1	-10	21	56	74	-94	-96	-52	-66	-66	80	33	-69	-18	77	-61	31	78	41	70	-50	-6	-53	3	-53	91	-1	-26	59	-62	56	18	21	44	-51	23	68	32	57	-27	-89	91	59	-58	8	-60	-34	-74	-97	-84	-15	5	-80	57	-7	63	64	20	63
-24	-42	-83	26	-4	-4	28	87	63	-23	58	94	61	-81	-60	-33	-10	-14	86	39	-19	-80	30	-74	-22	-51	43	-7	64	-22	78	25	79	85	41	15	100	34	13	-67	-21	39	34	-17	71	43	59	-68	-41	52	42	61	96	11	76	-50	-50	20	68	69	-61	83	40	-30	93	54	-51	-99	20	23	43	-28	42	-11	-87	96	50	59	-19	87	-79	-2	47	95	40	-72	8	60	55	0	-51	-7	-43	-95	69	55	5	65	75	9
96	-4	23	9	-34	-92	-24	6	60	85	-94	53	-99	-76	-45	19	-68	1	-46	92	68	12	89	-40	5	-11	-22	-92	-39	-66	19	-43	59	84	-5	-49	61	-58	6	58	-74	-1	57	-16	-95	85	-81	-35	22	-10	57	-69	-10	75	-81	77	0	94	6	91	7	81	-25	-71	-78	50	-72	10	5	-50	36	-8	-6	61	64	48	-25	-23	38	87	-77	73	61	37	-36	-37	6	62	-94	34	-30	-46	-4	30	-11	-78	-70	43	-29	67
-72	-59	3	-24	-11	-66	-14	76	-7	98	3	-27	14	-29	60	-67	10	86	-74	30	-98	-80	-86	-79	-68	14	14	-24	40	-47	81	15	78	-45	53	-38	82	59	9	43	73	53	64	-34	3	-84	9	51	-3	14	-62	-98	-28	53	80	-88	-92	-100	32	-49	-87	42	22	-27	80	12	-37	65	96	32	96	-86	-56	-2	10	49	67	-45	-22	59	39	-86	-42	-76	71	7	43	-35	42	-93	-48	-11	20	51	91	19	76	-40	-10	-16
37	-55	27	86	-32	90	-42	-39	80	78	71	-18	-32	-85	82	-89	80	-16	73	96	-22	-71	89	57	54	74	29	-71	-24	11	-42	70	23	68	-78	21	-64	-67	-74	-98	42	56	31	-27	52	-92	-47	58	61	-49	58	-54	84	-72	18	0	46	44	85	-99	58	-56	-99	12	-86	40	87	-31	-73	8	23	-15	-98	73	-29	95	-25	-90	-24	80	99	-85	10	-44	-98	-54	-92	54	22	36	-72	66	-84	16	-96	-43	-86	20	-61	-97
-5	-47	90	-25	-55	0	85	50	-46	-57	93	-61	-79	5	-14	-28	29	76	-65	-92	32	-1	-2	-47	-73	-85	53	99	-62	-81	48	-46	-1	-58	16	-18	20	-22	-17	86	-11	7	85	4	-98	85	-39	11	-35	-58	-15	73	17	27	12	88	84	79	52	-43	-36	15	34	-86	28	24	92	-69	-38	10	-3	-58	77	-84	70	-98	-26	-88	-22	82	2	-61	-99	-36	68	-62	99	98	19	41	40	83	-19	-30	64	-10	77	100	54	66
21	-35	-39	-83	6	-77	54	25	-69	-23	49	98	6	52	-37	35	-51	61	-39	-6	89	18	-49	80	-40	-95	-1	-35	69	-86	70	-78	-90	-97	-9	91	-32	59	-86	1	38	-61	-100	86	32	99	49	-7	-77	49	20	-29	-33	22	-25	-83	74	97	49	79	-77	-61	37	18	-40	-100	-79	-35	-80	-75	-61	75	8	51	87	3	-52	28	-4	-64	-7	-21	-58	-60	38	98	-12	-14	-95	3	-64	-50	-75	91	-23	-40	-61	-95	42	91
-98	16	-33	-86	64	57	-92	32	50	-56	2	92	-16	-18	32	-4	52	-40	88	42	-47	91	-98	-11	35	74	-22	-70	-23	81	-9	-1	-39	19	-74	29	-34	-21	-5	76	54	-3	51	80	78	-27	39	55	-8	-14	37	28	-3	-50	-32	11	-69	-68	-50	68	59	-71	92	-74	61	17	-89	87	-72	100	0	-4	-60	-37	-41	5	52	-86	24	-96	-12	97	63	67	-61	-71	-62	88	63	100	22	26	69	-13	-84	98	-89	-74	17	-94
93	-84	-67	-36	36	-23	70	8	98	59	-30	-36	50	-86	-24	31	90	1	54	63	95	0	-66	-36	29	90	84	27	-43	72	27	-82	73	53	-71	2	-23	-37	-96	-79	-29	66	-15	-75	39	47	21	67	-9	63	-74	100	-69	-100	-45	18	47	32	35	-100	-26	-80	70	89	-71	51	37	7	-85	32	-38	-88	75	94	83	-2	40	54	25	-55	53	85	2	1	41	14	92	-88	-46	3	40	9	94	-35	49	-46	-92	48	69	-68
18	80	-59	43	-65	73	78	33	-57	68	61	72	58	-75	-98	-43	-50	-12	27	-18	-12	97	96	5	-50	-24	7	-3	-93	21	-73	76	-45	43	23	-29	-93	14	-48	-43	-100	22	-93	17	-96	-82	-55	39	58	44	68	-18	-45	1	25	-83	-18	79	-36	-53	100	61	88	-35	89	-10	38	39	50	30	-41	29	91	-70	-16	71	71	36	4	-68	-25	55	-55	-72	-66	17	-78	-39	-85	-94	76	6	45	98	-6	-83	-33	-52	-14	43
-39	-39	-77	-75	-50	55	34	-89	64	-56	68	37	67	32	-45	67	-28	94	68	55	-100	-26	-21	58	-85	50	39	49	51	49	95	-21	-96	22	77	10	-95	57	-62	58	85	-80	4	-31	26	-11	39	80	0	-16	75	72	82	-14	37	-51	52	-69	93	-40	27	75	53	-92	20	37	52	88	49	-99	-74	-68	-13	47	-10	37	92	38	-34	64	77	78	-53	19	83	100	-50	100	29	-70	-62	-53	79	-28	-98	-57	-2	35	-13	97
-9	51	-5	-5	89	4	61	65	39	17	4	20	-82	72	-90	-81	-4	-34	-27	-18	37	77	47	-82	-56	100	35	-88	-10	-96	-53	8	81	-71	23	-60	17	61	-31	-52	58	-1	53	-65	38	-19	-89	47	-40	36	-11	-51	44	1	15	64	-53	20	29	25	20	69	-60	29	54	-4	90	-98	-4	9	35	47	32	92	23	66	-68	-68	-74	-5	-5	58	4	-19	61	88	-95	-5	97	65	-36	25	36	46	-70	-70	-2	-99	77	36
-69	80	62	-10	18	23	-45	53	29	0	-10	65	-77	97	-73	-11	79	14	66	-16	-84	83	75	-90	12	-16	-68	63	-11	-44	-99	-9	63	62	100	-73	-35	-99	-12	1	-52	-22	-56	-95	-12	-100	40	-85	-36	39	48	-16	13	-48	81	-48	-31	-60	57	74	-97	-86	-66	-59	36	71	-85	31	-34	7	-57	28	56	-26	39	2	36	-45	-73	-76	-86	-36	-57	-99	95	-71	66	81	94	35	-14	-98	-33	100	60	68	-93	-19	44	58
-43	77	92	12	-22	93	-27	56	78	84	58	-88	-85	64	-9	-79	46	79	20	35	33	21	-53	4	18	51	-52	79	44	15	-24	9	83	-23	16	-43	-76	-39	-58	80	98	90	-85	83	-16	42	-77	-8	45	-88	87	-99	-38	-58	-61	-95	-61	-73	39	12	-72	-76	-87	-97	62	22	-96	-59	75	87	-96	-78	21	-68	33	63	-75	23	-34	79	-41	30	-40	49	-86	32	74	62	98	-66	-100	42	26	59	40	34	-38	26	-90	-55
-26	-47	-92	-39	-19	97	72	88	86	-28	-88	-73	-52	99	11	2	75	-1	-82	73	88	29	-96	-42	47	83	90	85	-38	-98	-83	-95	48	-37	-78	-9	0	-51	53	-10	14	-32	65	12	-31	72	-55	-87	6	-25	92	41	62	-84	14	-39	36	30	-29	-26	-60	30	72	73	62	-91	-7	-52	-6	18	59	-100	55	10	55	19	19	61	-44	-44	27	-26	59	7	-75	-24	-38	5	93	-10	-77	87	-24	31	12	-30	-19	-76	32	62
21	57	37	67	-39	-83	-86	76	65	18	11	34	64	83	-32	-34	57	51	-89	-39	73	62	-100	-94	-39	-52	32	-70	90	-93	1	44	84	34	18	36	-14	-5	-91	-40	68	-86	76	-41	-72	85	30	-13	-13	81	15	49	75	-92	-21	-61	65	98	-78	18	-23	-84	55	87	-73	-21	23	8	33	-41	6	-67	-74	26	-49	19	-52	23	16	-27	81	-26	42	81	-56	-71	-22	-49	88	-5	59	-98	34	-33	37	-47	2	-33	83	-53
42	-14	69	44	39	77	13	-77	78	-98	34	4	59	90	-12	69	67	-13	-19	-27	19	91	14	57	28	34	5	68	-25	10	63	-84	-64	-60	-31	9	-77	-46	51	89	61	-50	-53	37	-14	-93	8	93	45	61	2	-50	-75	-58	-68	93	-73	52	0	30	-95	-19	81	98	30	-78	-69	-36	70	47	63	53	100	-69	90	-79	97	99	23	-95	-98	-31	59	-17	-18	16	-67	36	-35	98	90	42	27	54	59	54	46	67	59	-60
-42	-8	47	15	50	7	-87	-35	-72	67	-17	-67	96	-68	-89	78	-22	-92	-52	-23	55	-85	-86	-77	-4	-80	75	-67	-66	-50	29	34	-79	68	73	30	86	89	6	-98	-99	14	-76	14	-11	61	-48	-96	82	-35	51	-22	52	-27	-62	-54	-41	-36	-85	-22	59	63	44	-36	-9	14	91	-60	-31	-100	-48	31	93	93	-70	-32	32	45	-61	-73	-30	-7	85	33	74	63	-35	-19	56	65	51	18	24	-21	72	8	0	61	-13	3
85	32	59	-8	-89	25	-3	33	-84	10	-62	-3	56	-34	13	-75	-76	67	10	-66	42	81	-14	-77	-35	32	68	67	-70	42	-72	20	-45	83	54	16	-15	-36	24	66	37	-96	34	-94	-97	-57	4	-79	-75	-55	-10	-14	-46	-64	10	51	6	-32	-59	30	-38	90	-78	12	97	87	-94	34	97	7	55	64	88	-64	14	75	-71	66	85	38	-65	-26	-82	-12	96	61	-87	94	69	4	4	100	33	54	-81	-57	-70	-57	-91	-48
-16	-100	24	-32	-35	-9	-5	-96	-23	73	7	24	88	-59	-38	9	26	-23	-100	-60	64	-88	-94	-24	-4	-26	-64	-59	-73	77	98	-40	-56	-76	-5	-31	56	-74	-82	3	-55	-43	-93	-96	83	-75	24	-42	-3	82	37	-26	49	-90	89	99	38	-65	-67	65	-36	-54	-4	-37	-5	-33	-13	-9	-57	85	-4	83	41	11	-16	83	68	82	-40	-10	-68	-31	17	-32	-51	-16	26	-15	1	-31	8	-60	-28	-10	1	-97	-84	-74	-96	-93
36	-71	-5	46	8	58	4	62	-44	45	-72	70	4	65	85	-63	55	-91	-20	-58	-17	-4	-48	22	76	38	27	-20	62	90	-15	-91	-79	-27	59	-15	-1	83	54	96	-42	39	-81	75	-95	-23	-37	-86	11	-58	74	-42	-91	-5	-10	27	80	-95	-26	-38	77	-70	-6	-72	-58	29	45	69	23	-93	-21	22	-7	94	58	-65	18	1	-91	-49	3	15	92	-42	51	-32	-17	-10	-46	-32	79	79	75	-42	-57	-13	99	89	5	6
-33	99	-19	75	44	18	-75	-100	20	39	89	28	35	48	-78	-95	-19	93	-61	-12	-34	-61	-92	60	-61	-63	80	-95	-83	-99	-61	-48	-20	-93	-67	-58	49	-60	-27	69	76	0	-41	78	-84	-26	-47	-60	26	-74	35	-4	-99	1	95	-15	-97	32	98	69	-93	-9	-92	12	-30	21	-75	29	-23	84	-97	-39	62	-1	12	-63	-89	-72	-10	-82	-33	46	64	42	-23	70	-1	53	44	-86	-6	-32	44	-68	87	67	100	-61	-56	-7
