92	-67	-43	100	-27	-64	-74	97	-29	-69	-87	-6	-99	39	-33	-45	5	-27	34	30	45	90	-93	-5	-46	-43	-58	66	-98	10	15	94	57	25	86	-36	46	25	-92	42	-92	71	45	43	-82	33	-77	72	-100	62	75	-76	92	14	-70	-16	-20	34	57	86	-31	71	61	-85	87	-83	0	-32	83	3	0	-28	65	25	-66	31	44	74	72	0	69	-12	87	-55	34	-75	62	-78	-61	87	80	-67	-62	76	-81	-87	-51	50	95	30
-26	-76	-84	81	-40	-11	96	74	-82	51	79	47	73	-61	95	-44	62	-40	43	-30	-63	66	36	11	-45	-57	62	7	-95	-89	9	-25	1	-13	-31	-29	-92	66	-38	-95	8	-23	-64	82	-74	-14	87	69	92	92	-90	98	19	-83	30	47	-95	57	-49	62	-82	-75	-36	46	37	57	-15	-38	-61	64	27	11	67	-67	41	-33	12	-91	68	94	86	94	18	-24	30	51	22	-73	-54	-41	60	-43	-45	-29	-92	36	-46	1	28	-35
-90	-60	9	36	-38	-88	-64	88	27	62	95	-10	19	75	-25	-45	-65	-70	-70	64	98	-13	13	59	-79	-61	-82	65	-15	-66	23	-83	80	16	91	91	-76	-63	43	87	4	-45	62	-90	80	15	53	73	85	-24	98	-8	35	-70	-100	2	19	-29	-45	80	-86	68	57	82	-89	79	30	0	-86	-81	-25	4	27	-84	-94	-48	56	-48	-76	65	-67	11	17	86	-11	-72	94	-37	-73	-75	70	51	5	27	17	67	-79	-76	-89	-62
40	-80	47	13	60	-62	-82	18	63	-33	-39	-67	52	-18	10	-93	-69	32	-13	-48	75	-77	92	40	40	30	70	95	-8	-86	80	-13	-100	-29	-8	81	54	-60	83	17	70	-62	-64	7	-76	100	-2	53	-86	56	8	88	52	96	26	-19	-90	13	-77	-39	41	-92	90	55	-32	46	-64	42	-50	-15	-32	-14	-28	-5	-41	74	49	-5	62	-28	-34	-31	-57	-26	-70	26	96	-51	20	21	63	-30	-86	5	-22	-46	69	-9	-22	-15
-39	-86	-84	71	-80	98	-81	89	-27	-20	-53	-51	2	14	-90	46	90	25	-82	-36	-20	-28	-97	13	-82	-68	30	-75	24	-4	7	-13	-84	-47	-46	-22	-4	-26	50	45	1	63	-93	-30	-21	9	-99	1	-9	-15	-1	56	28	-40	-60	-57	-36	-21	9	65	95	-40	31	74	8	-14	-49	-94	-65	-81	-70	35	-14	32	-46	40	-30	-53	-17	-75	98	31	-7	-74	-61	44	6	27	83	50	11	1	93	-98	14	-54	-61	-72	5	-39
-86	8	96	95	-6	-50	3	18	32	24	81	26	45	-36	-64	73	-29	1	-55	77	32	-20	-73	65	85	-85	-53	19	-50	-77	7	-52	-74	-8	-83	3	95	79	-13	-71	70	11	-24	52	20	59	46	-48	51	25	32	19	-91	-33	-96	-33	-79	-6	81	-92	-55	-40	-94	69	45	33	-13	-51	93	-33	9	-93	71	-50	90	-29	9	67	-10	-73	-42	31	98	13	63	-78	-64	-26	-27	28	88	10	71	-86	-78	-2	84	58	-43	-34
71	-26	-66	83	-78	13	16	-72	1	34	-50	-95	-71	-100	95	-46	-25	39	-20	-100	66	-96	31	57	-64	91	-94	26	-44	10	88	95	58	36	-66	-81	9	28	13	-31	11	-87	3	9	-59	22	84	1	70	42	-44	4	61	42	6	25	85	85	-58	22	-51	3	-66	81	-96	-78	62	93	21	62	-77	77	17	-5	-23	-49	-46	63	-74	-26	68	-50	97	48	51	96	30	-87	29	-67	-64	68	-12	-13	-49	-72	-4	36	-70	48
-76	-80	-82	18	21	52	-54	80	-78	-5	73	-90	98	94	92	-31	-1	27	45	-86	-9	-19	-81	-47	65	-70	-71	92	80	-18	-46	-62	-35	-75	15	-96	-98	30	-83	6	67	-47	-92	27	2	-23	-55	-51	13	-82	56	7	69	-12	-97	84	66	-93	67	45	-72	3	-65	39	61	64	2	-19	68	32	-50	-15	-81	-56	19	-98	91	-47	-37	33	-23	-52	-35	-63	83	38	-15	-37	22	-76	-77	20	85	51	28	67	-33	69	-79	32
-26	-43	-18	-85	66	-48	-4	-93	-81	-85	-100	-1	95	94	48	82	-77	35	83	-48	-55	2	8	75	57	47	94	-65	91	66	-80	-22	-35	-96	-43	5	36	55	96	91	-61	-89	-18	72	77	72	2	-73	-87	-49	-88	-65	39	58	-25	-45	69	-71	2	42	-89	-68	39	30	19	-89	-11	19	35	-88	52	79	96	15	-33	85	9	0	-86	-46	27	84	-8	-93	-38	-65	-100	-45	-99	50	-81	-88	17	16	72	-42	-83	-32	11	84
30	-45	0	76	-21	-74	-21	4	60	-60	-11	21	91	-71	-5	-85	72	-37	34	-71	-42	33	57	4	-49	61	-38	-27	41	-9	100	13	87	-35	-64	-95	-76	44	-23	49	47	-47	82	-83	-92	-73	-28	-81	16	20	44	-55	88	99	-55	100	-25	15	-4	69	8	68	69	37	22	-26	25	-32	59	-16	72	83	-58	5	28	-13	-26	-7	-74	32	43	-10	-88	-24	-23	-42	-73	55	87	-84	-2	-41	-33	30	87	-67	-97	21	-22	97
18	-67	-94	12	33	-83	65	37	67	99	-66	68	-62	-38	-16	-96	-81	2	-14	-18	68	-67	-58	72	-26	84	97	51	75	-22	-37	-49	62	-70	-32	-100	-32	39	-70	-70	-85	76	-61	51	21	-67	84	-44	22	-4	19	-48	-35	57	-44	-46	-31	-18	-52	13	58	-27	-39	-65	88	100	83	-26	-99	42	-29	-72	22	-71	-93	-31	-68	6	10	85	-64	-17	24	59	-56	-2	74	35	2	65	-89	100	-29	29	26	-74	15	62	88	14
5	58	29	-19	65	12	9	-5	72	55	-59	80	74	23	-22	-60	-76	-45	-95	-10	-50	31	-92	37	60	-36	-30	87	83	89	-6	-61	-93	-41	50	-94	-7	81	-65	-16	64	-65	34	-20	55	-17	59	-17	73	5	60	-88	79	-25	34	49	71	68	-70	-27	25	39	-8	-69	4	-88	37	42	-50	-81	-22	-50	-92	6	-39	-85	-44	-11	43	87	72	67	76	-20	78	27	-79	8	7	-2	51	-16	-35	54	-23	42	-5	-77	-32	-58
75	17	35	47	-13	12	24	40	-56	78	-37	-2	-84	-59	0	-36	-88	68	-86	15	65	-49	-88	-46	69	-41	48	74	-78	67	38	-5	45	35	-70	-97	-54	-25	-72	96	19	-39	-44	-13	5	-7	52	-15	5	27	94	41	83	93	87	-15	-9	-67	-50	57	84	-14	-83	-8	52	9	61	90	-67	-63	-32	43	-16	7	-73	-45	26	84	53	81	-56	35	37	-31	15	-1	19	33	100	66	64	-65	100	-51	-44	-60	-4	7	-21	-94
-14	78	-44	61	36	-64	98	-74	40	-47	12	28	26	23	22	20	30	14	-37	-6	-53	-61	-26	-47	-73	4	85	61	-6	-29	-11	83	86	86	-9	75	-64	-99	-44	16	14	-20	100	-55	-9	-86	88	-49	89	-36	88	17	39	-81	2	33	-13	2	40	67	-96	21	74	98	55	-6	21	66	-18	93	19	12	30	30	82	-75	40	55	-77	-69	-46	32	84	-42	-27	7	70	-86	-74	51	-36	74	-88	-59	54	39	-33	-18	50	97
27	83	54	-55	-80	86	77	81	53	35	-27	76	-82	18	-43	80	-25	55	82	-73	-87	-97	25	16	-9	-95	-83	-46	84	-21	-98	66	8	-62	76	-14	-21	-28	-86	-10	-88	-69	72	-25	-80	-70	38	-43	-99	50	-7	-88	64	25	18	-83	-6	-55	-45	-59	-74	-87	-82	-50	-74	81	-11	-63	-82	-81	61	-63	55	98	-36	97	-100	-15	-61	-90	-49	-36	-23	-29	-78	-34	-54	-89	-84	51	-40	48	-41	-87	-14	13	-81	-13	-74	-61
-93	-99	-51	-14	-8	51	-35	-36	15	0	1	61	80	-8	74	72	80	57	-55	45	76	87	70	-96	-38	89	-8	71	-24	30	51	-63	-36	-99	-22	-20	-74	-21	-56	-63	-94	-94	89	-90	90	-75	-84	8	100	-90	97	-40	18	77	-67	-34	-3	70	-100	-86	81	-40	52	40	-99	20	79	58	7	52	-89	99	42	29	-45	-85	-45	-36	66	-6	-53	58	45	57	-1	12	-15	-48	-94	64	-58	-49	-40	30	-44	88	-87	40	-68	-22
28	81	67	58	-4	-67	-100	-69	37	-86	72	78	-31	-86	55	55	39	71	-47	-82	97	-73	-26	76	-23	-39	23	-31	-92	-88	46	22	20	11	86	-70	-65	-71	-24	55	-47	89	18	26	91	47	39	46	-46	-96	59	98	-86	15	75	-7	-43	48	64	48	-39	27	22	18	-52	-37	33	92	-10	73	61	-29	-66	-41	-32	-92	36	-93	-38	21	-63	-89	-69	-37	-34	-29	-15	93	-9	-80	-70	-31	93	-81	-28	-49	84	-32	-68	62
38	-47	-55	67	-32	66	-50	-30	26	23	57	-27	79	14	27	-19	-10	6	100	-22	80	-82	-83	-33	39	27	62	6	16	-94	-86	70	-50	52	87	72	-27	99	27	21	-53	-35	-92	63	59	63	-84	-79	-86	3	78	-61	84	85	-94	-73	94	18	-29	84	-58	75	-65	49	61	-53	-83	-54	72	-36	63	-34	-41	89	69	30	-27	63	66	28	20	83	-8	23	83	30	-67	82	82	39	98	11	-53	-78	53	-20	9	-48	-89	-35
63	-82	68	-55	-13	73	68	25	-36	-42	36	60	4	85	-12	72	-60	24	-79	-96	24	-77	92	58	-29	69	51	-84	31	55	98	36	-98	9	-99	-38	86	-43	-4	28	47	56	12	4	-85	-61	88	14	56	55	28	-92	22	16	87	3	-72	52	-42	-96	-21	82	66	25	-19	97	90	-15	4	-15	97	-19	-98	48	82	40	95	45	20	17	-84	78	75	0	79	2	-81	19	1	55	-100	63	-83	30	-52	-92	31	11	-85	9
19	76	65	66	58	55	60	41	50	-31	71	55	42	-90	-90	84	77	60	85	-29	90	34	-73	-34	-33	17	57	-91	100	54	-59	88	80	12	20	87	-3	6	65	14	77	2	93	14	84	9	53	40	-29	77	-63	28	64	-26	-1	39	54	32	6	-55	71	-53	100	-39	5	-86	-95	-25	-82	3	90	93	-68	-76	-29	-84	41	3	-42	-99	68	98	82	40	-87	91	-43	-71	-99	87	98	95	-20	97	-78	25	-51	52	-87	-41
-97	-27	-75	59	-52	-75	24	-2	-78	58	-8	45	46	91	3	38	6	-44	10	73	-2	-25	-67	-78	69	-36	48	6	-16	5	-79	84	3	-67	-87	-90	-61	83	-70	-33	-3	72	51	13	-51	-20	-47	15	-66	54	34	-30	-40	-61	-3	-40	99	9	-15	75	-62	11	27	87	67	-88	-96	-19	-96	-56	23	92	16	12	70	37	-45	15	3	35	-64	-20	-88	98	-67	66	74	-92	35	98	77	-96	-59	61	96	-73	23	-96	-42	-69
-31	94	34	69	-38	77	79	0	14	29	-52	98	-66	-54	6	16	-80	-94	-17	3	100	60	-53	22	-59	48	-7	-2	40	-84	68	59	72	95	-69	25	-54	57	-67	90	-44	-66	-31	2	-21	-60	-35	9	68	11	64	23	3	-77	-41	-77	58	25	-49	-53	98	-94	56	38	34	84	-79	-63	-42	-15	9	-2	92	29	-37	58	-25	-47	-52	-73	35	-41	-37	-69	-15	-59	17	38	-23	-22	-88	90	22	56	-7	-27	37	39	80	46
-48	20	-95	-80	-72	-68	-86	86	-67	-39	-73	47	-72	-82	42	-54	-8	-19	11	-25	-76	85	40	-67	-23	-54	-38	-83	99	47	64	-85	-27	-22	-14	-53	89	95	79	53	-85	-18	35	-26	-66	-24	-27	88	15	-22	87	-24	49	73	-22	-44	17	-94	-52	-62	-37	-75	4	-29	46	30	73	39	-89	57	-11	-100	13	72	98	-36	6	-72	60	-36	-55	92	-74	90	62	-84	-85	75	25	25	-20	64	-22	96	-19	13	32	-6	-1	55
-18	47	-5	-79	76	-31	-33	55	23	-33	-6	-71	-28	46	-84	-2	61	3	-59	-7	-12	-25	-21	77	34	49	-11	-18	56	-49	56	0	-69	23	45	-36	24	51	33	-24	-21	89	-1	-20	-29	-46	-78	-55	-34	-95	-12	-16	70	-3	35	62	78	93	18	27	-43	-48	-94	82	-93	74	92	3	-17	80	21	-63	-2	-59	-72	-98	29	53	-41	59	-25	48	-9	-16	72	40	5	-84	-45	95	-32	25	91	18	-83	-41	-33	-88	33	-99
72	-73	25	66	-14	5	-9	5	73	-15	57	42	-42	-68	-66	-88	-97	-42	-54	28	-80	-8	66	-39	79	1	-49	13	9	-24	51	-34	37	78	-85	-71	-48	-92	-79	-98	4	42	8	17	8	46	-51	21	40	-77	-98	61	94	16	-23	3	-30	-5	-81	-16	16	53	-20	69	-50	-60	-43	-64	66	97	74	-99	43	41	90	22	38	48	-52	-37	-47	62	-64	-31	84	46	23	31	-10	13	11	-21	-100	-85	-97	92	-24	61	22	-48
-1	-25	73	34	-4	95	91	69	46	-35	-78	-91	69	2	-60	39	-84	22	-19	53	85	75	10	-87	8	11	0	-23	-23	-7	-40	-96	-77	35	44	9	64	-35	-36	29	95	75	9	-14	27	55	-64	-15	32	42	-49	18	49	-70	69	36	12	50	83	-56	-76	-19	10	20	-5	-87	43	73	-77	-65	-88	-82	-44	-67	96	-11	-87	-52	79	-36	90	-17	-12	56	-43	79	69	-69	-65	-89	-97	-91	82	-79	-37	-94	-76	-97	-5	25
38	-1	-97	-84	38	32	-82	-38	94	40	-18	-65	41	-29	95	-18	-60	-15	51	-20	45	17	80	93	50	56	69	38	32	-35	-32	45	-86	0	10	9	1	82	-99	11	-25	-96	93	45	0	83	83	-81	-20	24	17	-78	-77	-90	-19	10	1	10	-34	4	74	96	-86	17	82	79	98	-67	-91	-56	93	41	-42	37	-2	47	69	-76	-62	47	-48	-69	-50	72	52	95	-49	19	-11	-26	65	-94	36	80	85	78	-19	66	8	37
61	56	7	75	-93	14	60	-92	-80	-58	6	79	-54	60	37	27	-40	54	-23	46	71	-29	-88	76	-49	2	-88	9	-42	32	95	-53	-86	-27	60	-79	42	90	52	-42	59	-56	-97	-55	-83	-5	39	86	39	-17	34	-54	66	23	44	-6	-9	-15	-29	38	84	36	3	-47	-77	11	90	-12	47	99	72	-41	-68	-88	-50	39	91	57	-24	61	-6	85	-43	-62	18	-33	79	-67	7	34	35	19	6	-33	76	-49	78	-42	-13	-48
35	100	42	-13	67	91	-82	-54	-24	-67	-42	49	33	-48	-25	11	71	-93	74	75	-44	9	-35	89	-49	35	-6	17	30	6	25	73	70	-98	17	67	49	-87	98	-15	-53	55	86	15	-57	-76	-28	57	76	-18	73	-47	14	-41	57	-42	-79	92	79	-100	-37	-51	-3	-47	-58	32	-31	-3	-81	-96	95	-91	-57	-48	-32	10	-66	-20	99	-66	23	-63	71	-77	39	32	-89	-73	-8	97	3	80	19	-84	62	-38	-47	90	100	-63
35	3	-88	-75	-10	41	80	21	43	83	-88	33	38	17	-80	-12	-88	-78	-56	-82	-16	-17	-87	-77	70	-23	98	16	-82	79	77	25	5	19	-42	-99	81	-55	-33	51	-30	94	-79	28	-87	-67	12	-72	61	-24	20	-79	-43	65	-49	14	-49	19	-52	0	6	14	-85	51	-85	73	-92	-83	-27	62	15	89	-2	-36	-28	-94	-45	59	-1	32	86	-85	43	-24	-98	-8	68	89	-35	49	-56	-30	-53	58	11	-40	-76	62	-35	41
-32	0	-25	-34	70	-39	-50	99	49	-89	-15	66	-49	70	73	92	96	-97	-1	31	-98	-43	-76	39	-89	5	34	59	39	-68	76	-57	-45	74	-65	-98	36	-93	3	-89	-77	0	84	60	-83	91	-27	52	16	28	14	12	49	-73	-7	54	0	44	-7	100	52	-26	-63	37	-33	5	96	32	-40	43	-48	-76	99	-80	-1	-66	98	-41	78	-54	17	51	1	0	98	-97	94	4	41	-30	-45	-65	64	-30	19	86	63	60	-9	7
94	-5	97	-83	86	-60	5	-69	49	6	-94	12	-81	61	18	-83	-76	45	-39	-7	76	30	66	-2	-96	-86	22	-38	8	-20	-27	69	82	71	56	32	-81	77	-81	65	-95	-23	-61	33	43	81	-29	87	-47	-17	66	-80	6	83	99	-22	-91	-17	-28	96	5	-13	-72	93	-91	50	84	68	75	4	73	85	-58	-43	-75	-90	84	96	80	82	-83	-94	23	-21	-58	-54	-92	85	-90	26	32	57	-96	80	-8	-23	-5	-92	91	36
32	-61	-97	42	-17	-22	-22	10	-74	82	-75	-8	-3	-53	44	86	-33	-86	70	60	-60	11	6	50	67	73	-50	62	53	95	-43	-42	37	67	-60	53	-12	-59	2	97	-5	71	-7	-57	-100	-57	28	53	-28	-51	-84	-90	95	5	-8	-95	94	-68	-57	41	88	69	-3	-35	32	-70	-15	-19	-28	74	40	67	-82	16	47	20	39	-14	91	-90	88	-22	99	-3	10	-53	10	-3	-94	-15	53	23	71	47	6	58	23	-35	11	56
-17	-6	47	-96	90	-91	93	-48	95	-34	19	72	27	-21	-50	73	46	96	-41	-38	-13	-86	58	32	75	-9	23	18	94	-89	45	-84	33	12	-58	-69	87	25	-40	-86	92	57	22	-45	56	-33	97	-100	86	0	51	-99	49	80	-96	-14	89	0	-70	5	28	15	49	37	30	58	-91	-14	-31	55	-26	-41	41	-73	79	-60	-77	-97	72	96	-77	4	16	-85	-72	-4	77	20	3	-29	78	83	-11	22	-22	22	-94	24	24	-87
56	-73	98	50	55	5	-36	52	96	78	95	99	93	37	95	-21	-52	-97	-83	68	60	-93	-23	-58	-16	71	-99	-40	-38	-71	52	27	28	-16	2	-14	-9	-12	35	-28	-95	61	-15	-29	22	28	-60	22	-45	-53	6	28	-48	-82	92	-9	48	33	-77	-18	-90	-28	4	77	-31	38	12	-71	-80	92	27	-46	77	56	-2	-37	82	-94	-97	29	13	-58	-85	24	92	-2	-52	-22	-78	59	-23	-2	75	84	42	14	57	4	-70	-88
-64	-3	53	-30	-79	-60	-45	-77	96	16	4	7	22	14	-61	-4	60	26	-85	6	90	-57	5	-96	-11	-28	-42	28	-100	32	-56	-91	71	33	-10	-20	-57	65	59	-35	47	75	6	87	99	24	-72	-4	6	2	-87	-29	22	-25	72	54	-41	-18	14	34	98	31	55	85	-52	-70	-89	78	36	39	74	97	-90	-13	-73	100	-95	90	-42	2	-62	-56	20	52	33	24	14	46	10	16	-14	38	-2	34	77	-80	-37	-52	-17	83
100	19	-66	14	-89	86	81	22	100	-96	30	-73	-54	-34	37	-98	-14	-58	35	82	96	-71	-5	72	-61	-38	-87	75	-65	92	-17	42	81	-78	-23	-67	-14	8	-30	70	47	43	-39	79	-9	72	52	-27	-42	93	-20	99	-72	-95	40	87	53	-30	17	-89	29	7	-30	-16	30	-97	35	90	-67	46	-33	2	16	-6	-27	-12	69	88	-5	38	71	-48	12	-45	80	13	-49	-38	85	-88	-34	74	-70	-52	37	19	91	8	-97	57
-43	97	65	-54	86	56	-40	-56	8	50	37	4	-26	-64	38	-76	-23	-92	39	62	-61	-53	-18	85	-26	-28	48	-85	85	-26	39	-75	-25	-29	-16	44	-84	91	-72	-14	19	-93	-28	-97	9	-5	84	-24	12	84	88	13	16	-87	23	-24	-53	-36	20	-8	66	-16	-62	59	11	-51	-91	80	77	-88	18	-73	11	9	35	-86	99	40	33	-56	-98	-54	-72	46	-48	44	-27	-60	-6	-87	-76	-51	36	-23	-90	-8	-33	-51	9	69
-99	-78	-31	-74	-30	84	2	1	-78	-31	30	-52	-32	-96	-65	-75	32	-84	-37	-5	89	-14	42	40	-17	-21	-52	22	-31	75	82	-75	-54	44	42	-100	57	10	-76	-65	74	53	90	83	10	-91	-45	3	-82	36	-41	11	-21	66	-86	-19	62	-91	-23	88	99	-28	-64	71	-68	-18	55	-87	-95	-89	-95	65	-33	98	-82	74	-64	45	82	-67	1	-86	-32	-4	70	64	61	84	-12	-32	14	89	48	32	19	3	9	28	70	6
28	-26	17	14	77	-7	-46	-71	-90	-82	-88	-91	18	56	66	40	44	87	-34	-39	50	12	-9	-36	31	25	-2	-46	-3	-83	80	44	-96	11	95	37	-15	62	-78	75	10	-84	-53	39	19	29	-60	-27	76	8	67	87	-81	-66	-61	5	-16	18	7	80	48	-91	46	18	-35	-81	72	-16	-69	-10	82	-30	19	57	-30	-8	-65	96	-54	-9	-61	31	-15	-96	-3	7	47	59	-74	-62	-12	-73	-58	-83	43	-80	-20	-34	-56	-66
-35	33	20	-23	4	36	-25	94	100	-35	-15	-39	37	-63	-28	-46	-99	7	15	32	-100	-35	33	-36	-6	56	1	58	-24	-53	-62	31	62	40	94	-32	65	80	61	43	80	60	-30	9	3	94	-60	-70	60	77	95	58	-53	44	-78	-64	89	-77	74	51	-40	-41	-93	-59	50	-36	-22	70	-76	64	-4	10	3	-19	-21	-63	43	-57	15	-91	-99	-4	16	44	51	-29	-92	-83	-57	40	34	-42	-15	-41	93	11	-3	82	100	66
25	-49	17	-100	-96	-47	-17	28	-25	63	-52	41	-60	44	51	78	-55	95	81	93	-6	-89	83	15	-59	28	-30	-94	-24	-98	-65	-56	-66	-85	82	80	-73	89	-83	-21	55	38	-70	-26	-9	-5	56	55	-11	-39	27	12	-36	-91	-15	47	83	-49	-41	37	47	31	-38	-11	-28	12	34	83	-71	47	100	25	19	-85	-32	-86	30	39	-64	-4	-53	29	-44	-61	5	-46	-51	4	77	-2	28	-94	-12	42	57	39	35	-80	-86	-26
-56	99	-94	69	-60	30	32	-38	78	38	11	46	27	-58	-49	-13	-78	82	39	-88	10	-17	86	-30	-8	-16	87	40	-26	36	-85	-55	68	-94	-79	63	30	66	-78	-59	-24	-68	60	-92	57	84	57	12	-65	85	-46	8	84	-30	-67	100	-83	10	-25	0	-60	4	-66	20	-56	-44	-7	85	68	16	-68	94	-93	-99	-28	46	-43	-90	76	66	32	-59	-83	54	59	16	47	-13	-32	-97	-41	44	65	12	9	15	39	-23	-44	-41
65	34	-64	51	-14	31	-22	-15	-95	-21	19	-37	-75	-98	-10	-82	-64	-95	-4	-33	46	-17	-66	9	-54	-29	-86	42	43	52	12	25	22	60	-32	-63	20	26	25	58	19	10	-69	-38	60	69	40	-80	15	-62	58	-33	98	-2	70	41	85	-26	86	-81	78	-90	-25	3	78	-77	24	67	-74	76	-18	81	-16	47	24	27	-74	-31	-29	-39	55	40	-75	96	-53	70	17	-54	-12	-80	-30	84	72	-79	4	-23	-3	63	-85	-24
-97	74	84	75	-93	3	-99	-93	-45	89	-95	98	77	79	-96	-59	-32	-35	38	80	88	-61	78	32	55	41	99	53	-33	20	43	24	-41	-70	24	-22	94	-51	-73	40	37	42	35	-58	-81	-56	-92	71	32	-42	56	-82	-97	-86	96	-42	26	-95	-45	-96	34	99	-30	100	15	-38	11	-9	-29	-11	63	-50	-92	-66	-89	-68	-64	71	-100	-6	26	-47	-21	-55	-88	-37	40	-50	56	-52	100	-27	84	77	94	38	-22	-24	40	85
-32	29	-36	56	-7	-53	2	43	97	31	92	17	72	25	-10	-62	-66	99	78	65	93	-75	-20	71	-72	-69	99	-23	61	48	-75	56	80	81	46	61	71	40	7	-60	-89	53	-52	-16	-95	91	76	-75	-7	-61	-62	-89	-66	-28	-19	-3	77	-2	18	55	-30	15	-77	-11	-10	73	19	12	-98	20	-25	40	-92	-62	-15	50	-27	-78	-66	58	-86	24	10	-6	-24	-7	1	-94	-88	67	3	35	-35	70	-23	37	81	-8	-77	45
65	26	14	16	92	-34	-55	75	-9	-81	-65	-62	15	0	-22	-25	-93	86	43	26	79	39	9	-3	-6	-47	44	-41	46	92	-99	-25	-5	54	25	21	-15	73	-60	-34	100	-28	-68	-26	-72	-55	-14	57	16	36	-55	32	-81	41	-10	-79	100	-60	13	6	-61	-55	95	95	-67	78	52	-53	44	-23	-87	64	69	10	-46	6	55	-45	2	50	6	-15	32	68	31	90	7	31	65	-71	-90	52	90	-30	80	-21	46	-57	7	-77
9	-8	55	21	40	20	43	-63	-81	-95	-35	19	0	-24	97	-8	2	-49	-11	-98	38	42	-88	35	-49	-26	58	-87	97	19	-81	-74	48	77	-83	-66	43	22	38	54	55	23	-74	-77	-5	3	49	44	12	90	-31	-13	-85	19	-43	15	-95	-59	51	36	30	-51	-94	-96	-66	71	-14	9	66	88	-33	-94	78	-64	-25	14	-49	73	-86	-74	-54	13	-38	27	-2	12	-34	-32	-18	91	-57	82	93	37	100	44	9	-9	-72	59
-55	-100	100	-41	-61	-86	-71	27	72	97	1	-1	72	-38	49	100	-80	-76	23	-78	28	-84	-16	-26	60	-64	-4	-4	38	-11	23	74	44	9	89	-30	-13	69	-37	-70	-54	94	-37	-27	83	-64	-99	58	5	92	-84	75	73	-98	53	8	19	-59	-85	-75	19	-88	-62	14	-64	-49	24	-20	93	-3	-36	83	-56	68	39	-14	-18	-99	-49	-26	12	-16	-6	-96	-4	-42	-5	-25	-17	3	17	-96	-96	17	57	10	13	89	53	31
82	81	-7	85	-33	-30	-28	-31	-23	-64	62	25	-68	-35	79	41	10	61	72	-94	14	75	37	-52	-43	69	-53	-36	40	-89	66	24	71	0	2	-41	-66	66	-14	-62	44	-22	49	-47	-52	94	-74	-45	-88	6	-80	70	90	73	80	75	-67	4	15	-47	78	55	26	88	-26	-71	-11	47	24	24	-91	32	48	15	98	-66	-57	-1	99	59	-76	-87	-52	27	-57	29	76	23	-73	-56	-67	-77	42	-2	-55	24	64	33	11	-27
49	88	49	-71	44	25	70	-85	34	-30	-34	-71	-71	-4	93	-4	-68	-98	-43	-24	85	78	51	32	-73	-9	12	83	-54	-59	62	16	-51	-100	5	7	53	92	-49	-8	20	-74	32	75	79	11	-3	86	97	37	74	53	-90	-12	-51	82	28	9	-93	8	9	-68	-36	-70	73	4	-88	49	-85	-47	17	25	17	55	-5	80	2	-46	-79	-63	-59	-45	96	-28	-22	87	45	-34	-24	-44	38	-96	-83	-24	-67	-75	-42	2	-32	-9
-85	29	-99	-71	50	49	-46	-54	41	48	49	-75	4	1	-24	52	-60	64	66	0	3	-95	-51	91	-67	-31	46	-4	-77	4	45	28	-94	-78	-23	-100	45	-65	-69	-6	-51	6	-74	27	-2	55	28	44	-66	74	39	24	-36	-47	-42	3	-48	-2	37	17	31	-50	-87	8	-58	67	47	-95	36	35	-76	-26	-88	-50	50	-69	-94	93	-93	-91	-72	33	-83	-41	51	51	-66	-22	56	40	13	-16	95	-90	81	45	-55	32	81	-77
48	-69	20	-21	96	64	-46	81	-17	60	62	21	-32	-62	87	21	51	99	78	45	-70	-35	-45	96	-7	-76	36	62	46	-95	17	-100	-70	-76	65	30	39	-83	-45	16	92	7	39	18	81	55	-56	-36	-38	-61	48	-38	-85	95	-5	54	-98	-22	-76	88	-75	-45	-56	34	-9	-68	-1	-82	-30	1	-97	-43	28	16	-60	29	16	-88	3	-82	-11	4	46	18	89	-94	92	-77	-39	-73	-74	14	-87	42	-27	-17	85	-50	70	-31
-49	93	-39	17	28	13	20	-5	5	-28	95	88	9	-100	-26	13	-71	-1	-33	-7	-31	80	94	-44	-4	-100	73	35	-72	51	-68	-43	5	39	72	85	-71	41	9	16	-98	-6	65	86	95	97	-4	-87	93	-26	56	25	87	-71	-65	55	97	-46	72	75	69	-86	-42	-46	-60	-49	62	16	-87	-49	85	-7	-14	74	-4	-26	82	-1	-48	52	5	-82	-94	-55	86	16	60	95	-57	89	-15	73	-26	-94	54	-6	-49	46	47	82
-24	43	21	43	28	-64	-67	80	86	-50	54	-58	-71	93	14	-99	12	27	-35	-1	40	40	-57	-56	-42	72	-34	-2	-51	-58	37	12	-59	85	64	58	56	31	69	78	36	-31	-81	-31	-16	69	-21	62	-12	29	-7	-95	-27	-12	38	58	23	14	49	-75	99	33	-65	-31	11	53	-32	78	95	41	-14	22	-41	8	40	82	58	-67	11	40	-53	-100	97	79	-88	62	56	62	-14	-98	-34	-35	36	52	-8	-26	-90	60	33	-40
42	-53	-33	40	-39	94	19	-68	-15	-71	-68	55	57	-49	-68	14	75	-26	61	-74	-33	-97	19	-6	-6	-98	80	-58	-4	-84	71	57	52	60	-58	-63	-19	9	-98	58	80	-85	68	26	86	-23	0	-31	-41	-59	-19	33	-97	-100	-90	44	-72	50	62	0	81	-59	-64	-35	42	-1	21	31	16	-100	-35	-62	-36	-12	38	99	92	33	-17	30	-40	95	-36	7	19	-23	7	-99	-2	32	44	-93	98	58	6	87	7	91	9	-55
-59	-3	6	31	91	4	80	77	79	90	36	-31	52	6	-51	-27	-67	88	-3	-34	58	-51	-66	99	-14	23	-19	-90	76	15	-26	-30	19	-83	-35	28	40	-79	-37	-45	-65	16	-5	-73	6	-28	-24	44	-45	54	80	9	81	-70	49	91	-34	33	-7	-66	9	13	-37	44	1	-14	27	39	-71	24	-31	50	79	-69	-3	83	1	8	7	47	-5	-10	-12	79	-19	-89	90	-54	-78	-70	86	9	-100	-22	94	39	28	-83	79	-35
-99	3	-81	6	-9	22	-47	41	89	-99	38	-6	-82	-43	-41	32	54	-84	-9	-8	-60	86	-3	-84	7	-83	33	-45	69	-63	-58	-100	89	16	3	-16	-39	60	-97	24	-1	36	-19	-82	-74	-46	-64	-92	6	-45	-12	-55	-74	38	29	87	77	-76	-48	21	-60	71	50	-7	-36	-60	-50	-10	-51	-21	46	-24	46	-7	73	-27	54	-54	-10	-56	65	-70	82	-15	6	-7	95	-21	-78	-83	-8	-95	6	-11	-5	92	16	-69	29	-41
-8	-9	-98	-26	-41	-10	-99	1	28	-62	62	61	-95	-42	-77	58	1	69	71	79	64	-4	81	-61	10	52	79	-12	11	-86	81	90	90	-22	-8	-92	78	-2	-21	-41	-56	17	-89	-18	-63	-88	-96	92	-48	-27	-19	-100	-8	74	89	5	85	-87	81	-49	92	0	53	-9	-99	-45	56	-16	49	68	-54	-38	41	3	-21	94	52	74	8	-38	21	9	-28	73	97	-73	0	-18	-4	22	43	-62	26	-81	-44	74	-62	82	-16	78
50	-57	93	61	21	45	71	-20	-6	93	-50	8	43	-11	88	-73	-56	-51	-2	-85	52	59	-18	-55	50	-75	75	78	80	82	73	-60	-81	-72	-77	-83	-9	-18	24	74	-98	85	74	-62	-11	-49	45	-47	83	83	-85	-9	23	-47	-72	-12	82	64	83	-38	-26	-81	28	-41	27	51	14	-77	-32	3	-93	45	52	75	-39	-31	68	38	85	-77	85	95	-69	40	-87	81	-97	57	47	-69	-57	99	-35	-64	21	-84	94	-53	-62	82
63	-79	66	0	97	-48	44	-63	97	-85	-97	-63	47	72	-46	16	-58	15	31	8	-48	66	3	-29	20	84	22	23	94	8	-6	-53	-48	-30	-25	46	18	-28	8	-51	47	89	50	-63	-63	8	-17	53	49	54	1	2	-41	-67	-37	51	-39	83	85	-94	12	11	38	94	20	-47	38	2	-12	-62	19	-67	-93	-66	-75	31	55	-10	-25	45	44	-37	90	-52	-63	-23	95	-75	-93	48	-58	68	43	-14	-21	88	-30	18	24	-45
65	11	-73	45	19	56	36	83	49	63	7	57	47	-93	4	-7	15	-28	57	-85	0	82	-53	15	-93	-64	81	-18	-20	-30	-23	18	-7	10	-89	4	11	74	77	63	43	-100	-98	59	-20	-5	-88	-79	-78	72	48	65	30	-43	74	9	-58	-90	69	46	0	83	-18	-15	-27	57	18	-35	80	-100	-47	-75	26	91	19	-83	-17	-100	-77	13	-43	-25	92	-68	-98	-44	-15	-26	-60	-33	3	9	89	-38	99	-22	100	1	18	-81
60	-29	47	-13	97	14	12	-19	-93	-98	-55	75	-92	-17	-31	21	98	26	-44	-71	56	-60	-67	-66	-32	67	-18	-79	41	74	-72	52	42	-41	-70	36	-31	-4	-83	-52	51	47	-86	-1	-43	67	-13	92	-4	-84	80	-76	10	72	85	67	-29	51	67	23	-74	-30	-4	-10	-95	-50	79	59	72	18	60	-22	-69	57	52	-6	-73	-45	-47	4	75	-61	97	21	50	1	3	5	7	92	-63	33	-98	19	4	66	93	-6	-32	43
-93	52	83	41	49	58	-57	85	-52	61	21	46	-19	-30	3	73	39	10	-74	33	-35	-86	49	33	33	1	-4	29	-24	91	-21	-42	99	38	24	79	8	-63	90	27	5	67	-82	-40	51	88	-5	-25	94	-27	-95	97	-11	57	-51	-29	-48	14	-18	63	-76	-63	-27	-82	37	91	91	49	-33	28	-56	-85	-87	45	-99	57	-4	51	84	-43	92	44	43	-56	-55	43	-84	-14	-94	-75	-5	-73	-91	96	-25	99	-35	-2	-10	79
-84	34	94	16	33	9	-47	-34	-65	-83	69	-42	11	61	-34	98	9	91	-47	-20	16	2	-73	-27	-43	-94	-49	34	-7	57	-83	-98	-25	57	-29	-20	-30	17	-93	37	-12	91	4	-31	-97	98	46	-59	-32	57	-66	17	-46	83	-46	11	78	96	-27	-57	-4	5	-1	54	56	26	60	0	-78	45	-81	1	22	95	23	-2	-32	79	80	-3	-15	4	21	32	8	1	38	-62	29	40	94	88	36	-47	34	74	-8	-22	16	37
-29	-42	94	35	-3	44	-41	-5	11	-91	14	85	36	-42	-80	-38	39	-43	91	34	23	91	-31	45	-62	-98	97	6	97	37	-46	-91	77	-37	-63	-71	25	80	-71	93	64	-98	-9	20	-51	8	93	-72	69	16	-56	29	24	-18	-60	-5	2	-61	-83	-63	-18	-65	-77	-81	-84	94	-19	-62	-25	-2	30	-90	21	25	-9	52	-34	9	38	-38	92	81	92	100	21	100	-79	70	-58	75	76	42	28	-93	-5	88	83	-4	-1	-48
92	-86	-65	35	24	-8	-90	-98	23	86	36	60	-54	-77	-14	100	78	22	-91	30	-97	67	37	64	51	23	-29	-68	-35	-40	0	51	-83	-39	-34	98	-55	-27	3	12	-76	-56	50	-79	-77	-68	-84	-97	55	80	50	2	47	6	56	1	-93	-75	88	-68	-41	-39	-19	-69	-75	58	3	-10	-21	0	92	-87	25	-91	-14	-29	-80	-48	-57	23	-88	10	-18	-5	1	50	4	87	-30	24	-34	59	21	-92	20	-88	15	-36	1	29
20	62	-69	-72	-47	88	-67	10	-26	28	-51	-100	74	-58	39	29	-82	50	43	-16	28	-74	-9	47	34	-86	-19	-30	-48	10	-5	-30	-78	68	-88	48	-41	51	-19	63	-69	-56	39	-20	-51	-20	17	-30	47	28	17	-92	-96	-49	12	61	-85	61	95	90	19	22	89	-17	60	-81	54	-79	70	65	-76	35	-64	-29	45	-100	-95	-93	-28	43	54	-72	-97	-36	21	89	-29	54	11	-70	-12	-66	-79	-85	-34	-7	-16	-88	-97	71
39	44	64	-4	-42	86	-66	33	35	-82	-60	0	-70	31	-97	24	-18	70	70	61	21	-40	51	-34	-34	-86	-98	65	89	-25	-51	-70	-33	76	-20	72	24	22	11	1	68	71	65	-38	-83	-66	18	46	-15	-100	-100	91	-100	-20	19	100	76	-57	84	-81	-33	77	-90	92	-16	-95	42	-6	27	49	47	47	2	-63	53	86	61	96	-93	27	54	73	72	55	0	-38	59	13	62	72	95	57	73	2	-82	-63	76	-89	-35	-70
-38	-27	96	48	-48	67	-10	-37	-36	69	-87	38	-62	97	97	-51	-43	3	0	-23	-96	-48	-47	55	-79	50	77	-79	-3	37	-29	-71	-67	-67	-37	-66	-90	46	-43	76	-3	-87	20	-89	-38	-79	42	-81	-53	15	-11	8	-3	-95	-47	-45	-28	5	16	100	84	60	-38	82	-81	60	-44	68	-59	26	-18	-9	-70	92	57	-16	-23	-17	-39	59	71	-38	45	-8	-32	-24	-5	43	86	42	3	90	-8	-29	35	-7	-89	-30	38	13
-62	-27	6	92	-51	-58	-53	-34	-4	42	-1	31	13	-79	47	-100	-18	-14	-44	-56	49	-56	-72	-65	29	-37	38	-6	-91	14	34	-49	91	82	-8	-7	64	51	-14	-9	-86	-22	9	-64	-64	54	79	-49	66	-4	-60	98	71	88	-32	43	-58	53	-36	96	63	-75	1	42	-91	-41	71	12	44	61	62	-1	26	46	-100	15	-3	-71	33	9	-16	-99	83	0	16	-11	-78	-18	-5	-29	64	33	-33	2	61	12	27	-93	32	30
5	34	70	-26	5	7	-83	-77	44	-49	73	-75	-92	-37	-5	-59	-62	-50	80	-38	62	74	-31	-68	-19	-82	88	23	-27	22	47	46	-63	-96	36	92	-96	-26	-25	75	0	35	-67	78	34	-6	-50	24	-93	73	-4	-61	18	57	57	-100	-5	-23	-56	67	84	-83	48	-39	3	98	-63	-69	11	-5	-78	-30	64	-28	7	-58	52	-48	-38	36	14	37	-19	-33	-38	84	-81	-46	53	65	1	29	-61	2	95	59	-93	-93	-62	24
67	-61	56	-51	-93	20	91	60	-83	31	33	80	66	97	-47	-47	85	55	-20	-20	32	60	-70	-23	-10	-65	25	52	0	-97	-49	20	-2	-85	75	-44	-90	70	29	79	31	62	-26	40	6	40	37	21	-46	-78	48	-59	-78	60	-23	-55	33	6	60	-38	71	-88	-92	-70	-83	35	14	78	-41	-71	38	78	-7	74	43	-25	-13	-24	42	-16	4	-67	18	-82	25	-56	58	-84	45	-80	-87	67	95	-1	-37	-48	86	-92	-56	-100
-1	37	17	16	92	-80	-82	57	87	52	-81	-24	40	-50	-29	50	-89	-20	83	100	-68	-80	-70	93	40	-34	15	-69	47	90	6	-99	5	7	1	-60	95	62	-25	-50	21	-73	57	77	-26	-71	6	-46	16	77	1	-82	-30	35	62	72	-8	79	-47	-98	58	-73	75	91	96	-35	-20	90	45	-11	-100	-15	10	54	10	95	-68	-93	82	-4	-72	61	-34	27	-84	84	-86	78	-75	-92	95	-45	-54	-4	96	61	7	25	99	52
-73	53	3	-2	-5	-21	10	42	90	5	-24	-34	21	-96	-61	24	-33	30	-74	52	-51	-75	56	42	-23	-60	-70	20	-94	-14	4	63	-98	34	58	-26	93	-75	-38	-16	-1	84	97	-74	-10	3	-24	65	97	-62	-47	64	-94	41	-95	-72	47	3	19	70	79	-58	-18	-57	4	-16	-86	-26	66	45	92	70	-25	72	0	71	46	41	-32	51	-49	9	-4	18	-20	2	-73	-100	78	-6	90	-99	-84	-22	-13	-95	52	98	37	11
4	2	-8	-78	-76	46	-46	90	48	95	-20	-11	-43	-12	98	-85	-17	28	86	93	-20	84	53	62	-11	-90	29	53	-51	63	-81	1	81	-3	-45	-71	-68	37	84	-33	38	18	-7	51	79	66	2	-71	-19	-47	-85	100	9	-32	-26	13	-53	-33	29	-26	14	-71	58	11	4	-59	21	61	39	-46	26	90	63	46	4	48	-22	40	1	43	-73	8	57	-24	-39	-36	20	63	-76	-66	-28	35	5	83	-66	4	33	-50	-91	-9
-77	-29	85	81	-93	-60	64	96	90	-98	-39	72	43	-9	25	92	86	-93	-79	15	-2	-39	-61	-77	14	29	-31	56	50	-4	79	-64	99	-42	-33	75	29	94	-82	6	-79	-19	86	-2	38	75	82	-13	34	9	-69	-20	17	-17	-61	17	42	-53	-51	76	-39	-84	-89	-37	-64	-60	85	51	68	63	-44	89	-3	88	77	83	39	-83	-90	-73	55	-81	29	31	24	-92	29	25	3	-95	19	-78	36	-89	26	-98	36	-88	-37	74
-74	-85	58	79	-26	6	7	33	100	33	-35	-42	98	-80	-58	-43	64	6	-52	-63	-92	15	-87	-100	-2	41	-7	-38	-28	76	18	-62	-57	55	-13	56	-23	35	57	38	32	50	13	-99	-18	-54	-1	43	50	37	-13	-8	-74	-49	-66	-34	-89	-38	99	-45	62	57	-96	82	93	3	-24	-57	71	-81	-53	69	17	82	59	-80	-64	-97	99	0	45	92	76	71	-43	-83	98	-19	83	-56	-67	-1	69	-51	0	57	84	-67	-82	-87
-89	-51	-9	7	-74	-52	65	-95	69	48	-45	63	-34	11	17	-13	-70	-8	73	40	-3	-58	-41	5	38	-25	2	86	33	-51	36	92	-27	15	-80	-72	16	79	13	81	-29	-100	29	5	15	48	-96	16	-41	16	-73	-76	-90	57	97	-28	-66	70	52	44	-24	73	-62	61	10	47	-31	-42	68	-99	50	10	-50	-30	44	-34	-91	29	-50	-100	-73	-47	20	99	-96	-88	33	11	-86	-72	39	-54	-36	-33	23	61	-27	43	63	-87
-60	60	100	-64	-73	-55	30	23	64	72	97	-19	-46	95	-34	59	-36	-68	67	81	4	32	-91	-47	44	-31	94	97	-27	-65	59	-20	100	91	43	25	-82	29	-63	27	-33	24	95	34	14	-80	54	-26	32	94	61	96	-49	16	58	-72	32	45	-14	-75	47	91	0	36	-70	90	16	-63	58	31	46	-97	-81	39	32	-75	-21	-58	-92	-84	2	-29	-30	21	75	21	-65	-72	-97	-12	94	49	-41	87	95	68	32	-14	96	-23
-19	14	-90	-49	-96	39	-18	-73	-100	-81	30	78	40	-75	-52	-72	81	-10	-2	-30	97	-49	-26	-54	-65	80	24	-58	-86	78	-41	-53	-18	-33	-22	-97	23	70	84	2	41	-90	-32	1	-67	-5	-95	48	71	7	-1	41	-21	43	-99	-19	-24	-85	27	-31	-55	-20	-83	73	23	-53	10	37	21	-51	-21	-84	11	-59	-17	-35	-52	-44	96	-25	-46	73	99	51	33	-69	77	20	-78	26	100	-28	19	-65	66	63	51	-68	8	-58
-4	63	-73	-31	-7	-95	32	18	-24	64	-68	7	-45	-24	87	-18	76	97	61	-36	29	-72	5	-90	-17	40	-37	-6	-38	-2	-66	39	-12	98	5	34	-94	-75	-12	5	17	-77	57	33	67	57	8	19	78	-62	-40	26	29	-100	-100	68	-79	-3	18	-100	84	-76	-99	-42	-86	68	37	-86	80	-63	35	68	6	-11	75	45	53	8	-8	-63	62	-89	-33	48	-8	13	91	-43	8	-35	14	83	20	17	69	-3	32	34	75	-50
33	-2	-29	-57	43	48	95	54	88	-1	-79	7	53	-98	92	38	-62	-59	57	92	38	-85	-94	65	12	51	-20	-37	43	-54	82	69	-98	-81	100	-14	-8	61	22	-13	-60	45	-1	62	0	-63	-86	2	-44	-76	-90	90	-84	-49	-60	48	-87	23	-85	63	-32	13	25	22	-95	-24	-10	1	-70	-35	-29	82	-84	79	2	-74	61	43	25	-49	-6	-34	-79	92	20	-87	32	-64	-10	-47	-64	18	79	98	16	100	-34	95	-75	-43
-81	20	100	-7	23	11	37	-47	94	-34	-59	79	39	-12	-50	-14	23	-77	98	50	22	-40	-38	-4	-31	-29	-40	-61	-74	76	70	71	14	82	10	80	-80	14	65	62	37	71	-44	-24	40	2	-24	-12	70	-79	-71	70	31	-65	-42	-11	46	-23	-94	-3	-27	34	-59	-6	19	-66	-78	-10	70	80	83	41	-18	32	50	-46	-55	-62	94	9	-90	-94	-82	99	-56	-19	-35	28	-13	2	-4	42	88	2	-77	79	-69	98	-12	63
-39	-73	90	51	70	70	-15	-36	-33	85	-71	52	65	-73	-14	-58	-83	55	42	-24	-11	17	15	-53	42	47	28	-75	-14	45	-26	-95	-13	-76	62	-35	-57	71	20	18	-89	-55	8	2	24	71	30	-73	-33	-9	-13	-63	-35	46	-44	80	-21	-69	79	-67	1	-7	35	10	-40	22	-90	55	-38	-92	-66	57	24	32	-51	-12	36	-71	36	84	-6	-21	-65	-57	68	-43	-40	46	62	-62	4	10	25	30	-11	-61	3	59	50	41
92	-31	-80	-45	-17	24	-23	-83	-88	17	-63	-26	18	-58	-22	92	17	-75	-34	-73	76	-49	-50	61	8	-87	-96	-15	32	-19	-43	97	5	96	82	68	-42	70	53	-57	15	-79	-44	-61	-45	63	-67	-67	7	14	76	-92	81	-32	-37	-17	-14	-28	72	26	6	78	-68	-57	-16	84	13	44	-99	-23	-80	11	65	97	40	-94	-85	52	50	-77	30	-61	67	-48	-72	-90	54	-54	1	-86	53	12	-48	-84	49	3	22	0	-28	49
-68	37	-32	55	-96	74	-87	-98	-5	-11	27	-89	75	-55	-58	64	72	63	-51	-72	-83	-50	-60	-16	-97	-76	23	62	63	-30	38	-89	45	-75	26	75	-14	-12	51	-73	42	-9	45	95	-12	-98	-80	39	-30	23	-26	-59	8	95	-4	77	25	-35	72	-61	97	-65	-96	43	60	29	22	-42	-89	-12	34	81	7	87	52	79	-24	96	74	-57	35	58	69	99	-48	-25	-50	-64	-58	-38	66	25	44	-50	86	22	-63	46	68	86
-72	22	-45	72	-25	-41	6	-90	-39	-37	96	28	-27	3	-58	52	-2	57	-90	0	64	-75	50	86	-98	-92	-61	0	-85	-48	-81	-52	52	57	-89	-25	-79	-91	-45	-32	57	-93	96	-47	28	0	-19	-8	-8	55	95	44	84	2	64	-92	26	-32	33	88	-60	-43	54	46	26	-86	-1	-98	-85	13	-76	-64	-13	-60	-91	-23	-37	-98	-29	88	-1	91	-18	-98	-37	-97	1	-79	2	-9	60	-49	-13	-34	-97	-28	77	-3	-18	20
92	6	59	-29	-40	-25	-30	-20	-59	-60	-67	-69	38	42	63	80	-100	-35	-41	70	-15	12	92	46	96	53	52	94	83	12	4	12	1	52	-25	-90	32	-44	-30	13	-16	-80	22	-26	75	-44	82	14	-38	49	98	76	-9	-30	98	-76	71	55	-35	-60	59	11	54	-97	-40	-4	-56	64	34	49	28	-39	-17	-20	-33	38	69	21	-85	-47	31	34	-65	-18	-82	-84	88	14	77	23	-76	-11	-12	-46	-37	69	47	-83	-78	-16
95	7	21	98	-62	12	-82	-31	-28	-87	3	6	45	0	-14	-32	78	30	51	32	54	-90	81	-45	40	58	-57	46	-57	-41	16	-68	-79	-5	82	88	93	-73	-59	16	59	7	-39	-9	-100	6	-72	-97	-39	-74	41	94	10	31	-73	-5	-30	-43	-31	-9	-44	68	49	-39	70	37	26	59	-55	-48	-49	79	22	35	-97	-57	30	-86	-94	67	99	81	13	-33	91	-83	75	-29	25	82	17	-42	49	-56	-28	-47	65	-69	18	-14
56	11	-54	-28	-5	-42	-20	-78	-44	79	60	-39	73	85	6	-38	55	98	6	-24	-10	-40	-5	93	86	59	78	-70	34	82	-52	-40	6	70	37	-14	-68	-18	42	-16	43	88	57	18	-48	-92	-2	-100	-56	64	39	-90	-96	18	40	35	-71	-28	65	-45	14	63	34	-12	-77	-100	-19	79	1	-65	-19	68	53	96	-68	-5	-46	16	-59	12	23	-89	-33	-24	7	-8	-31	0	60	-64	84	3	88	-20	4	-80	-46	-59	-89	68
83	-94	100	98	50	-33	34	38	88	-13	-80	50	-9	76	-44	73	-6	65	-92	55	54	43	-30	-19	64	-9	70	-45	-32	92	87	50	-12	22	18	-26	95	88	100	-30	-83	97	26	97	-97	-58	54	15	11	-51	34	51	42	61	89	92	13	97	-78	-42	11	56	96	30	0	-10	-90	-87	43	27	-34	-8	33	92	-99	-95	19	-61	-89	60	88	75	9	-100	-1	-21	63	55	-31	0	42	51	-89	-9	-91	36	12	-5	-51	-36
100	24	43	25	-55	-16	-19	-22	63	47	-14	18	-68	-46	12	-73	-55	-36	8	52	-79	16	-34	-97	-22	-76	74	0	39	77	-77	-25	72	-36	29	42	-40	95	-40	30	96	83	61	-93	97	-24	-76	55	71	54	95	-91	48	80	12	99	9	6	-60	32	-76	86	74	50	54	5	-58	-84	65	-14	-36	-34	97	-25	100	92	24	-47	-91	-74	23	-70	-23	-55	3	88	1	-60	-40	-29	30	-18	77	-23	71	-61	-29	68	-61	57
-60	22	20	20	-13	4	62	35	-79	7	60	-11	-71	-25	37	76	-28	86	-37	67	39	-76	-82	-27	74	26	95	-31	60	-59	-78	-60	6	-33	76	-23	-9	11	28	-12	8	-6	77	17	68	-19	76	96	-90	22	-71	98	27	32	-40	67	-15	-73	71	17	45	-53	-3	-36	-50	43	-98	-25	35	-50	-69	82	6	-7	67	-10	-10	17	-5	1	29	34	-100	-98	63	-50	-64	9	-75	-74	-6	-29	-11	14	80	35	-22	25	70	15
-22	76	-36	22	54	39	-77	12	12	71	-11	-88	-5	12	-71	-97	22	97	10	29	90	-88	-29	82	8	100	34	-3	91	-11	-75	60	-87	-38	-1	-11	-18	89	56	-47	29	-88	-89	94	13	47	38	4	-67	3	-54	-34	43	76	-35	-41	6	42	-97	-69	-74	71	-9	84	-3	-18	-69	-37	29	100	-72	64	91	57	54	-84	52	-88	-22	71	-15	82	-9	18	-4	-44	-31	-77	-35	-21	44	61	-96	-93	9	-91	16	8	-86	35
63	41	91	43	-98	-91	-50	-35	85	-49	28	16	1	-12	36	-84	12	25	-18	85	-83	-31	15	-67	-71	-74	21	-40	-37	-22	95	-72	93	-53	33	-70	-82	86	7	-63	95	-86	-59	42	-76	26	74	-20	93	57	99	-45	65	-36	-97	60	26	75	91	-57	-54	-2	96	71	-47	44	77	23	-45	44	98	35	-42	20	-91	-60	53	-46	-98	100	-28	73	36	30	7	7	-56	-81	-65	-100	-41	-44	-71	-35	32	32	47	45	12	-21
79	35	100	-84	28	-63	57	39	57	72	39	-43	21	-68	-97	0	84	51	73	-19	-20	7	-47	38	4	92	77	18	-67	-64	21	-43	80	28	64	24	87	-48	39	32	-53	97	-38	-3	91	84	-6	-56	27	86	17	98	-14	-27	-25	-72	-23	-11	50	21	-38	-86	4	-31	-60	-91	-99	-18	-47	-57	77	33	-55	-78	-32	83	-11	-51	-25	-46	27	15	-44	25	-25	-52	8	30	77	-91	-84	75	31	12	-82	-51	-98	-38	-48	-59
-66	31	20	15	-27	95	54	36	-17	11	85	1	-70	-63	82	33	77	44	-37	-69	-68	22	-79	53	-67	6	-70	0	81	74	42	-53	59	67	21	-4	-76	60	-92	-78	13	-77	21	-88	-82	-99	-28	57	66	-51	-68	77	-13	49	38	51	-2	15	-100	98	-28	-45	-39	20	-88	63	41	96	28	-53	-41	6	-80	85	-90	-47	-29	90	69	-91	6	-51	8	38	-70	98	12	-10	98	9	-68	26	-42	-53	-98	-67	-54	70	-65	-15
-36	-34	-25	80	-12	37	100	-22	-32	-41	-89	63	6	13	84	47	72	-76	-49	5	10	81	-84	36	-46	78	77	83	-92	-35	-67	-59	-61	88	-88	-57	96	-46	-97	29	-20	-57	78	-20	-39	-95	-17	81	-12	-8	-54	94	-56	11	-92	33	83	50	94	32	63	-64	47	-54	-48	-68	-35	-22	-54	-14	52	51	89	-21	67	-64	33	-71	58	-38	-44	-65	-39	61	-25	-18	-18	16	-63	33	95	-72	88	-2	-25	-28	-73	9	83	-5
35	-68	51	20	9	2	-60	-21	-71	-13	-84	55	-24	60	-49	-10	-69	-6	31	-58	-15	7	84	91	-43	78	-42	-23	67	-90	92	-35	-57	46	-32	-52	-16	87	37	-18	23	-40	94	95	40	-66	11	5	-86	9	-45	26	-81	94	-71	-84	74	0	-74	7	85	76	3	15	61	90	-3	27	-72	-41	87	25	82	-46	-53	56	-59	90	-74	94	-11	-23	87	71	-57	-36	-41	7	55	66	49	-28	-18	-15	81	75	72	34	-36	-43
