1. 0.002002
2. 0.024994
3. 0.001001
4. 0.002001
5. 0.001001
6. 0.002002
7. 0.002002
8. 0.001001
9. 0.002002
10. 0.001001
11. 0.001001
12. 0.002002
13. 0.001000
14. 0.001002
15. 0.002001
16. 0.001002
17. 0.001000
18. 0.002002
19. 0.008011
20. 0.001997
21. 0.001002
22. 0.002001
23. 0.008008
24. 0.001001
25. 0.002002
26. 0.001001
27. 0.001000
28. 0.002002
29. 0.001001
30. 0.001001
31. 0.002002
32. 0.001001
33. 0.002002
34. 0.001000
35. 0.002003
36. 0.000999
37. 0.001002
38. 0.003004
39. 0.001000
40. 0.002002
41. 0.001000
42. 0.001001
43. 0.002003
44. 0.001000
45. 0.002002
46. 0.001002
47. 0.001000
48. 0.002001
49. 0.001001
50. 0.002002
