1. 0.009394
2. 0.036336
3. 0.009571
4. 0.017512
5. 0.009125
6. 0.009848
7. 0.008568
8. 0.016139
9. 0.008052
10. 0.008322
11. 0.008175
12. 0.008553
13. 0.009016
14. 0.008865
15. 0.008185
16. 0.008170
17. 0.008566
18. 0.009147
19. 0.008056
20. 0.008103
21. 0.008246
22. 0.008457
23. 0.008235
24. 0.008386
25. 0.008801
26. 0.010377
27. 0.009454
28. 0.008592
29. 0.008843
30. 0.007840
31. 0.008192
32. 0.008555
33. 0.008150
34. 0.008108
35. 0.008694
36. 0.008039
37. 0.010382
38. 0.008446
39. 0.007981
40. 0.008553
41. 0.007933
42. 0.008771
43. 0.008182
44. 0.008878
45. 0.011119
46. 0.007810
47. 0.008338
48. 0.008259
49. 0.016114
50. 0.008012
