0
0.51083
0.91629
1.2238
1.4663
1.665
1.8326
1.9772
2.1041
2.2172
2.3191
2.4118
2.4967
2.5752
2.6479
2.7159
2.7795
2.8394
2.8959
2.9494
3.0003
3.0487
3.0948
3.139
3.1813
3.2218
3.2608
3.2984
3.3346
3.3695
3.4033
3.4359
3.4676
3.4982
3.528
3.5569
3.585
3.6123
3.6389
3.6648
3.6901
3.7147
3.7388
3.7622
3.7852
3.8076
3.8295
3.851
3.872
3.8926
3.9128
3.9326
3.952
3.971
3.9896
4.008
4.026
4.0436
4.061
4.0781
4.0949
4.1114
4.1276
4.1436
4.1594
4.1748
4.1901
4.2051
4.2199
4.2345
4.2489
4.2631
4.277
4.2908
4.3044
4.3178
4.3311
4.3441
4.357
4.3698
4.3823
4.3947
4.407
4.4191
4.4311
4.4429
4.4546
4.4662
4.4776
4.4889
4.5001
4.5111
4.522
4.5328
4.5435
4.5541
4.5646
4.5749
4.5852
4.5953
